9.765319426336375175e-01
9.876901798063624227e-01
9.822959889349930362e-01
9.886524822695035297e-01
9.889314601958280049e-01
9.687542178431638451e-01
9.854321333520101867e-01
9.952545297670405411e-01
9.888526727509778791e-01
9.631396957123098401e-01
9.530638852672750350e-01
9.769848625270312059e-01
9.802339181286550129e-01
9.725658297611757819e-01
9.915696263949538292e-01
9.757496740547588754e-01
9.964539007092197975e-01
9.576406084188185952e-01
9.798497267759562757e-01
9.758899869032027219e-01
9.875124166311906038e-01
9.798387096774193727e-01
9.883125864453664589e-01
9.948036172222972651e-01
9.651884700665188666e-01
9.918751797526603742e-01
9.883790673264357673e-01
9.729694092827003704e-01
9.641691499929048170e-01
9.835884874464176919e-01
9.812763713080168149e-01
9.886603375527426296e-01
9.773224043715846854e-01
9.861379754996776326e-01
9.529933481152993435e-01
9.775948171143205023e-01
9.802931987503004096e-01
9.881285847672401923e-01
9.777972735861789610e-01
9.783221065523576288e-01
9.642764015645370890e-01
9.686184462303863985e-01
9.828407339963580736e-01
9.623243933588762067e-01
9.950547778454048586e-01
9.798291077181677800e-01
9.747718383311603230e-01
9.663247401808612302e-01
9.807377049180326933e-01
9.883966244725738148e-01
9.946645324796585808e-01
9.848871860366112951e-01
9.818306010928962158e-01
9.954684629516228345e-01
9.867947178871550040e-01
9.740239043824701071e-01
9.692946058091286288e-01
9.865484109386548628e-01
9.565597667638483514e-01
9.883040935672513516e-01
9.780081243871689978e-01
9.563411078717201086e-01
9.829856584093872307e-01
9.859571322985957176e-01
9.896840747904577240e-01
9.836685112700769285e-01
9.810051736881005846e-01
9.866264020707505855e-01
9.795081967213115082e-01
9.759336099585063096e-01
9.894119147850490847e-01
9.878748370273793267e-01
9.771364317841080283e-01
9.590643274853800637e-01
9.853639240506328889e-01
9.862865161372623701e-01
9.944661897691996488e-01
9.913853480879675217e-01
9.860979889323795433e-01
9.917220990391721891e-01
9.865892972275951411e-01
9.781777426160337408e-01
9.855932203389830004e-01
9.820848794063079534e-01
9.699537750385207602e-01
9.884357881923311329e-01
9.843815660456647354e-01
9.801349325337331830e-01
9.976991659476559526e-01
9.931751498915678544e-01
9.850342827004219259e-01
9.793529161345253531e-01
9.739442231075697842e-01
9.852979957805907407e-01
9.968658892128279270e-01
9.877176407072479902e-01
9.951502732240437021e-01
9.891393442622951060e-01
9.882619714552487444e-01
9.821920440714880796e-01
