1.000000000000000000e+00
9.917012448132780378e-01
1.000000000000000000e+00
1.000000000000000000e+00
1.000000000000000000e+00
9.958158995815900028e-01
1.000000000000000000e+00
9.959016393442623460e-01
1.000000000000000000e+00
1.000000000000000000e+00
9.957627118644067910e-01
1.000000000000000000e+00
9.955555555555555269e-01
1.000000000000000000e+00
9.956331877729257540e-01
9.957627118644067910e-01
1.000000000000000000e+00
1.000000000000000000e+00
1.000000000000000000e+00
1.000000000000000000e+00
9.917695473251029181e-01
9.959677419354838745e-01
1.000000000000000000e+00
9.958158995815900028e-01
9.837398373983740063e-01
1.000000000000000000e+00
1.000000000000000000e+00
9.957805907172996296e-01
9.958847736625514591e-01
1.000000000000000000e+00
1.000000000000000000e+00
1.000000000000000000e+00
1.000000000000000000e+00
1.000000000000000000e+00
9.959349593495935293e-01
1.000000000000000000e+00
1.000000000000000000e+00
1.000000000000000000e+00
9.958158995815900028e-01
1.000000000000000000e+00
9.957627118644067910e-01
1.000000000000000000e+00
1.000000000000000000e+00
9.958847736625514591e-01
9.919354838709677491e-01
1.000000000000000000e+00
1.000000000000000000e+00
9.916317991631798945e-01
9.958333333333333481e-01
1.000000000000000000e+00
1.000000000000000000e+00
1.000000000000000000e+00
1.000000000000000000e+00
1.000000000000000000e+00
9.957983193277311074e-01
1.000000000000000000e+00
9.958506224066390189e-01
9.959349593495935293e-01
1.000000000000000000e+00
9.959514170040485448e-01
1.000000000000000000e+00
9.918367346938775642e-01
1.000000000000000000e+00
9.918699186991869476e-01
9.957446808510638236e-01
9.958158995815900028e-01
9.959349593495935293e-01
1.000000000000000000e+00
1.000000000000000000e+00
1.000000000000000000e+00
9.957264957264957417e-01
1.000000000000000000e+00
9.956896551724138122e-01
9.959514170040485448e-01
9.957805907172996296e-01
1.000000000000000000e+00
1.000000000000000000e+00
9.958677685950413361e-01
1.000000000000000000e+00
9.918699186991869476e-01
1.000000000000000000e+00
1.000000000000000000e+00
9.957627118644067910e-01
1.000000000000000000e+00
1.000000000000000000e+00
1.000000000000000000e+00
1.000000000000000000e+00
1.000000000000000000e+00
9.959016393442623460e-01
9.957264957264957417e-01
9.957805907172996296e-01
1.000000000000000000e+00
1.000000000000000000e+00
1.000000000000000000e+00
1.000000000000000000e+00
9.958158995815900028e-01
1.000000000000000000e+00
9.958333333333333481e-01
1.000000000000000000e+00
9.957081545064377925e-01
