7.230769230769230616e-01
8.166666666666666519e-01
8.000000000000000444e-01
7.272727272727272929e-01
7.758620689655172376e-01
7.580645161290322509e-01
7.966101694915254106e-01
8.771929824561403022e-01
8.307692307692308153e-01
7.833333333333333259e-01
6.615384615384615197e-01
7.692307692307692735e-01
7.894736842105263275e-01
7.746478873239436291e-01
7.638888888888888395e-01
7.692307692307692735e-01
8.787878787878787845e-01
7.727272727272727071e-01
7.213114754098360892e-01
7.432432432432432012e-01
7.413793103448276245e-01
8.113207547169811740e-01
8.833333333333333037e-01
8.709677419354838745e-01
8.000000000000000444e-01
8.245614035087719396e-01
7.037037037037037202e-01
8.281250000000000000e-01
7.758620689655172376e-01
8.028169014084507449e-01
7.812500000000000000e-01
8.437500000000000000e-01
7.540983606557376540e-01
7.272727272727272929e-01
6.545454545454545414e-01
7.096774193548387455e-01
7.671232876712328341e-01
7.777777777777777901e-01
7.903225806451612545e-01
7.042253521126760063e-01
7.846153846153846034e-01
7.462686567164179552e-01
7.288135593220338437e-01
7.241379310344827624e-01
8.301886792452830566e-01
7.627118644067796271e-01
6.923076923076922906e-01
7.258064516129032473e-01
7.868852459016393297e-01
8.750000000000000000e-01
8.412698412698412787e-01
7.758620689655172376e-01
6.885245901639344135e-01
8.732394366197182567e-01
7.301587301587301182e-01
7.399999999999999911e-01
7.666666666666667185e-01
7.818181818181818565e-01
6.964285714285713969e-01
7.407407407407406996e-01
6.779661016949152241e-01
7.857142857142856984e-01
7.846153846153846034e-01
7.454545454545454808e-01
8.030303030303029832e-01
7.741935483870967527e-01
7.818181818181818565e-01
7.543859649122807154e-01
6.721311475409835756e-01
7.500000000000000000e-01
8.208955223880597396e-01
8.000000000000000444e-01
8.115942028985507761e-01
6.481481481481481399e-01
8.281250000000000000e-01
8.507462686567164312e-01
7.580645161290322509e-01
8.135593220338983578e-01
8.225806451612903691e-01
7.818181818181818565e-01
7.272727272727272929e-01
8.125000000000000000e-01
7.846153846153846034e-01
7.922077922077922496e-01
7.457627118644067910e-01
8.113207547169811740e-01
7.288135593220338437e-01
7.536231884057971175e-01
8.421052631578946901e-01
7.910447761194029370e-01
8.125000000000000000e-01
7.931034482758620996e-01
6.600000000000000311e-01
7.656250000000000000e-01
8.392857142857143016e-01
8.387096774193548709e-01
8.196721311475410054e-01
8.032786885245901676e-01
7.777777777777777901e-01
7.611940298507462455e-01
