9.902933563416738139e-01
9.855577047066408358e-01
9.759475218658891782e-01
9.831258644536652325e-01
9.922258019330438827e-01
9.959889349930842739e-01
9.773077461829386969e-01
9.837581209395303006e-01
9.854397634885440072e-01
9.922131147540983465e-01
9.938366718027735747e-01
9.872995600964948881e-01
9.871050934880721828e-01
9.897181478285879130e-01
9.896747199352139424e-01
9.788562508869023127e-01
9.825212579295451443e-01
9.806693989071038065e-01
9.660169915042479127e-01
9.752933507170795657e-01
9.882000255134584243e-01
9.886583679114799850e-01
9.776799505715167982e-01
9.698979591836733860e-01
9.863387978142076351e-01
9.844409282700422592e-01
9.899419729206963003e-01
9.785107446276861687e-01
9.866362451108214859e-01
9.759793052475980168e-01
9.918395573997234038e-01
9.850340136054420714e-01
9.819241982507288524e-01
9.877792772529614407e-01
9.777493606138107918e-01
9.884958297382800962e-01
9.759850445786597550e-01
9.960644677661169011e-01
9.908703590992088417e-01
9.775933609958505910e-01
9.861944777911164639e-01
9.861354581673306141e-01
9.743589743589743390e-01
9.766763848396500247e-01
9.861589488455161367e-01
9.883381924198251234e-01
9.821513944223108084e-01
9.637708891440235348e-01
9.918278602489128959e-01
9.827450980392156143e-01
9.836065573770491621e-01
9.922630560928432653e-01
9.831265839669200979e-01
9.814868804664722557e-01
9.793822162243215335e-01
9.832156862745097259e-01
9.954175905395417079e-01
9.691544434857636281e-01
9.919028340080972006e-01
9.829446064139941708e-01
9.851092896174863389e-01
9.729694092827003704e-01
9.946793002915451654e-01
9.778481012658228888e-01
9.927160666760049823e-01
9.644719687092568883e-01
9.676384839650145064e-01
9.940562833575934398e-01
9.736254980079681598e-01
9.800896624472573704e-01
9.852459016393442237e-01
9.793061472915398635e-01
9.933507170795305985e-01
9.934731012658227778e-01
9.936114732724903309e-01
9.814139941690962488e-01
9.885954381752701803e-01
9.884958297382802073e-01
9.907544877851262033e-01
9.887657058388765741e-01
9.948500651890481716e-01
9.759069897744782063e-01
9.868403293291942990e-01
9.766444937176643748e-01
9.781966001478196171e-01
9.892141756548535891e-01
9.629185007336268365e-01
9.836659275683665715e-01
9.651624804881508979e-01
9.862021857923497503e-01
9.733219809848161486e-01
9.886039886039885705e-01
9.924081169291897320e-01
9.917355371900826722e-01
9.805375347544021958e-01
9.650173611111111382e-01
9.808573540280857150e-01
9.852486870559159504e-01
9.933743169398907558e-01
9.918032786885245811e-01
9.878811072840923968e-01
9.903294651193811360e-01
9.833309987393192841e-01
9.829809566651672714e-01
9.820966350301985059e-01
9.731384307846077109e-01
9.928433268858800620e-01
9.803399852180340046e-01
9.651741293532338783e-01
9.873813093453274181e-01
9.820037105751391326e-01
9.857605614792820381e-01
9.872286079182630569e-01
9.859289617486337587e-01
9.876543209876542662e-01
9.825945241199478541e-01
9.693306010928961491e-01
9.880724582217119689e-01
9.805068226120857711e-01
9.777084601339014469e-01
9.749194068343003394e-01
9.623430962343095807e-01
9.760104302477183857e-01
9.912268862194628660e-01
9.921568627450980671e-01
9.819502074688797322e-01
9.909638554216867457e-01
9.924619640387275510e-01
9.721903303992855960e-01
9.633196721311475530e-01
9.912568306010929309e-01
9.962882980159266655e-01
9.736057896977436954e-01
9.798497267759562757e-01
9.878745752239728173e-01
9.816735822959890001e-01
9.820699708454809773e-01
9.898688046647230454e-01
9.958294717330862245e-01
9.880553864881314041e-01
9.862021857923497503e-01
9.843815660456647354e-01
9.806388526727509714e-01
9.814863102998696576e-01
9.579378774805866747e-01
9.646226415094339979e-01
9.733185513673318079e-01
9.787250996015937066e-01
9.871777567822919153e-01
9.733924611973392427e-01
9.926525715999399146e-01
9.954266006897585228e-01
9.782882756688612291e-01
9.950248756218904589e-01
9.826417704011065624e-01
9.924380704041720902e-01
9.872229465449804398e-01
9.825918762088974301e-01
9.859329446064140079e-01
9.832113102751830480e-01
9.866803278688524026e-01
9.871584699453551659e-01
9.850121728545344624e-01
9.738758929822104449e-01
9.875332679647009781e-01
9.816652286453839693e-01
9.818362423726407773e-01
9.930766889835667133e-01
9.861356932153391153e-01
9.852602818521714045e-01
9.684167903900661178e-01
9.752889931311777838e-01
9.766081871345029253e-01
9.947495388108416048e-01
9.952191235059761887e-01
9.744227580048474557e-01
9.816049529705918042e-01
9.732331223628691852e-01
9.788855572213893685e-01
9.822033898305084776e-01
9.846153846153846700e-01
9.912646675358539605e-01
9.688542083500066848e-01
9.842242503259452935e-01
9.886039886039885705e-01
9.818181818181818121e-01
9.750791139240506666e-01
9.822619554420320975e-01
9.760891159358593416e-01
9.705215419501134200e-01
9.785732133933033872e-01
9.876293297345929423e-01
9.787085025913992986e-01
9.923523206751054815e-01
9.886571056062581908e-01
9.808573540280857150e-01
9.901754385964911531e-01
9.806589302387621609e-01
9.685517613713052754e-01
9.826597131681877872e-01
9.916992846537994177e-01
9.876543209876542662e-01
9.830335501977293111e-01
9.875543559754086376e-01
9.927790525037116787e-01
9.842896174863389192e-01
9.786831812255540886e-01
9.937666339823505446e-01
9.812298641266283816e-01
9.759131435145239619e-01
9.754568494064292938e-01
9.881744271988174289e-01
9.943947779196821157e-01
9.757727088675934857e-01
9.669365721997301710e-01
9.833860759493671111e-01
9.941041127408685174e-01
9.735227424303054544e-01
9.846805736636246031e-01
9.911746804625685137e-01
9.865900383141763541e-01
9.927143778207607738e-01
9.860933730665530916e-01
9.879098360655738098e-01
9.922814207650274554e-01
9.876543209876542662e-01
9.927160666760050933e-01
9.881285847672403033e-01
9.892141756548535891e-01
9.792924935289042399e-01
9.876901798063623117e-01
9.868614112311591136e-01
9.939823008849557606e-01
9.733247052056370752e-01
9.832464146023467411e-01
9.892647513129441128e-01
9.806362378976487548e-01
9.696545284780579976e-01
9.934947299077733218e-01
9.905520313132676335e-01
9.813422995780591851e-01
9.856486796785304261e-01
9.851441241685143790e-01
9.680890538033395387e-01
9.817371297095197624e-01
9.873633879781420486e-01
9.859571322985957176e-01
9.908250455245832811e-01
9.877176407072479902e-01
9.593579234972677838e-01
9.845938375350140603e-01
9.895024446361805337e-01
9.750597609561753032e-01
9.792300669506999178e-01
9.889899789029535926e-01
9.840248962655602227e-01
9.925684485006518454e-01
9.841936774709885150e-01
9.820355191256829874e-01
9.754352030947774921e-01
9.848981077147015428e-01
9.919824038597985227e-01
9.823989569752281659e-01
9.820130118637582228e-01
9.900709219858155885e-01
9.899145538590838900e-01
9.811066126855599867e-01
9.865098039215686176e-01
9.836076030105881385e-01
9.892128279883382058e-01
9.838840298023970865e-01
9.684893419833178196e-01
9.918055750105057022e-01
9.811619211964337506e-01
9.902008422416586075e-01
9.825882352941176512e-01
9.793612724059580499e-01
9.723222622382285962e-01
9.919778077672815053e-01
9.802595628415300411e-01
9.903790087463556491e-01
9.932203389830508433e-01
9.925311203319501230e-01
9.836659275683665715e-01
9.910600255427841621e-01
9.912959381044488261e-01
9.746463090068637758e-01
9.639372362869198518e-01
9.810299869621903479e-01
9.728953634962880237e-01
9.754167250315169957e-01
9.834681424719738940e-01
9.758314855875831473e-01
9.785944551901998301e-01
9.872060857538036416e-01
9.834548104956267744e-01
9.708371985157698836e-01
9.803921568627450567e-01
9.723404255319149092e-01
9.832058779427200745e-01
9.672994488671157187e-01
9.866528354080221774e-01
9.720464135021097407e-01
9.863299351251157976e-01
9.779322445674180075e-01
9.883379672536298788e-01
9.875662711436505870e-01
9.834162520729684553e-01
9.763832658569500111e-01
9.922394678492240105e-01
9.777297880955594378e-01
9.814661134163208400e-01
9.726397679324894074e-01
9.938366718027734636e-01
9.881742738589210928e-01
9.928561423168511535e-01
9.832542194092827037e-01
9.939834024896265774e-01
9.853388658367912001e-01
9.890733645522917783e-01
9.853639240506328889e-01
9.831160365058669859e-01
9.732270916334662125e-01
9.849125364431486895e-01
9.680759275237273975e-01
9.793350717079530865e-01
9.775956284153005660e-01
9.868088866447867202e-01
9.846215139442230369e-01
9.767040552200173531e-01
9.916992846537994177e-01
9.964232689971656010e-01
9.800521512385920175e-01
9.852459016393442237e-01
9.937759336099585283e-01
9.897001303780965653e-01
9.820699708454809773e-01
9.840305892937472043e-01
9.883913764510778854e-01
9.842555105713001184e-01
9.927628778203489990e-01
9.765602530917457669e-01
9.909651211654293412e-01
9.880724582217119689e-01
9.877049180327868161e-01
9.952531645569620000e-01
9.821877309682187640e-01
9.952531645569620000e-01
9.736881005173687598e-01
9.812682215743440128e-01
9.903377967133293325e-01
9.711748633879782044e-01
9.882082254817371458e-01
9.842037395228884211e-01
9.795506185306739333e-01
9.895786474733841986e-01
9.921952603944941274e-01
9.733067729083665354e-01
9.926829268292682862e-01
9.730353375527426296e-01
9.884700665188470570e-01
9.890673505196383442e-01
9.900145772594752813e-01
9.973720608575380453e-01
9.777825711820534726e-01
9.883236556425145647e-01
9.854957805907172963e-01
9.796865489957395923e-01
9.811200408215332569e-01
9.727459016393442681e-01
9.714384508990318023e-01
9.825726141078838793e-01
9.811475409836065698e-01
9.878185907046477254e-01
9.796351824087955462e-01
9.898224043715847520e-01
9.843706777316736378e-01
9.848718307886259460e-01
9.839648077195970455e-01
9.828717201166180528e-01
9.928160919540229834e-01
9.884044526901669681e-01
9.855932203389830004e-01
9.877551020408162907e-01
9.891441378344306701e-01
9.874632301442779481e-01
9.851000425713067887e-01
9.806755934266586650e-01
9.930899608865709771e-01
9.941287623161020326e-01
9.756984309223115659e-01
9.783233383308345132e-01
9.772613693153422432e-01
9.890673505196382331e-01
9.817591204397800864e-01
9.708800690250216636e-01
9.838137472283813301e-01
9.834162520729684553e-01
9.778077672814514676e-01
9.770534550195567602e-01
9.753379350014380611e-01
9.764015645371577623e-01
9.748346275524878424e-01
9.844409282700421482e-01
9.739022881880025073e-01
9.812390336077744246e-01
9.880704041720991260e-01
9.818602045104356524e-01
9.889941690962098519e-01
9.899446618976920353e-01
9.717438448781732241e-01
9.747950819672130951e-01
9.775668679896462043e-01
9.703319502074688740e-01
9.768924302788845049e-01
9.854227405247812932e-01
9.819927971188475713e-01
9.865836791147994944e-01
9.654910096818810628e-01
9.927160666760050933e-01
9.769910337552742963e-01
9.654772937905468089e-01
9.704129416773095151e-01
9.886297376093293732e-01
9.914029214850883509e-01
9.920081967213114638e-01
9.847545652538114425e-01
9.925084955205436543e-01
9.916992846537994177e-01
9.860224208883212604e-01
9.749538810841492653e-01
9.901699926090169468e-01
9.728932988208225385e-01
9.836099585062241246e-01
9.819963257807715618e-01
9.861944777911164639e-01
9.912268862194627550e-01
9.859630179511404968e-01
9.902964638647457907e-01
9.856413994169095361e-01
9.746929410176812247e-01
9.843219029966018274e-01
9.869986168741354815e-01
9.740576496674058227e-01
9.916317991631800055e-01
9.700854700854700807e-01
9.837431693989070469e-01
9.683429051687911793e-01
9.842578710644678264e-01
9.861533779671333155e-01
9.863771817794806385e-01
9.838946723821186957e-01
9.904214559386972372e-01
9.864576993304929875e-01
9.846994535519125735e-01
9.860995850622407133e-01
9.800741427247451343e-01
9.818227720272658665e-01
9.869294605809127985e-01
9.855776892430279101e-01
9.906149320633141908e-01
9.907786885245901676e-01
9.708852005532503382e-01
9.867701404286770561e-01
9.819528329019269197e-01
9.808743169398906891e-01
9.764868603042876627e-01
9.748953974895397945e-01
9.880052151238591929e-01
9.984313725490194802e-01
9.860772976262934808e-01
9.877851261978674025e-01
9.653061224489796199e-01
9.761410788381743586e-01
9.955601092896173565e-01
9.935684647302904793e-01
9.929411764705882160e-01
9.852021941574180541e-01
9.908892128279883638e-01
9.836685112700769285e-01
9.915906127770535150e-01
9.869986168741355925e-01
9.905047476261868988e-01
9.767246937459702627e-01
9.921243082162621851e-01
9.847046413502109630e-01
9.788770414360912220e-01
9.930489944661897717e-01
9.800586901427237319e-01
9.763390139987827565e-01
9.658010500922378228e-01
9.857124633244036538e-01
9.918278602489127849e-01
9.953773113443278309e-01
9.799869621903519734e-01
9.872267759562840528e-01
9.752109704641349630e-01
9.970262793914246302e-01
9.735402808573541122e-01
9.896625316793384863e-01
9.915566907904072025e-01
9.900221729490021882e-01
9.586734693877552171e-01
9.908163265306122458e-01
9.900273224043716347e-01
9.900260756192960088e-01
9.829856584093872307e-01
9.835335402888378820e-01
9.737605485232067037e-01
9.954475416725032666e-01
9.804473524041388277e-01
9.833189531205062117e-01
9.884462151394421969e-01
9.882727425029318447e-01
9.892072708911892054e-01
9.943019943019942852e-01
9.928048472607927666e-01
9.785724421739747658e-01
9.901353965183752326e-01
9.882575246322040652e-01
9.843115282252415943e-01
9.810109289617486850e-01
9.938588203536239396e-01
9.860495436766623101e-01
9.737006496751624551e-01
9.926660914581535433e-01
9.911025145067697828e-01
9.940005274261602963e-01
9.925222893298820681e-01
9.907786885245901676e-01
9.874316939890710465e-01
9.885245901639344579e-01
9.758220502901353566e-01
9.770114942528735913e-01
9.891399416909620879e-01
9.811603650586701031e-01
9.903559947612809999e-01
9.777911164465786786e-01
9.902802322645796185e-01
9.852602818521714045e-01
9.841329335332333894e-01
9.931434599156118148e-01
9.655413923518700869e-01
9.767276855399460445e-01
9.864864864864865135e-01
9.781984007996002983e-01
9.844774273345702209e-01
9.922258019330438827e-01
9.905395417590538987e-01
9.892076502732239929e-01
9.720554888622114920e-01
9.772404900064474154e-01
9.681898510477152664e-01
9.820703179717047426e-01
9.886465110345706853e-01
9.906343124733929528e-01
9.738831151302469458e-01
9.898445160386609709e-01
9.851384105115449374e-01
9.931263858093126728e-01
9.695152739207270054e-01
9.735655737704917989e-01
9.896196002578981910e-01
9.951213080168777037e-01
9.907942787583688959e-01
9.650874635568513771e-01
9.718486286919831851e-01
9.938366718027734636e-01
9.673623756828687581e-01
9.864071038251366330e-01
9.841178721775736271e-01
9.936253471345619648e-01
9.880935705280852188e-01
9.869179600886917036e-01
9.844050258684404753e-01
9.889548093915677685e-01
9.843971631205674644e-01
9.906629318394024608e-01
9.934993084370677963e-01
9.824344023323615671e-01
9.919632606199770830e-01
9.792205924647685578e-01
9.778578097905828992e-01
9.750588235294117556e-01
9.872544609386714187e-01
9.552826691380909008e-01
9.912714097496706511e-01
9.955048409405256038e-01
9.849413298565841135e-01
9.765602530917457669e-01
9.766533864541833143e-01
9.792828685258962995e-01
9.860313815537695703e-01
9.721949852920577229e-01
9.755536381938452184e-01
9.867933271547729701e-01
9.911885245901639330e-01
9.922368088866447833e-01
9.907032538611485473e-01
9.856255904980429916e-01
9.940005274261602963e-01
9.702388986367931345e-01
9.754996776273372472e-01
9.847705696202532222e-01
9.890330552981154710e-01
9.889788573999099830e-01
9.743609251369446111e-01
9.747451343836885940e-01
9.918032786885245811e-01
9.847260792729108925e-01
9.769103201939023373e-01
9.963557835065460777e-01
9.791486914006327646e-01
9.890710382513661081e-01
9.950273147499649751e-01
9.694752109704641851e-01
9.866264020707506965e-01
9.898771764070726231e-01
9.913254241612451390e-01
9.785014899957428236e-01
9.567081604426002084e-01
9.838913013027034138e-01
9.655721226336069218e-01
9.875062468765617441e-01
9.754781420765028521e-01
9.841954022988506079e-01
9.900121473883114476e-01
9.905533063427799378e-01
9.746444032158319004e-01
9.869753003104332345e-01
9.939975990396158201e-01
9.928961748633879925e-01
9.879776021080368675e-01
9.833908541846420048e-01
9.850622406639004680e-01
9.775510204081632182e-01
9.719225449515905835e-01
9.927861044964281234e-01
9.840379008746356071e-01
9.880935705280851078e-01
9.927385892116181720e-01
9.808024158757548960e-01
9.890444309190505878e-01
9.907220398889169388e-01
9.896957123098201192e-01
9.913718723037101554e-01
9.828586853826427605e-01
9.917355371900826722e-01
9.768174814399775974e-01
9.854771784232364551e-01
9.891304347826086474e-01
9.859514687100894292e-01
9.914264597191426720e-01
9.783371575111350360e-01
9.909803921568627327e-01
9.748564224681328660e-01
9.915954615492365010e-01
9.742746615087041206e-01
9.839265212399540550e-01
9.821972002434571358e-01
9.838865836791148567e-01
9.817813765182186181e-01
9.628154946686462434e-01
9.872758438818565185e-01
9.806851311953352912e-01
9.808096372040902011e-01
9.948560930802204938e-01
9.914293248945147408e-01
9.900546294999299501e-01
9.825726141078837683e-01
9.765841959101235759e-01
9.633177238541222875e-01
9.712551687341604012e-01
9.843905207889882547e-01
9.938775510204082009e-01
9.655054644808743758e-01
9.836879432624113795e-01
9.972328650489569180e-01
9.897753092653370777e-01
9.855932203389831114e-01
9.732528041415013931e-01
9.950207468879667116e-01
9.864481339577125807e-01
9.860979889323795433e-01
9.811040626265352671e-01
9.864431486880466116e-01
9.907052646516247840e-01
9.883125864453664589e-01
9.723286504895700677e-01
9.883236556425145647e-01
9.940664556962025555e-01
9.923523206751054815e-01
9.863762102351313343e-01
9.794948204909890155e-01
9.745011086474502093e-01
9.725054062403459820e-01
9.886306846576711216e-01
9.979148691400633320e-01
9.906666666666665844e-01
9.796189942568988007e-01
9.779380865667460787e-01
9.799568092860035939e-01
9.924705882352939934e-01
9.786589297227594741e-01
9.806170886075948889e-01
9.959792260010051912e-01
9.794088807956297105e-01
9.965743440233236772e-01
9.864187763713080370e-01
9.977736549165120428e-01
9.832650273224042836e-01
9.925448148768638568e-01
9.778626880155263379e-01
9.903585657370517215e-01
9.750605944635795108e-01
9.849581382148432374e-01
9.899789029535864815e-01
9.905660377358491697e-01
9.945222154595252384e-01
9.891352549889136370e-01
9.897422054258335766e-01
9.821993670886075556e-01
9.885200553250346189e-01
9.843546284224250487e-01
9.866264020707505855e-01
9.730968218773097256e-01
9.695705900525176668e-01
9.887401095556908048e-01
9.778077672814515786e-01
9.830084957521239009e-01
9.743589743589743390e-01
9.895681707908782210e-01
9.859943977591036912e-01
9.788770414360912220e-01
9.879518072289157349e-01
9.876293865185559184e-01
9.793790546802595420e-01
9.851313969571231510e-01
9.850052481631428325e-01
9.910123669830314119e-01
9.933481152993347552e-01
9.845089903181190039e-01
9.732528041415012821e-01
9.898096909164529889e-01
9.865564251451652833e-01
9.900121473883114476e-01
9.787824261508470958e-01
9.911297852474322267e-01
9.787568306010929753e-01
9.906870022945066800e-01
9.822404371584699811e-01
9.787248232626384326e-01
9.781052886948082836e-01
9.811320754716981174e-01
9.725055432372506914e-01
9.889272361230946329e-01
9.849939975990396057e-01
9.826876685114231957e-01
9.611341632088520326e-01
9.786202185792348685e-01
9.731593942120257967e-01
9.808590102707750447e-01
9.877851261978674025e-01
9.755702523957349159e-01
9.833310838169794232e-01
9.827772628977448077e-01
9.773206751054852592e-01
9.936008052919182987e-01
9.986155063291138889e-01
9.826311899482631507e-01
9.769125683060109200e-01
9.836111500210114045e-01
9.870430032217397676e-01
9.905047476261868988e-01
9.820002801512817125e-01
9.882011605415860211e-01
9.650760719225449646e-01
9.856728098964906426e-01
9.812842361533780089e-01
9.815124771758978461e-01
9.869986168741355925e-01
9.923236514522821849e-01
9.870718050065876437e-01
9.839634941329855611e-01
9.791979010494752389e-01
9.819356540084388518e-01
9.829714772243508536e-01
9.713871308016877038e-01
9.926460288555819522e-01
9.812591703348005900e-01
9.938642123516073790e-01
9.641350210970464074e-01
9.891424619640387661e-01
9.890836653386453348e-01
9.806695615632441410e-01
9.849273042550352741e-01
9.904422788605697914e-01
9.871297095197009153e-01
9.835920177383592478e-01
9.979423868312757850e-01
9.967762733720180179e-01
9.752732240437158584e-01
9.798495813821483935e-01
9.948204909890734360e-01
9.792490118577075187e-01
9.822959889349931473e-01
9.879206212251940844e-01
9.909638554216867457e-01
9.936265583415043734e-01
9.758053072229316838e-01
9.736338797814207968e-01
9.889991371872304260e-01
9.922777028040186131e-01
9.896462467644520089e-01
9.619607843137255587e-01
9.702525867315885399e-01
9.756984309223115659e-01
9.814414900796328833e-01
9.849302744039586388e-01
9.807745504840940098e-01
9.912350597609560499e-01
9.869881362418675419e-01
9.764572495664932683e-01
9.811267205903220212e-01
9.826597305588902209e-01
9.754087552742616296e-01
9.895174050632911111e-01
9.856524427952999545e-01
9.833985693075988355e-01
9.797487065779748594e-01
9.806235799040645684e-01
9.835335402888378820e-01
9.788496652465003001e-01
9.793222683264176665e-01
9.904695783892957239e-01
9.941520467836257868e-01
9.763125927925496716e-01
9.931284357821089648e-01
9.883638427699730222e-01
9.883966244725738148e-01
9.802819013345329680e-01
9.840846994535519254e-01
9.880711941428932388e-01
9.791589363017934033e-01
9.891289849273042778e-01
9.829594477998274682e-01
9.824453551912568638e-01
9.699872286079183059e-01
9.718922229026332182e-01
9.766943291839558228e-01
9.958138214843195168e-01
9.843991350015446340e-01
9.782576098365571848e-01
9.749899959983993059e-01
9.929815089755702484e-01
9.889991371872304260e-01
9.625172890733056930e-01
9.778852353320439672e-01
9.915629322268326717e-01
9.683955739972337495e-01
9.937459703417150791e-01
9.825263438708816688e-01
9.956809286003509563e-01
9.868852459016392853e-01
9.928943937418513999e-01
9.872735116479723905e-01
9.894261766602192587e-01
9.755664421310471512e-01
9.819528329019270307e-01
9.873231545034317769e-01
9.938722294654498413e-01
9.901135348896542565e-01
9.821838304764476391e-01
9.775112443778111171e-01
9.939767474436195238e-01
9.839613391231264439e-01
9.774445893089960258e-01
9.908219732757457265e-01
9.861325115562404875e-01
9.825457641549595333e-01
9.845916795069338256e-01
9.857762469702768815e-01
9.783540802213002152e-01
9.771330034487929472e-01
9.933609958506224302e-01
9.582726831635127729e-01
9.841805368121157027e-01
9.676078431372550082e-01
9.793731778425656120e-01
9.869545659019343109e-01
9.770275949012465766e-01
9.880669831223628519e-01
9.878048780487804770e-01
9.881225536509650187e-01
9.819528329019270307e-01
9.853687315634218624e-01
9.865836791147994944e-01
9.828551912568306292e-01
9.887834339948231577e-01
9.838475738396624815e-01
9.836427267194156610e-01
9.841392649903287770e-01
9.819302423308586825e-01
9.958677685950413361e-01
9.960234680573663013e-01
9.812686249467859056e-01
9.835071707953064735e-01
9.906282801019643536e-01
9.878834570668160175e-01
9.833981211532232258e-01
9.905962384953981292e-01
9.831265839669200979e-01
9.786998616874135193e-01
9.912863070539419397e-01
9.863945578231292366e-01
9.874414644529587726e-01
9.812615955473098506e-01
9.664087685364282088e-01
9.847053531264058357e-01
9.842682140554481762e-01
9.853639240506328889e-01
9.909281751387014614e-01
9.845261121856865305e-01
9.870748299319727082e-01
9.951980792316926783e-01
9.792688051547835393e-01
9.888483965014577270e-01
9.900874635568512883e-01
9.969183359013866763e-01
9.688796680497925307e-01
9.910380399742101387e-01
9.864666258420085043e-01
9.833384053560561000e-01
9.703738696180321810e-01
9.891764705882353237e-01
9.906126482213438722e-01
9.666666666666666741e-01
9.859675979078963426e-01
9.814389590508993955e-01
9.833908541846418938e-01
9.974894719792679609e-01
9.788230884557722611e-01
9.918634120314793190e-01
9.925500212856533944e-01
9.696793002915451432e-01
9.746254555270617015e-01
9.881314668289714609e-01
9.799010513296227964e-01
9.779799578059071852e-01
9.768442622950819221e-01
9.955175794929261857e-01
9.773077461829386969e-01
9.952185792349727000e-01
9.827931172468986620e-01
9.793731778425656120e-01
9.783246631986127761e-01
9.658869395711500161e-01
9.775933609958504800e-01
9.873231545034318879e-01
9.820821748532592155e-01
9.907762168298567262e-01
9.680709534368070468e-01
9.803921568627451677e-01
9.939688390015077868e-01
9.820490989073364929e-01
9.907966637906241436e-01
9.844409282700421482e-01
9.905520313132676335e-01
9.850182210824672824e-01
9.986168741355463396e-01
9.711836955054663489e-01
9.857354028085734132e-01
9.896625316793383753e-01
9.880952380952381375e-01
9.857571214392804038e-01
9.881355932203389481e-01
9.792300669506999178e-01
9.920696324951644440e-01
9.761871410561703266e-01
9.722541140451588237e-01
9.761410788381742476e-01
9.692254495159058347e-01
9.862329599136185898e-01
9.817427385892116831e-01
9.882513661202185773e-01
9.867053583479551415e-01
9.826597305588902209e-01
9.778602350030921597e-01
9.815703105276445406e-01
9.820015822784811110e-01
9.897230320699708095e-01
9.818039215686275023e-01
9.886306846576711216e-01
9.811953352769680059e-01
9.858921161825726642e-01
9.792325949367088889e-01
9.813559322033897914e-01
9.867014341590613080e-01
9.897281433426011743e-01
9.925311203319502340e-01
9.845261121856865305e-01
9.831578947368420085e-01
9.815524336597133415e-01
9.922814207650272333e-01
9.876330169686511340e-01
9.851047715223427703e-01
9.891038039974210383e-01
9.765150492644082414e-01
9.598155467720684841e-01
9.684972328650490736e-01
9.664449371766444807e-01
9.847457627118644252e-01
9.818216609261384287e-01
9.752732240437158584e-01
9.739718147828586581e-01
9.882801265458729389e-01
9.933864219192873879e-01
9.857354028085735242e-01
9.740400561296084225e-01
9.823355506282335226e-01
9.900666950475378592e-01
9.730460302749458501e-01
9.911183194315724698e-01
9.897265336289726712e-01
9.825819672131148597e-01
9.904138770541692782e-01
9.841098648259993809e-01
9.914553859083905518e-01
9.850290903930750686e-01
9.924841772151898889e-01
9.824249846907532335e-01
9.954356846473029208e-01
9.809037900874635341e-01
9.886274509803920640e-01
9.887895558393642315e-01
9.799562682215743337e-01
9.861176470588235432e-01
9.846133081387502539e-01
9.807666351734377619e-01
9.821993670886075556e-01
9.876140808344198163e-01
9.826530612244899210e-01
9.766292511308427571e-01
9.753428270042193704e-01
9.781467291045835566e-01
9.879793061472915694e-01
9.900221729490021882e-01
9.792828685258964105e-01
9.907550077041602510e-01
9.701244813278008250e-01
9.931263515600864400e-01
9.696545284780578866e-01
9.819781467291045507e-01
9.690684133915574705e-01
9.756844850065188313e-01
9.875564152159896913e-01
9.927113702623906466e-01
9.870657797487065732e-01
9.782268578878748899e-01
9.849043715846994562e-01
9.868328897604706773e-01
9.870121308016877038e-01
9.809037900874635341e-01
9.915966386554621037e-01
9.960454414725337102e-01
9.807305148116193250e-01
9.785396139829937168e-01
9.864612511671334572e-01
9.720139930034983333e-01
9.759751653394520554e-01
9.818563502774029228e-01
9.927385892116182831e-01
9.862244897959182577e-01
9.683633116468937096e-01
9.938763012859768153e-01
9.803596127247580228e-01
9.728720146968767857e-01
9.913965586234494420e-01
9.929536957146966047e-01
9.844050258684404753e-01
9.899578879170716217e-01
9.847046413502109630e-01
9.867728438385747758e-01
9.924564796905223085e-01
9.841107871720116140e-01
9.680005676174259222e-01
9.830861909175162561e-01
9.864933097702600628e-01
9.937913348630044164e-01
9.832552859372782894e-01
9.846617173273567447e-01
9.847078514911746794e-01
9.945355191256830540e-01
9.959183673469387266e-01
9.748875562218890511e-01
9.876385336743392918e-01
9.826221397649969047e-01
9.918165917041479318e-01
9.885284810126582222e-01
9.904656319290465749e-01
9.831265839669200979e-01
9.768442622950819221e-01
9.920391916717696823e-01
9.677419354838709964e-01
9.915954615492366120e-01
9.739254673175378185e-01
9.914857386121754823e-01
9.962395345537107261e-01
9.890710382513661081e-01
9.640302334997974398e-01
9.787549407114625177e-01
9.847078514911746794e-01
9.834660547982184697e-01
9.767103347889374287e-01
9.887654632668517740e-01
9.730196078431372353e-01
9.843579234972678060e-01
9.950207468879668227e-01
9.885766993046686268e-01
9.758369519540551762e-01
9.801920768307323950e-01
9.873614190687362013e-01
9.908685648547598257e-01
9.787915166066425421e-01
9.838938555413651033e-01
9.836111500210114045e-01
9.802352941176470935e-01
9.848718307886258350e-01
9.966653327997865297e-01
9.805084745762712162e-01
9.949804432855280378e-01
9.892623716153128299e-01
9.921121251629725357e-01
9.705205637043428091e-01
9.697046200454431109e-01
9.768578878748370720e-01
9.816500910491665621e-01
9.841329335332333894e-01
9.745750184774575331e-01
9.831909230984732240e-01
9.877732240437158140e-01
9.799869621903519734e-01
9.770973668095529474e-01
9.857923497267759849e-01
9.901947051407760103e-01
9.787785404118224397e-01
9.719225449515905835e-01
9.902489626556016944e-01
9.846807936293697772e-01
9.676912568306010876e-01
9.903872752420470604e-01
9.756286266924565354e-01
9.704234972677595605e-01
9.841112869198312962e-01
9.817732468334877671e-01
9.769848625270312059e-01
9.735422740524781737e-01
9.769907963185274768e-01
9.853097345132743046e-01
9.879951980792317512e-01
9.843015214384509548e-01
9.922538730634682391e-01
9.847677595628415714e-01
9.895769933049300970e-01
9.865900383141762431e-01
9.948979591836734082e-01
9.914602346805736488e-01
9.846033773236839703e-01
9.789358600583091263e-01
9.930353093618400351e-01
9.941287623161020326e-01
9.757236227824462871e-01
9.577940753523153106e-01
9.862568715642178185e-01
9.632204076123633829e-01
9.870250231696015009e-01
9.829594477998274682e-01
9.898774983881366563e-01
9.874135546334716906e-01
9.802660753880265698e-01
9.887186036611324003e-01
9.835276967930030034e-01
9.840940525587827947e-01
9.703214619181006473e-01
9.758825319537431930e-01
9.826562289107843018e-01
9.747232226223823126e-01
9.798850574712643091e-01
9.953983318953120163e-01
9.851775956284152258e-01
9.936641323195944953e-01
9.863754889178617535e-01
9.862294583079732613e-01
9.963784183296378050e-01
9.864754098360655199e-01
9.815717141429285419e-01
9.937666339823504336e-01
9.921968787515005328e-01
9.941908713692946264e-01
9.864827006583555269e-01
9.883301096067054203e-01
9.845916795069336036e-01
9.749022164276401892e-01
9.840313769435495850e-01
9.727272727272726627e-01
9.780774550484092611e-01
9.914632519674536626e-01
9.766321541558815600e-01
9.783469945355192099e-01
9.840540885317005104e-01
9.950973525703878941e-01
9.956515219673114370e-01
9.854287556415215477e-01
9.870789957134109560e-01
9.886524822695035297e-01
9.755378486055776843e-01
9.935578517668069987e-01
9.788855572213893685e-01
9.911656118143460370e-01
9.839648077195970455e-01
9.908250455245832811e-01
9.810511756569848529e-01
9.984922097503770022e-01
9.880235327076620777e-01
9.704131444219550318e-01
9.851313969571230400e-01
9.770824464311054225e-01
9.811603650586699921e-01
9.869141813755325510e-01
9.957647058823528852e-01
9.921557641126208527e-01
9.811445147679325185e-01
9.933027171833141988e-01
9.667130058696323802e-01
9.940872135994087699e-01
9.897653194263363874e-01
9.797076770256847311e-01
9.730191256830600377e-01
9.933060109289617579e-01
9.776623026049399146e-01
9.885267275097784356e-01
9.918342556350384642e-01
9.852589641434262857e-01
9.875151842353893095e-01
9.815214265171124941e-01
9.873339511893728382e-01
9.841067120760608189e-01
9.929245283018868218e-01
9.833655705996131591e-01
9.830219641504670536e-01
9.862021857923497503e-01
9.777919682134241786e-01
9.754352030947776031e-01
9.912019298992479355e-01
9.858805165318574870e-01
9.797543528141450242e-01
9.866928141196245061e-01
9.821403557921277727e-01
9.821685360943341880e-01
9.815926370548220259e-01
9.771784232365146039e-01
9.738758929822104449e-01
9.805490196078431309e-01
9.885766993046685158e-01
9.869511440940011981e-01
9.746414602346805678e-01
9.799628942486086070e-01
9.918404995033347493e-01
9.924611973392460929e-01
9.801592657578621637e-01
9.768240879560220469e-01
9.589941972920696944e-01
9.877647058823528781e-01
9.595099935525467361e-01
9.889411764705882124e-01
9.827988338192419349e-01
9.857549857549857686e-01
9.859445519019987003e-01
9.847545652538113314e-01
9.804342337793486850e-01
9.939405297351324720e-01
9.919438285291943824e-01
9.941520467836257868e-01
9.795722182167747594e-01
9.829261708732621727e-01
9.920189818809318494e-01
9.895787139689578016e-01
9.856935654008438519e-01
9.859445519019987003e-01
9.920451034908865928e-01
9.813925570228091422e-01
9.845628415300545777e-01
9.727272727272726627e-01
9.901924037981009175e-01
9.919521912350597326e-01
9.815597667638483736e-01
9.809312638580931498e-01
9.890673505196383442e-01
9.942270205428099805e-01
9.745254133496631388e-01
9.841832963784182819e-01
9.893487522824102598e-01
9.823329076202638177e-01
9.850746268656715987e-01
9.882082254817370348e-01
9.831967213114753967e-01
9.971655328798185725e-01
9.914029214850883509e-01
9.894722634633554836e-01
9.915566907904073135e-01
9.770569620253164445e-01
9.605117565698478854e-01
9.713088330109606039e-01
9.812682215743440128e-01
9.836010257794575162e-01
9.955671447196871027e-01
9.864745011086475390e-01
9.932753164556962222e-01
9.826530612244896989e-01
9.638522075496865904e-01
9.843905207889882547e-01
9.827006583555120134e-01
9.950273147499650861e-01
9.712552742616032964e-01
9.906057661159701766e-01
9.894125683060108756e-01
9.774445893089961368e-01
9.914723032069971964e-01
9.694917833231893045e-01
9.836005830903788993e-01
9.890710382513661081e-01
9.710574894514768518e-01
9.688858899385215384e-01
9.914246196403873057e-01
9.891965916007303683e-01
9.863945578231292366e-01
9.818126148193508929e-01
9.812081558125380631e-01
9.877551020408164018e-01
9.781912765106043350e-01
9.602192134107028210e-01
9.830611418545013303e-01
9.620405846459486598e-01
9.831950207468879155e-01
9.690648502909039452e-01
9.934426229508197537e-01
9.574315514993482212e-01
9.834548104956266634e-01
9.747416762342135943e-01
9.368794326241134396e-01
9.970954356846473132e-01
9.830174927113702887e-01
9.840940525587827947e-01
9.658399269628727968e-01
9.732240437158470314e-01
9.613450292397660579e-01
9.946038251366120519e-01
9.783365570599613648e-01
9.822804314329738329e-01
9.945146064549049703e-01
9.864431486880466116e-01
9.853386454183266085e-01
9.940020992652571774e-01
9.868340477648499531e-01
9.899221839520346844e-01
9.664941041127408372e-01
9.615332703468754127e-01
9.593294460641399457e-01
9.802331170391733739e-01
9.742220464135020741e-01
9.682529664226205979e-01
9.824748119767277021e-01
9.877768190969227202e-01
9.840305892937473153e-01
9.927971188475390729e-01
9.920857262921978226e-01
9.876501552166284670e-01
9.765214704973741444e-01
9.878634943523192380e-01
9.883966244725738148e-01
9.810299869621903479e-01
9.890622915833000572e-01
9.867280245431506724e-01
9.643415906127770221e-01
9.811224489795917769e-01
9.760083970610285986e-01
9.872544609386714187e-01
9.800128949065118888e-01
9.746188641313453527e-01
9.794960474308300746e-01
9.841590612777053604e-01
9.912863070539419397e-01
9.685530186300602695e-01
9.879448909299656245e-01
9.894990776216829875e-01
9.907156673114119183e-01
9.916271097046414074e-01
9.838222605694564304e-01
9.883966244725739259e-01
9.814814814814815103e-01
9.889955982392957257e-01
9.715099715099715372e-01
9.890710382513661081e-01
9.923526765632029178e-01
9.919456506513517624e-01
9.930466865332765458e-01
9.798387096774193727e-01
9.797305572565829790e-01
9.913633966244725926e-01
9.758263824528884411e-01
9.883665338645417631e-01
9.875488917861798832e-01
9.794326241134752031e-01
9.895045632333768770e-01
9.857122846337020849e-01
9.914361001317523181e-01
9.804184207169281962e-01
9.844614729672200859e-01
9.937022042285200696e-01
9.852549019607843572e-01
9.733056708160442438e-01
9.815597667638484847e-01
9.780876494023904577e-01
9.770739630184908098e-01
9.883597078514911871e-01
9.611155378486055945e-01
9.868705591597157767e-01
9.791354322838581314e-01
9.879285047352274196e-01
9.841682127396412794e-01
9.762897744825456137e-01
9.929460580912863321e-01
9.914794243877809166e-01
9.881147540983606925e-01
9.885944092827003704e-01
9.844614729672200859e-01
9.858195902048976222e-01
9.926819620253164445e-01
9.901198574667962049e-01
9.901947051407761213e-01
9.871050934880721828e-01
9.867728438385747758e-01
9.745891661594643374e-01
9.891567802015562849e-01
9.632495164410057598e-01
9.809923969587834858e-01
9.876714135021097407e-01
9.810790835181080194e-01
9.777322404371584508e-01
9.951673903908110352e-01
9.846131722749495996e-01
9.946045824094604804e-01
9.863387978142076351e-01
9.929971988795517346e-01
9.719738895984106897e-01
9.874736286919831851e-01
9.927401915353722961e-01
9.927595628415299966e-01
9.899031811894881683e-01
9.850702143385070553e-01
9.825801565261297332e-01
9.822404371584699811e-01
9.730371009490941248e-01
9.937614120511260030e-01
9.736001217285453757e-01
9.825801749271135810e-01
9.940612768254825093e-01
9.898956975228161426e-01
9.839135021097047407e-01
9.713186664867052844e-01
9.904518329070759464e-01
9.920765027322403506e-01
9.784836065573769837e-01
9.856728098964907536e-01
9.824539257763190703e-01
9.863818090954522555e-01
9.867620206938527705e-01
9.945089623832366055e-01
9.797076770256847311e-01
9.921545358649789259e-01
9.783325835957414895e-01
9.891038039974210383e-01
9.924312635156008477e-01
9.843274497869750617e-01
9.905448942428911607e-01
9.691655801825294070e-01
9.866378728573357293e-01
9.855191256830601043e-01
9.845916795069337146e-01
9.821138211382114402e-01
9.762007477710670234e-01
9.808286951144093990e-01
9.714887102946804243e-01
9.938129863502997985e-01
9.776792313377679067e-01
9.794530672579453423e-01
9.883790673264356563e-01
9.797600210970464074e-01
9.892152689087554407e-01
9.816439465514914531e-01
9.660219213410702332e-01
9.813751754050261678e-01
9.778688524590164466e-01
9.825945241199478541e-01
9.951644100580270269e-01
9.984691924990433121e-01
9.871720116618076801e-01
9.822681464472509116e-01
9.759036144578313587e-01
9.889830508474576343e-01
9.870780590717299630e-01
9.745325596389426970e-01
9.818181818181818121e-01
9.718579234972677394e-01
9.916291854072963874e-01
9.905475880052151405e-01
9.721742881794650515e-01
9.863528481012657778e-01
9.819528329019269197e-01
9.873851806491120708e-01
9.795892333205765690e-01
9.802942367391010992e-01
9.851047715223428813e-01
9.842565597667638500e-01
9.802215189873417778e-01
9.942642405063291111e-01
9.766882960826723803e-01
9.890538033395175344e-01
9.874900398406374347e-01
9.915983606557376984e-01
9.901107594936708889e-01
9.811529933481153432e-01
9.896530736457700428e-01
9.897653194263363874e-01
9.853642811089620146e-01
9.873222016079158392e-01
9.841014147639725040e-01
9.804342337793485740e-01
9.785295026258881146e-01
9.814471243042670601e-01
9.745825602968459789e-01
9.930367504835588832e-01
9.827868852459016313e-01
9.805459880086745406e-01
9.920765027322404617e-01
9.864754098360655199e-01
9.769916594765603035e-01
9.666666666666665630e-01
9.852418860992038230e-01
9.825801565261297332e-01
9.847260792729108925e-01
9.915643136725603712e-01
9.814342629482072367e-01
9.808129260287805629e-01
9.772153496591768906e-01
9.835666463785757152e-01
9.671282798833817917e-01
9.930735930735931083e-01
9.835382513661203863e-01
9.918404995033347493e-01
9.752417794970986709e-01
9.813751754050261678e-01
9.777254901960783506e-01
9.917209908735331592e-01
9.939207650273224059e-01
9.829809566651672714e-01
9.806010928961748085e-01
9.875092387287509599e-01
9.899859675979079121e-01
9.802587701747365045e-01
9.797372060857537646e-01
9.832224685883221849e-01
9.883649724433557493e-01
9.727552878554419635e-01
9.846281413445593378e-01
9.752915451895043386e-01
9.726533628972653389e-01
9.855280312907430673e-01
9.950899031811895057e-01
9.955533596837945476e-01
9.874173137762438657e-01
9.834520042194092593e-01
9.793061472915398635e-01
9.841568627450980600e-01
9.818854445720117674e-01
9.849418686090488650e-01
9.749316939890710909e-01
9.898202166924634504e-01
9.907550077041602510e-01
9.736767418759755266e-01
9.833310838169794232e-01
9.865437158469945178e-01
9.576398260608787183e-01
9.868028948488718477e-01
9.726345778977358858e-01
9.900912646675359419e-01
9.650205761316872355e-01
9.892438070404172556e-01
9.789688818565400741e-01
9.918442671746636741e-01
9.743120424135320867e-01
9.919028340080972006e-01
9.751900760304121896e-01
9.741024549453668469e-01
9.915254237288135819e-01
9.793791574279380185e-01
9.793625498007968444e-01
9.905063291139240000e-01
9.749999999999999778e-01
9.687210379981464614e-01
9.956967213114754633e-01
9.813278008298755850e-01
9.840540885317005104e-01
9.920470262793914529e-01
9.876311844077960700e-01
9.654416505480335475e-01
9.894125683060108756e-01
9.801521438450897517e-01
9.795108519598315633e-01
9.906705539358601209e-01
9.898584003061614567e-01
9.930758017492711254e-01
9.841067120760607079e-01
9.873802132541503740e-01
9.895397489539748959e-01
9.871369294605809586e-01
9.951213080168777037e-01
9.900414937759336453e-01
9.898096909164529889e-01
9.845458226481307307e-01
9.816703621581670536e-01
9.842211562736682406e-01
9.904628518073896881e-01
9.871366728509585187e-01
9.926919256421171678e-01
9.885879488740110244e-01
9.964232689971656010e-01
9.860655737704918655e-01
9.783750386160025014e-01
9.898626117113512590e-01
9.781649421789410104e-01
9.849024261603376296e-01
9.751773049645389158e-01
9.848718307886257239e-01
9.877961662102632268e-01
9.821081999029597220e-01
9.847457627118644252e-01
9.873931923238549180e-01
9.855874316939889912e-01
9.850996015936255290e-01
9.714285714285714191e-01
9.703048605119356518e-01
9.903688524590164022e-01
9.920765027322404617e-01
9.798586101107110702e-01
9.836065573770491621e-01
9.856614929785660895e-01
9.829594477998273572e-01
9.952663468821004722e-01
9.876832492189377977e-01
9.941868609048887251e-01
9.870901639344262790e-01
9.880010548523207037e-01
9.858039215686273948e-01
9.873454127121081836e-01
9.939405536420461429e-01
9.894305435720449626e-01
9.936437546193643833e-01
9.901998710509349877e-01
9.798495813821483935e-01
9.717079530638852436e-01
9.885949520853017924e-01
9.927595628415299966e-01
9.853321829163070866e-01
9.878818480181771333e-01
9.960580912863070679e-01
9.885245901639343469e-01
9.779322445674178965e-01
9.565532700421941481e-01
9.874135546334716906e-01
9.821211199026171901e-01
9.797238999137187765e-01
9.869351173945972722e-01
9.841580408987629092e-01
9.805084745762711051e-01
9.675979078964151991e-01
9.801418439716311770e-01
9.867486338797814005e-01
9.894125683060108756e-01
9.847677595628416825e-01
9.867620206938527705e-01
9.806170886075949999e-01
9.644796380090497889e-01
9.929971988795518456e-01
9.772792637331032539e-01
9.895643647569687396e-01
9.918725099601594097e-01
9.849726775956284541e-01
9.888396156688838978e-01
9.916276429686391447e-01
9.766991504247876099e-01
9.721991701244812045e-01
9.860012172854535351e-01
9.831265839669200979e-01
9.752857584182884620e-01
9.890622915832999462e-01
9.856935654008438519e-01
9.850606909430438263e-01
9.723404255319149092e-01
9.913168415792104060e-01
9.810365771359158549e-01
9.860310421286030413e-01
9.804594481019750507e-01
9.881329113924051111e-01
9.769628881595556757e-01
9.778005464480874487e-01
9.878745752239728173e-01
9.878787878787878007e-01
9.907550077041602510e-01
9.800834052343975200e-01
9.702354176038386901e-01
9.713968957871396137e-01
9.857370517928287779e-01
9.888639865527385497e-01
9.759076798488324211e-01
9.691655801825294070e-01
9.812545061283346470e-01
9.864406779661016866e-01
9.857511283043196570e-01
9.879793061472914584e-01
9.863062296012486962e-01
9.849683544303797778e-01
9.669699367088607778e-01
9.881363244176013527e-01
9.898956975228161426e-01
9.810897884857823215e-01
9.804878048780488742e-01
9.861944027986007111e-01
9.884620514872615171e-01
9.802215189873417778e-01
9.869078148198138223e-01
9.876822157434401728e-01
9.852180339985218138e-01
9.687875150060023532e-01
9.944606413994168115e-01
9.835059760956175179e-01
9.963556851311954343e-01
9.930638922235560662e-01
9.949623953455370984e-01
9.797131147540983909e-01
9.840445269016697694e-01
9.766763848396501357e-01
9.813278008298754740e-01
9.965942954448701041e-01
9.918032786885246921e-01
9.856255904980429916e-01
9.841714525843955341e-01
9.902216427640155860e-01
9.656573705179283262e-01
9.768524767175057466e-01
9.888622115512872845e-01
9.925775978407557210e-01
9.910351589858523713e-01
9.600506869414432431e-01
9.876259727005995970e-01
9.787891860799540211e-01
9.917349726775956942e-01
9.928562316622018269e-01
9.757693413862524867e-01
9.956140350877192846e-01
9.820121181519817499e-01
9.906617192331478305e-01
9.816289038579302240e-01
9.735227424303054544e-01
9.731090020132298068e-01
9.827006583555120134e-01
9.865029018760966828e-01
9.676292194092827037e-01
9.834637717748043739e-01
9.835900025246150369e-01
9.845727848101265556e-01
9.975553638193845885e-01
9.918762088974855118e-01
9.828156456715559930e-01
9.877973432190300107e-01
9.856573705179282330e-01
9.805817963712701868e-01
9.854040839804428797e-01
9.843270641589969561e-01
9.840354767184035234e-01
9.660442600276625269e-01
9.843092231151933102e-01
9.745762711864406347e-01
9.745089218773429485e-01
9.804644808743169238e-01
9.784063745019920821e-01
9.855300644774329655e-01
9.799719351958157132e-01
9.909836065573770503e-01
9.835057729794571824e-01
9.800896624472574814e-01
9.737288135593220595e-01
9.899598393574297051e-01
9.748829289059174341e-01
9.625880941670414970e-01
9.829594477998274682e-01
9.828407339963580736e-01
9.892141756548537002e-01
9.878834570668161286e-01
9.851708575112830824e-01
9.846131722749495996e-01
9.860766961651917795e-01
9.945029239766081108e-01
9.855191256830599933e-01
9.932063314189661929e-01
9.895291449913298232e-01
9.758196721311475086e-01
9.908703590992088417e-01
9.946771256478498247e-01
9.834162520729685664e-01
9.870157513835675633e-01
9.799967606090054240e-01
9.864332096474954792e-01
9.818810511756569381e-01
9.757052233769740734e-01
9.837306942570100965e-01
9.803278688524589279e-01
9.796281645569620000e-01
9.891764705882353237e-01
9.861687413554632853e-01
9.920156884717747925e-01
9.713861519773248077e-01
9.793935332551515494e-01
9.763729246487866664e-01
9.910630919034280062e-01
9.857635893011216233e-01
9.843294460641398569e-01
9.957264957264956307e-01
9.872531166830089688e-01
9.726270667483160048e-01
9.925351071692534166e-01
9.799215686274509451e-01
9.811715481171547903e-01
9.780578898225956719e-01
9.806356245380635217e-01
9.770574896625316974e-01
9.793018983466013072e-01
9.785714285714286476e-01
9.956175298804781360e-01
9.914937759336099887e-01
9.792819543798083615e-01
9.866264020707506965e-01
9.699355225671015823e-01
9.907052646516247840e-01
9.821838304764476391e-01
9.742738589211618061e-01
9.902439024390243816e-01
9.845216416865106845e-01
9.948132780082987736e-01
9.755186721991701004e-01
9.878748370273794377e-01
9.825280414150130426e-01
9.863529411764705435e-01
9.916666666666666963e-01
9.893481311391758570e-01
9.787606196901549316e-01
9.811475409836065698e-01
9.874414644529586615e-01
9.940962099125364437e-01
9.829875518672199775e-01
9.818090307736554445e-01
9.946421737466513147e-01
9.814868804664722557e-01
9.813603164942179546e-01
9.868421052631579649e-01
9.740239043824701071e-01
9.904232313870868776e-01
9.677610759493671111e-01
9.800115041702617269e-01
9.939207650273224059e-01
9.920222634508348847e-01
9.897540983606557541e-01
9.821038251366120964e-01
9.890041493775932890e-01
9.887834339948231577e-01
9.894281254434511563e-01
9.833985693075988355e-01
9.900273224043716347e-01
9.810653875284018888e-01
9.869116698903932505e-01
9.861277844471122433e-01
9.765027322404371546e-01
9.744271988174426635e-01
9.894047779727358494e-01
9.793350717079530865e-01
9.943262411347517649e-01
9.847891946478162239e-01
9.857943177270908075e-01
9.941287623161019216e-01
9.799999999999999822e-01
9.808590102707749336e-01
9.854548034624663888e-01
9.770470664087685941e-01
9.931693989071037620e-01
9.782139775668680093e-01
9.841073781291173050e-01
9.893196202531645556e-01
9.900956284153006326e-01
9.921161825726141359e-01
9.927568366592757210e-01
9.817407181984175724e-01
9.920696324951643330e-01
9.747084548104956170e-01
9.816943380161771149e-01
9.920177383592018172e-01
9.710601289548657089e-01
9.825930372148858893e-01
9.711152301513747975e-01
9.890041493775934001e-01
9.803935860058308194e-01
9.889919604205318349e-01
9.869078148198137113e-01
9.822685788787484107e-01
9.909281751387014614e-01
9.778688524590163356e-01
9.816939890710382199e-01
9.895573997233748642e-01
9.949740325012563780e-01
9.805148116192119456e-01
9.832963784183296196e-01
9.896747199352139424e-01
9.875831485587582836e-01
9.846209912536443287e-01
9.819241982507287414e-01
9.949623953455370984e-01
9.943238257414502845e-01
9.881541460488828532e-01
9.658469945355190323e-01
9.805255435507536088e-01
9.867280245431505614e-01
9.955175794929261857e-01
9.828407339963579625e-01
9.760428882559892827e-01
9.869986168741355925e-01
9.694427434170238556e-01
9.885696632684584095e-01
9.906421180766891155e-01
9.762726488352027054e-01
9.916666666666666963e-01
9.911530964162542645e-01
9.736151603498541807e-01
9.704810495626822187e-01
9.659429544487014851e-01
9.804644808743169238e-01
9.790779062690201373e-01
9.811598263062053515e-01
9.698941191478505086e-01
9.877252731658863194e-01
9.828966521106259346e-01
9.864187763713080370e-01
9.825949367088607778e-01
9.836601307189543064e-01
9.852486870559159504e-01
9.956576551337722458e-01
9.871576557400312257e-01
9.861298545509071811e-01
9.920876445526476406e-01
9.896196002578980799e-01
9.865946378551420093e-01
9.743430152143844891e-01
9.920527815264658100e-01
9.860305034417600201e-01
9.862623555034344403e-01
9.918032786885245811e-01
9.823276950265085183e-01
9.896174863387978693e-01
9.760154738878142888e-01
9.859572784810126667e-01
9.801568627450980564e-01
9.902411021814007119e-01
9.880041985305143548e-01
9.819813740045890693e-01
9.895736793327154501e-01
9.907032538611486583e-01
9.898743532889874297e-01
9.748706577974870502e-01
9.885284810126582222e-01
9.771622934888239964e-01
9.777327935222672739e-01
9.815352697095435230e-01
9.926948051948052409e-01
9.920527815264656990e-01
9.853274643190609305e-01
9.868190904547725628e-01
9.870475113122172406e-01
9.747267759562842082e-01
9.948132780082987736e-01
9.787568306010929753e-01
9.798194713088329566e-01
9.915688045769346370e-01
