9.741875179752660374e-01
9.788523533204382954e-01
9.806851311953352912e-01
9.670124481327800892e-01
9.660316570948312975e-01
9.915629322268326717e-01
9.754867628519400258e-01
9.698900549725136822e-01
9.778270509977827762e-01
9.821038251366120964e-01
9.851519820703180663e-01
9.887895558393642315e-01
9.605415860735009304e-01
9.939603106125969312e-01
9.582264813065191067e-01
9.672910458351071661e-01
9.391955729518153273e-01
9.719262295081966263e-01
9.799475262368815276e-01
9.745110821382007016e-01
9.657481821660927057e-01
9.733748271092670379e-01
9.934352795798579994e-01
9.957725947521866017e-01
9.817371297095196514e-01
9.664425105485231482e-01
9.920051579626047999e-01
9.826961519240380305e-01
9.679921773142111663e-01
9.656319290465632532e-01
9.655601659751038568e-01
9.769944341372912566e-01
9.467201166180756466e-01
9.702354176038386901e-01
9.846547314578004695e-01
9.586568881219442728e-01
9.894305435720448516e-01
9.809470264867565792e-01
9.829580036518563713e-01
9.781466113416321662e-01
9.872615712951847700e-01
9.772908366533864521e-01
9.717348927875244513e-01
9.596695821185616815e-01
9.884551600969511131e-01
9.868075801749272014e-01
9.958565737051792155e-01
9.901773185355273732e-01
9.889788573999099830e-01
9.938823529411764390e-01
9.918032786885245811e-01
9.721470019342359770e-01
9.649193010537548965e-01
9.722303206997084946e-01
9.844804318488529216e-01
9.656470588235294139e-01
9.847745750184775382e-01
9.772073626689675718e-01
9.808816914080071836e-01
9.949708454810495262e-01
9.769125683060109200e-01
9.812763713080168149e-01
9.846209912536443287e-01
9.806830168776371481e-01
9.625998038941028234e-01
9.879400260756192598e-01
9.797376093294460908e-01
9.682193110140708825e-01
9.929880478087649287e-01
9.912974683544304444e-01
9.978825136612021751e-01
9.913268411442484052e-01
9.876792698826597494e-01
9.797600210970464074e-01
9.929595827900913330e-01
9.723032069970845015e-01
9.891289849273042778e-01
9.822404371584698701e-01
9.702388986367931345e-01
9.792313377679232600e-01
9.812255541069099252e-01
9.623896904328336221e-01
9.815089755702524066e-01
9.973392461197339021e-01
9.798965262379897290e-01
9.855021711724331057e-01
9.769241029745231453e-01
9.816703621581670536e-01
9.703419894990776839e-01
9.874316939890709355e-01
9.882928905917410800e-01
9.768331084120557284e-01
9.919114516815665805e-01
9.749964981089789262e-01
9.875656472042013689e-01
9.842881944444443754e-01
9.886178861788619265e-01
9.718875502008033074e-01
9.829234972677596271e-01
9.599043715846994340e-01
9.907513713483862006e-01
9.835934373749500859e-01
9.915954615492366120e-01
9.718848403058929497e-01
9.910842680471669830e-01
9.747626186906546142e-01
9.953578336557059592e-01
9.476718403547672587e-01
9.848832759280520266e-01
9.747001499250375067e-01
9.576994434137291456e-01
9.777972735861789610e-01
9.902795515822335748e-01
9.839480874316940406e-01
9.646658152405278575e-01
9.773142112125163816e-01
9.836065573770491621e-01
9.973210868733256573e-01
9.859799070325385717e-01
9.765672550213024827e-01
9.892972275950999705e-01
9.684842758806857521e-01
9.599087353324641247e-01
9.817114320421109763e-01
9.867450980392157289e-01
9.729598893499308288e-01
9.901915353722583468e-01
9.897648686030429133e-01
9.874984054088531416e-01
9.840163934426230385e-01
9.928278688524589946e-01
9.837359967606964517e-01
9.811976727685539634e-01
9.691256830601093775e-01
9.644732777262897683e-01
9.655601659751038568e-01
9.835276967930028924e-01
9.844752186588920928e-01
9.823911028730305528e-01
9.730675593426659775e-01
9.981557377049179447e-01
9.761171032357472965e-01
9.964797913950456110e-01
9.945893089960886613e-01
9.817371297095196514e-01
9.863055386488132070e-01
9.866223207686621866e-01
9.840637450199203329e-01
9.748279119989202712e-01
9.738359201773836293e-01
9.906282801019643536e-01
9.703853651222072996e-01
9.818602045104356524e-01
9.913254241612450279e-01
9.661825726141078929e-01
9.917861799217730923e-01
9.702737940026076036e-01
9.785944551901998301e-01
9.787172011661806614e-01
9.820121181519818609e-01
9.923497267759562313e-01
9.599726775956283209e-01
9.742848447961047764e-01
9.871130410421627976e-01
9.697436615772516699e-01
9.871297095197009153e-01
9.720448417766425209e-01
9.967285453438831100e-01
9.699705014749262499e-01
9.664941041127408372e-01
9.860305034417600201e-01
9.749539286312614017e-01
9.856800119958014639e-01
9.614020150418617350e-01
9.669322709163346019e-01
9.865416507207551700e-01
9.801166805572092411e-01
9.901766877637130371e-01
9.915667166416791689e-01
9.803129074315515279e-01
9.808344198174705486e-01
9.863102998696219315e-01
9.870614912631718862e-01
9.704041720990872477e-01
9.655870445344129083e-01
9.750483558994197386e-01
9.829905063291138889e-01
9.816943380161771149e-01
9.797076770256846201e-01
9.938451571104631732e-01
9.928160919540229834e-01
9.931024141550457429e-01
9.750665359294018453e-01
9.968354430379746667e-01
9.871577574967405067e-01
9.796747967479674246e-01
9.641520467836257602e-01
9.873949579831933221e-01
9.657848562559049332e-01
9.708604954367665574e-01
9.809016061546766974e-01
9.891443167305236095e-01
9.943870391631586259e-01
9.921277552856500037e-01
9.858280469699014503e-01
9.691939890710382643e-01
9.826597131681877872e-01
9.946771256478499357e-01
9.780781622075920279e-01
9.892867414437733764e-01
9.749233026543950853e-01
9.355506282335550594e-01
9.893571732652193251e-01
9.892698069914969139e-01
9.898785425101214175e-01
9.816719409282700370e-01
9.721742881794650515e-01
9.856609310390822554e-01
9.702086049543675594e-01
9.746652465003043941e-01
9.698453242514545325e-01
9.963894261766601534e-01
9.754505463317724168e-01
9.782786885245902120e-01
9.857923497267759849e-01
9.943238257414502845e-01
9.775178596442078982e-01
9.909297052154195651e-01
9.801092589998599003e-01
9.889991371872304260e-01
9.885200553250346189e-01
9.650526877417633376e-01
9.516814159292035225e-01
9.951107276387690659e-01
9.710560625814863567e-01
9.786067346308309212e-01
9.836791147994468076e-01
9.935307456315860541e-01
9.920125164690382080e-01
9.701714131461736113e-01
9.829905063291138889e-01
9.687460135221330759e-01
9.844789356984477990e-01
9.787260358688929518e-01
9.789329882082254963e-01
9.765027322404371546e-01
9.674796747967480126e-01
9.859924359153943163e-01
9.555270616817383988e-01
9.919398907103824659e-01
9.905962384953981292e-01
9.920908829450675315e-01
9.913944223107569176e-01
9.853164942178941343e-01
9.759361814345992592e-01
9.856846473029045042e-01
9.816818774445893458e-01
9.795251433906895233e-01
9.807377049180328044e-01
9.858800773694390562e-01
9.899320718098011396e-01
9.958138214843195168e-01
9.952411994784876592e-01
9.896032657226686569e-01
9.813668600902643036e-01
9.775878974646309283e-01
9.783325835957414895e-01
9.816470588235294281e-01
9.630692690394182520e-01
9.793002915451894941e-01
9.608033689666342081e-01
9.683348779734322065e-01
9.724751365737498432e-01
9.864825999424791103e-01
9.433916423712341848e-01
9.694901960784313433e-01
9.819490027770764184e-01
9.864612511671334572e-01
9.700854700854700807e-01
9.769125683060109200e-01
9.875364431486880479e-01
9.930899608865710881e-01
9.897648686030429133e-01
9.954915003695491427e-01
9.804881509862353184e-01
9.912959381044487150e-01
9.672923378624458390e-01
9.642009493670886666e-01
9.548891786179922736e-01
9.671522622215997789e-01
9.652612410701778556e-01
9.817652901944089461e-01
9.909090909090909616e-01
9.842037395228884211e-01
9.773167358229598589e-01
9.813411078717200198e-01
9.666048237476809746e-01
9.771908763505402495e-01
9.758865248226950007e-01
9.826060878692458589e-01
9.924678505817513541e-01
9.951590594744121887e-01
9.814082278481012223e-01
9.933580475749150818e-01
9.836010257794574052e-01
9.887241272783441337e-01
9.653496591769755719e-01
9.940681209337925983e-01
9.936272304693356539e-01
9.801921655580192461e-01
9.869753003104332345e-01
9.455048409405255594e-01
9.814741561181434815e-01
9.766774057991315372e-01
9.844398340248962098e-01
9.911752346266984315e-01
9.800237341772152222e-01
9.785615491009681532e-01
9.789764868603042514e-01
9.887895558393642315e-01
9.880669831223628519e-01
9.822685788787484107e-01
9.705179282868525714e-01
9.807580174927112981e-01
9.868421052631578538e-01
9.745762711864406347e-01
9.821038251366118743e-01
9.851678868972481018e-01
9.647808764940239978e-01
9.913718723037101554e-01
9.831961128357402657e-01
9.711836955054662379e-01
9.850065189048240466e-01
9.826502732240437465e-01
9.893499308437068152e-01
9.902216427640156970e-01
9.722303206997083835e-01
9.695606537711800588e-01
9.880086745758387412e-01
9.828310091467986620e-01
9.594863062296012934e-01
9.563560540696002255e-01
9.784983891301302084e-01
9.771016711315219094e-01
9.710382513661202086e-01
9.825290084388185186e-01
9.538063562453806821e-01
9.821993670886075556e-01
9.847006651884701034e-01
9.767492711370262537e-01
9.816646378575776266e-01
9.541666666666666075e-01
9.933851020995110304e-01
9.691166989039330382e-01
9.821383489017925239e-01
9.793822162243215335e-01
9.888605080175960627e-01
9.653386454183267018e-01
9.636363636363636243e-01
9.756065400843881852e-01
9.815964523281597298e-01
9.930489944661897717e-01
9.774052478134110933e-01
9.681881051175657005e-01
9.713114754098360892e-01
9.810653875284019998e-01
9.715849156118143704e-01
9.860772976262933698e-01
9.854573287409109650e-01
9.734972677595628010e-01
9.750345781466113193e-01
9.885892116182573020e-01
9.765027322404371546e-01
9.851324337831084410e-01
9.801349325337331830e-01
9.822404371584698701e-01
9.722683264177039986e-01
9.640705981229864552e-01
9.533844189016602577e-01
9.766034985422740178e-01
9.779485257371314244e-01
9.969271799628942610e-01
9.795306388526726638e-01
9.970845481049562808e-01
9.686930942709062187e-01
9.756968763132092270e-01
9.881509862352775286e-01
9.902617163724893867e-01
9.831160365058669859e-01
9.738831151302469458e-01
9.710422247735680523e-01
9.730134932533732739e-01
9.978760619690154599e-01
9.866378728573357293e-01
9.795727136431784388e-01
9.905809605982168753e-01
9.685144124168514335e-01
9.715524939405536520e-01
9.826060878692457479e-01
9.899608865710560757e-01
9.780701754385965341e-01
9.778357235984355134e-01
9.736842105263158187e-01
9.812763713080169259e-01
9.943722943722943519e-01
9.789445269267107452e-01
9.897653194263362764e-01
9.764672923378624469e-01
9.782798833819241757e-01
9.919692266162773997e-01
9.885189437428243409e-01
9.772540983606557985e-01
9.900776531492665455e-01
9.746887966804980152e-01
9.952988047808765115e-01
9.725218658892128554e-01
9.842603708149926245e-01
9.255186721991701670e-01
9.769017980636237608e-01
9.887939487323154086e-01
9.957805907172996296e-01
9.470188446092060452e-01
9.851000425713070108e-01
9.737609329446064166e-01
9.829580036518563713e-01
9.675546448087430917e-01
9.843357346289161036e-01
9.748223663886315116e-01
9.875826697260088327e-01
9.836100468284376674e-01
9.879381297005818130e-01
9.906873614190687682e-01
9.598073051481161855e-01
9.822959889349931473e-01
9.786895284751990776e-01
9.847939175670268330e-01
9.807666351734376509e-01
9.937238493723848931e-01
9.870222645553041740e-01
9.751457725947521027e-01
9.895397489539748959e-01
9.725826382452887886e-01
9.720608575380359495e-01
9.618625277161862996e-01
9.916992846537994177e-01
9.468436047383416154e-01
9.776639344262294529e-01
9.521641686510715630e-01
9.891304347826087584e-01
9.961959829580037118e-01
9.714062721725555960e-01
9.876913655848132967e-01
9.833971902937419518e-01
9.852404138770541886e-01
9.738387978142076795e-01
9.657676348547716838e-01
9.666357738646895736e-01
9.656652360515021183e-01
9.830567081604425494e-01
9.672509960159363374e-01
9.682728673483681492e-01
9.671448087431693263e-01
9.943983402489626755e-01
9.714708056171470485e-01
9.690106413574920419e-01
9.985655737704918211e-01
9.791147994467496174e-01
9.790794979079497917e-01
9.883963494132985694e-01
9.682352941176470829e-01
9.626445526475959635e-01
9.806316641921986044e-01
9.721706864564007011e-01
9.795297372060858265e-01
9.842896174863388081e-01
9.886583679114799850e-01
9.850980392156862830e-01
9.837351703023344829e-01
9.869533527696792152e-01
9.948711027129166773e-01
9.951760104302476151e-01
9.651452282157676477e-01
9.935657171414292721e-01
9.721470019342359770e-01
9.879381297005818130e-01
9.810126582278481111e-01
9.917667701444189410e-01
9.851531920637063289e-01
9.370414832599706090e-01
9.774802191113816097e-01
9.829714772243507426e-01
9.948335246842709978e-01
9.782576098365571848e-01
9.638305847076462651e-01
9.396349413298565878e-01
9.705601092896174453e-01
9.674973628691982963e-01
9.907330567081604755e-01
9.791574279379157142e-01
9.882619714552487444e-01
9.628920107847310783e-01
9.867701404286770561e-01
9.865889212827987365e-01
9.712099125364430652e-01
9.976092896174862945e-01
9.840938722294654273e-01
9.733376792698825719e-01
9.747604265083007480e-01
9.640031645569620000e-01
9.920156884717747925e-01
9.894248326232502055e-01
9.444923784872016892e-01
9.788844621513944633e-01
9.721896465069526094e-01
9.517167381974249718e-01
9.794571899835057271e-01
9.781620802827568628e-01
9.792819639562935219e-01
9.843971631205673534e-01
9.640302334997974398e-01
9.800392211794368702e-01
9.859289617486337587e-01
9.801592657578619416e-01
9.788135593220339548e-01
9.703898050974513190e-01
9.951107276387690659e-01
9.807221147646679738e-01
9.914293248945147408e-01
9.764883520276100848e-01
9.814890710382513372e-01
9.515710382513662413e-01
9.770491803278689158e-01
9.836879432624112685e-01
9.941819213849865111e-01
9.612973760932945755e-01
9.709256844850064905e-01
9.717228241457316340e-01
9.805255435507536088e-01
9.593536985609694145e-01
9.744032211676731947e-01
9.718265867066466779e-01
9.753428270042194814e-01
9.427090628939627237e-01
9.684972328650489626e-01
9.669603524229075653e-01
9.691404297851075045e-01
9.607915893630180060e-01
9.670121865807536077e-01
9.887657058388765741e-01
9.748633879781420930e-01
9.922635720955048644e-01
9.718891038039974006e-01
9.852310022721535443e-01
9.682028295279450081e-01
9.915805587447379388e-01
9.708386547467007244e-01
9.835335402888378820e-01
9.838913013027035248e-01
9.784411276948590253e-01
9.824833702882482811e-01
9.613733905579397998e-01
9.915300546448087005e-01
9.858800773694390562e-01
9.904404008438818519e-01
9.907942787583688959e-01
9.803935860058309304e-01
9.752109704641349630e-01
9.701638884997898504e-01
9.761871410561703266e-01
9.834016393442622794e-01
9.971935195815793129e-01
9.847891946478162239e-01
9.918055750105057022e-01
9.811529933481153432e-01
9.867701404286770561e-01
9.947614238828579314e-01
9.638942617666022006e-01
9.660530879018274231e-01
9.708160442600276552e-01
9.822157434402332132e-01
9.825232810307437115e-01
9.818090307736554445e-01
9.645858343337335716e-01
9.776470588235294246e-01
9.806567701304542695e-01
9.852486870559159504e-01
9.680500658761528321e-01
9.800138312586444966e-01
9.892438070404172556e-01
9.787891860799540211e-01
9.988844621513944810e-01
9.782470119521912144e-01
9.796530169664497967e-01
9.865527384787785570e-01
9.944636180615473720e-01
9.819277108433734913e-01
9.599043715846994340e-01
9.726079272910881368e-01
9.952016794122057197e-01
9.823188014576866856e-01
9.891218354430380000e-01
9.784046430017545593e-01
9.895551257253384358e-01
9.688818565400844074e-01
9.772937905468025432e-01
9.902534113060428300e-01
9.789257455873403568e-01
9.693388940376892471e-01
9.794398907103826213e-01
9.828326180257510591e-01
9.778670748820001979e-01
9.781347010392764663e-01
9.827437446074201999e-01
9.935792349726775274e-01
9.645608628659475547e-01
9.804852320675105926e-01
9.843974690825424423e-01
9.855581050074233573e-01
9.846281413445592268e-01
9.960266780190152325e-01
9.647302904564314385e-01
9.778680487463230486e-01
9.916233875020942223e-01
9.826961519240380305e-01
9.880464480874318056e-01
9.923163418290854576e-01
9.618032123093535057e-01
9.847053531264057247e-01
9.659863945578230915e-01
9.595761911189094606e-01
9.827264239028944415e-01
9.916666666666666963e-01
9.890480895915678694e-01
9.682197296519987617e-01
9.789073305670815683e-01
9.798104956268222088e-01
9.587136929460581269e-01
9.878834570668160175e-01
9.836734693877551283e-01
9.820002801512817125e-01
9.970954356846473132e-01
9.744751222318089878e-01
9.718502738892270676e-01
9.900277707649584036e-01
9.721300138312586325e-01
9.796519988495829834e-01
9.727358617897151616e-01
9.953074660316572064e-01
9.822103936125508028e-01
9.836791147994468076e-01
9.756996501749125583e-01
9.795657726692209577e-01
9.858093126385809590e-01
9.892023215008772796e-01
9.823529411764705399e-01
9.665219218377923971e-01
9.847317551477797748e-01
9.546744036105738740e-01
9.860313815537696813e-01
9.430919050517345692e-01
9.902489626556016944e-01
9.713600239916029278e-01
9.744229990552031317e-01
9.718486286919830741e-01
9.834548104956267744e-01
9.845916795069338256e-01
9.911206368646663378e-01
9.805511603375527407e-01
9.754167250315169957e-01
9.708160442600275442e-01
9.821383489017925239e-01
9.877252731658862084e-01
9.828598105909029936e-01
9.693486590038313810e-01
9.773036487322201982e-01
9.810109289617486850e-01
9.825274016763378970e-01
9.688519937562082296e-01
9.947614238828579314e-01
9.947196870925684165e-01
9.795800977854473013e-01
9.729598893499308288e-01
9.772953029658009161e-01
9.686867323525442108e-01
9.809016061546768084e-01
9.792274052478133761e-01
9.775081595004966317e-01
9.582295988934992348e-01
9.543777493969065606e-01
9.778465034082302054e-01
9.781777426160337408e-01
9.923523206751054815e-01
9.926694329183956000e-01
9.604086845466155431e-01
9.955654101995565775e-01
9.687210379981465724e-01
9.707021489255371893e-01
9.964049467932125648e-01
9.863529411764706545e-01
9.935565205210814543e-01
9.835411122005883744e-01
9.902820893507895406e-01
9.855686274509803946e-01
9.947130883301096294e-01
9.678270042194092593e-01
9.765454850058636893e-01
9.576271186440677985e-01
9.872448979591836871e-01
9.687500000000000000e-01
9.647495361781075474e-01
9.616803278688524914e-01
9.655721226336069218e-01
9.778020378457059625e-01
9.768924302788845049e-01
9.945783901007780869e-01
9.911309777210159933e-01
9.802215189873417778e-01
9.625684723067560178e-01
9.875989044430919517e-01
9.644493717664449628e-01
9.874476987447697862e-01
9.576740506329113334e-01
9.856846473029046152e-01
9.864406779661016866e-01
9.910123669830313009e-01
9.902439024390243816e-01
9.921995675007723170e-01
9.669811320754717610e-01
9.732343679712099904e-01
9.849450274862568966e-01
9.902687673772011534e-01
9.783478893740902294e-01
9.808590102707750447e-01
9.708462680523688437e-01
9.704973741118320119e-01
9.815703105276445406e-01
9.914272474513438071e-01
9.800138312586446077e-01
9.805068226120857711e-01
9.955421340235834915e-01
9.764966740576497273e-01
9.894190871369293871e-01
9.810900201322979575e-01
9.501282224321770942e-01
9.755743499116384942e-01
9.761101363206909909e-01
9.893537261958313955e-01
9.773909563825529112e-01
9.770491803278689158e-01
9.764475637737886071e-01
9.973396606269772091e-01
9.950646925436841261e-01
9.823508005822415567e-01
9.792300669506999178e-01
9.804138950480414394e-01
9.642651711245326940e-01
9.793917567026809712e-01
9.682134241521214157e-01
9.735822959889349759e-01
9.769808743169398069e-01
9.702354176038385791e-01
9.683206615979724763e-01
9.765825347550276536e-01
9.858280469699014503e-01
9.754352814144958694e-01
9.713469261662032173e-01
9.800237341772152222e-01
9.914437733678458375e-01
9.736946202531645556e-01
9.953436807095343841e-01
9.719262295081967373e-01
9.848718307886258350e-01
9.839613391231264439e-01
9.874437781109444145e-01
9.813699397674744418e-01
9.829142488716957615e-01
9.949515905947441397e-01
9.612471598081293589e-01
9.867620206938527705e-01
9.976415094339623479e-01
9.887966804979253510e-01
9.752420470262793684e-01
9.719202898550725056e-01
9.812907431551498583e-01
9.783858070964517317e-01
9.676951476793249629e-01
9.814105293032495680e-01
9.632120253164557777e-01
9.689732455525984500e-01
9.736561291183140066e-01
9.781245831666000035e-01
9.835179324894515185e-01
9.856154910096819322e-01
9.884462151394423080e-01
9.897744782182378298e-01
9.747899159663865332e-01
9.743878060969515253e-01
9.932412999712396662e-01
9.841832963784182819e-01
9.772243507875690849e-01
9.860735009671179885e-01
9.821721311475409832e-01
9.904924081169291794e-01
9.744572158365262249e-01
9.869071146245059767e-01
9.843706777316736378e-01
9.577940753523153106e-01
9.755946864380600214e-01
9.596582154363356709e-01
9.862352774230169761e-01
9.719262295081967373e-01
9.745470232959447809e-01
9.819313240365872275e-01
9.883520276100086210e-01
9.767843137254901276e-01
9.720785149117469048e-01
9.561168516392397621e-01
9.922391685787554927e-01
9.812565602039287072e-01
9.767634854771783948e-01
9.910756972111554042e-01
9.887102946804439130e-01
9.885954381752701803e-01
9.836809990066696097e-01
9.702547685740963157e-01
9.708597046413501852e-01
9.764636075949366667e-01
9.721706864564008121e-01
9.501282224321770942e-01
9.797487065779748594e-01
9.840949255238576887e-01
9.565393440410312476e-01
9.918594035301279144e-01
9.751037344398340023e-01
9.804342337793485740e-01
9.735672514619883033e-01
9.798893237953839597e-01
9.883808095952023587e-01
9.714772243507876492e-01
9.794303797468354444e-01
9.787824261508472068e-01
9.784153005464479858e-01
9.762055036606918090e-01
9.921459492888063947e-01
9.396425236761372091e-01
9.943198159332757857e-01
9.717213114754097436e-01
9.771533986093372537e-01
9.884874464176363063e-01
9.755878284923927835e-01
9.911309777210159933e-01
9.919678714859437862e-01
9.859049332733542670e-01
9.817927170868347986e-01
9.880550681603454954e-01
9.723899913718723198e-01
9.742738589211616951e-01
9.694390715667311476e-01
9.848547717842324190e-01
9.601659751037344703e-01
9.709219858156028504e-01
9.723222622382287073e-01
9.620731542718314877e-01
9.818306010928961047e-01
9.894393741851368329e-01
9.575064710957721381e-01
9.615087040618954806e-01
9.874464176362522938e-01
9.831751509922346255e-01
9.798291077181677800e-01
9.842242503259452935e-01
9.847557086363055712e-01
9.943987042785801256e-01
9.853823088455773149e-01
9.836111500210114045e-01
9.713545314469813619e-01
9.915906127770535150e-01
9.846133081387501429e-01
9.941168230844656950e-01
9.804171988080033762e-01
9.840313769435495850e-01
9.894756984309223125e-01
9.878976486860304718e-01
9.718098665467086450e-01
9.837482710926694907e-01
9.864143619602134816e-01
9.956515219673114370e-01
9.733333333333333837e-01
9.754373177842565745e-01
9.682111261058629070e-01
9.897744782182379408e-01
9.851002109704640741e-01
9.819660014781966817e-01
9.863004454042381131e-01
9.937446074201897739e-01
9.558112094395280200e-01
9.811203319502074249e-01
9.866120218579235157e-01
9.726056945642795881e-01
9.893855485232068148e-01
9.725349969567864683e-01
9.811734364925854823e-01
9.616893122286034323e-01
9.799691833590138401e-01
9.792698826597130424e-01
9.640981978146729858e-01
9.839634941329856721e-01
9.775828460038986645e-01
9.689032077321753089e-01
9.682539682539682557e-01
9.825930372148860004e-01
9.741896758703481041e-01
9.724066390041493646e-01
9.907330567081604755e-01
9.703595724003887257e-01
9.723286504895699567e-01
9.779839208410636697e-01
9.966473243068988408e-01
9.463937621832358982e-01
9.817537072856221680e-01
9.841112869198311852e-01
9.955765482081271323e-01
9.900709219858155885e-01
9.784168212739641213e-01
9.723889555822329278e-01
9.869729654013168485e-01
9.879008746355685266e-01
9.897959183673468164e-01
9.985992435915393983e-01
9.941908713692945154e-01
9.811734364925853713e-01
9.756889161053274862e-01
9.866098600121728790e-01
9.608584154406801803e-01
9.851764705882353201e-01
9.834486166007905261e-01
9.821721311475409832e-01
9.663860186248245387e-01
9.843730067610663159e-01
9.827437446074201999e-01
9.581308713961773638e-01
9.841329335332333894e-01
9.854608510070694827e-01
9.540939406839790138e-01
9.891399416909620879e-01
9.800917802672425294e-01
9.729153986609860860e-01
9.850958565244279930e-01
9.961761603375527407e-01
9.821038251366119853e-01
9.769575570808236575e-01
9.806695615632441410e-01
9.853142076502732216e-01
9.941309857276243722e-01
9.747084548104957280e-01
9.778578097905827882e-01
9.696356275303643635e-01
9.795297372060858265e-01
9.885838352710463184e-01
9.949799196787147970e-01
9.903505037604655170e-01
9.960827790096082879e-01
9.937254901960784759e-01
9.973194840006701645e-01
9.919114516815665805e-01
9.915875754961174238e-01
9.867484177215190000e-01
9.858955324605209736e-01
9.874476987447698972e-01
9.943983402489626755e-01
9.790120124173301575e-01
9.770140428677014377e-01
9.983326663998932649e-01
9.728701004211207648e-01
9.840079960019989525e-01
9.945241199478487282e-01
9.736762020693853215e-01
9.789813023855576946e-01
9.713545314469813619e-01
9.906238040566398562e-01
9.767634854771785058e-01
9.769709543568464438e-01
9.723984343366176564e-01
9.778699861687413231e-01
9.877732240437158140e-01
9.846807936293696661e-01
9.841269841269840724e-01
9.747062461348175999e-01
9.848523100227215554e-01
9.878691983122362963e-01
9.776967930029154541e-01
9.790588235294117592e-01
9.821339330334832862e-01
9.714285714285715301e-01
9.837482710926693796e-01
9.736286919831222963e-01
9.872881355932203729e-01
9.661668839634941497e-01
9.889558232931726645e-01
9.749707259953162009e-01
