9.660626977279264116e-01
9.328175370728561955e-01
9.672740524781341387e-01
9.437759336099584839e-01
9.097912872951393615e-01
9.217150760719224900e-01
9.495727692954195609e-01
8.913043478260868069e-01
9.723577235772357108e-01
9.310109289617487516e-01
9.639305224821402840e-01
9.741734071235986780e-01
9.564796905222436862e-01
9.534081104400344842e-01
9.615332703468755238e-01
9.352916134525329772e-01
9.820488594952084815e-01
9.247950819672130507e-01
9.815092453773113235e-01
9.171447196870925467e-01
9.156780201556321552e-01
9.835408022130014416e-01
9.550509731232622590e-01
9.613702623906705824e-01
9.611734253666954775e-01
9.401371308016877038e-01
9.009671179883945724e-01
9.760744627686157582e-01
9.534550195567144115e-01
9.475240206947523891e-01
9.507607192254494688e-01
9.322820037105751245e-01
9.308309037900874827e-01
9.244264507422401689e-01
9.730605285592498488e-01
9.694420477423065785e-01
9.698734541271210041e-01
9.620814592703648138e-01
9.859251369446134783e-01
9.638312586445365593e-01
9.711884753901560696e-01
9.349003984063745110e-01
9.232268705952917376e-01
9.615322319403951656e-01
9.731470850873836786e-01
9.370262390670553998e-01
9.317131474103585997e-01
9.675979078964153102e-01
8.998350577297945518e-01
9.860392156862745061e-01
9.579378774805866747e-01
9.700193423597678333e-01
9.659863945578230915e-01
9.297376093294461574e-01
9.023091917828759412e-01
9.567058823529411837e-01
9.628972653362897205e-01
9.179608858211101285e-01
9.796071375018743366e-01
9.678571428571428603e-01
9.380464480874317612e-01
9.559599156118143704e-01
9.633381924198251012e-01
9.920226793248945185e-01
9.156044263902507474e-01
9.312907431551499249e-01
9.945335276967929294e-01
9.211547792333818485e-01
9.852589641434262857e-01
9.471914556962025555e-01
9.640027322404371990e-01
9.524497869750456758e-01
9.428292046936114223e-01
9.034150843881856296e-01
9.159061277705345949e-01
9.753644314868804566e-01
9.675203414699212745e-01
9.657031924072476681e-01
9.674045080307733802e-01
9.971914264597191435e-01
9.651890482398957083e-01
9.595181397954896108e-01
9.526251855850992323e-01
9.949741315594974322e-01
9.422764227642277390e-01
9.574170051827988193e-01
9.659863945578230915e-01
9.197339246119734524e-01
9.821910032638001553e-01
9.379781420765027633e-01
9.477082446431105422e-01
9.775828460038986645e-01
9.450120618702994024e-01
9.717047205490965123e-01
9.785295026258881146e-01
9.698784722222222321e-01
9.505543237250554389e-01
9.794562866852023486e-01
9.157103825136612141e-01
9.196721311475409832e-01
9.601352213292511095e-01
9.630518874216352776e-01
9.662417705561002768e-01
8.948867896236316621e-01
9.789329882082254963e-01
9.429660169915042855e-01
9.560283687943261777e-01
8.762749445676275561e-01
9.517157800739890483e-01
9.983133433283357672e-01
9.625850340136054006e-01
9.263058442434876083e-01
9.342982829572867853e-01
9.672131147540983243e-01
9.682134241521214157e-01
9.844850065189048038e-01
9.464480874316939518e-01
9.260109707870901596e-01
9.422702054281001383e-01
9.825015216068168078e-01
9.275950999355254689e-01
9.867728438385746648e-01
9.771838331160365154e-01
9.250911054123363009e-01
9.382745098039215748e-01
9.827109266943292454e-01
9.493358047574915748e-01
9.502766251728906877e-01
9.715524939405536520e-01
9.780737704918032183e-01
9.827185792349726334e-01
9.447293831826157895e-01
9.554420320703844727e-01
9.321038251366119409e-01
9.417670682730923115e-01
9.553250345781465480e-01
9.684402332361516930e-01
9.491982507288629911e-01
9.457059005251775563e-01
9.905660377358490587e-01
9.628415300546447897e-01
9.824205070738198931e-01
9.417861799217731589e-01
9.659713168187744614e-01
9.199022145527754324e-01
9.632531953743153075e-01
9.068736141906874604e-01
9.762549800796813670e-01
9.215818599001214251e-01
9.792313377679231490e-01
9.865796971060128984e-01
9.639376218323587597e-01
9.649110519680627052e-01
9.887102946804439130e-01
9.416320885200553104e-01
9.842242503259452935e-01
9.653194263363755745e-01
9.582205029013539654e-01
9.551749271137026653e-01
9.661070436758394386e-01
9.500683060109289535e-01
9.975409836065574076e-01
8.821515520389531240e-01
9.614791987673343421e-01
9.219078302283233439e-01
9.662064998561978868e-01
9.501915708812259664e-01
9.489500912964090595e-01
9.558112094395280200e-01
9.295369571469658254e-01
9.058577405857740628e-01
9.166527056458367850e-01
9.748088169140800563e-01
9.257840215694621566e-01
9.658167330677290829e-01
9.530552366373261641e-01
9.619002262174067841e-01
9.399393459915611482e-01
9.164792603698150852e-01
9.273142112125163372e-01
9.069752281616687561e-01
9.640808344198174007e-01
9.278378017873816219e-01
9.112125162972619652e-01
9.358974358974359031e-01
9.277885235332044012e-01
9.546413502109705185e-01
9.695615155385269857e-01
8.251028806584361774e-01
9.488986070618723456e-01
9.057346326836581696e-01
9.240515819463188674e-01
9.149040481860204466e-01
9.359836497890294815e-01
9.833767926988266073e-01
9.663710273466370460e-01
9.369005847953216781e-01
9.765906362545018204e-01
9.920367121068970340e-01
9.122555410691003397e-01
9.917667701444189410e-01
9.520363275152546878e-01
9.543309095547901633e-01
9.366471734892787282e-01
9.964907544877851242e-01
9.654371584699452669e-01
9.545632333767927191e-01
9.745062333660177156e-01
9.817901666900126223e-01
9.513229795800977051e-01
9.733226623982926817e-01
9.815964523281596188e-01
9.824748119767277021e-01
9.351464435146443765e-01
9.718848403058929497e-01
9.491033755274261852e-01
9.181765890135173969e-01
9.496465252767773979e-01
9.721642764015645533e-01
9.363968350578211197e-01
9.892862210869873829e-01
9.484848484848484862e-01
9.775081595004966317e-01
9.550546448087431362e-01
9.599043715846994340e-01
9.308216262239250582e-01
9.424989494326936335e-01
9.387088168600774551e-01
9.457907269925760474e-01
9.804429105550762635e-01
9.817427385892116831e-01
9.253034547152194644e-01
9.391740412979351360e-01
9.240005752085131974e-01
9.455671447196870583e-01
9.385233240654927700e-01
9.813969571230981570e-01
9.841269841269841834e-01
9.771080368906455149e-01
9.455392090700498464e-01
9.585311181434599259e-01
9.149764000510268724e-01
9.714708056171470485e-01
9.538651824366108922e-01
9.327006039689387240e-01
9.745901639344262124e-01
9.440502586844049526e-01
9.537750385208012549e-01
9.362262113645566375e-01
1.000000000000000000e+00
8.845538215286115058e-01
8.905665803853897167e-01
9.997609561752988094e-01
9.233870967741936164e-01
9.868802742616034074e-01
9.171507607192254108e-01
9.514993481095175287e-01
9.386421235160731236e-01
9.627049180327869049e-01
9.351386202450032714e-01
9.903566229985444336e-01
9.574996452391089097e-01
9.436114732724901755e-01
9.490368669473147056e-01
9.737588652482269680e-01
9.228883597142457651e-01
9.525416104363473302e-01
9.708235294117647518e-01
9.320066334991709001e-01
9.818513119533527345e-01
9.613702623906705824e-01
9.575223972814334017e-01
9.343045244431993357e-01
9.634023583549036207e-01
9.521379980563653422e-01
9.425098039215686896e-01
9.122065135066902419e-01
9.724556489262371484e-01
9.451192082771029401e-01
9.562158469945355455e-01
9.438046647230320385e-01
8.936114732724902421e-01
9.659751037344398439e-01
9.538063562453805710e-01
9.581382148431957235e-01
9.686009026434558855e-01
9.494326936545735007e-01
9.251054852320674815e-01
9.545632333767927191e-01
9.545454545454545858e-01
9.345146379044684259e-01
9.765857811834823821e-01
9.467110125646710506e-01
9.607994842037395067e-01
9.412171507607192122e-01
9.284985422740524852e-01
9.557050092764378668e-01
9.048285981059089877e-01
9.344938749194068306e-01
9.601889338731444123e-01
9.570728720146968183e-01
9.766943291839557117e-01
1.000000000000000000e+00
9.684893419833178196e-01
9.229315697125117790e-01
9.617701575532900948e-01
9.451527392072708311e-01
9.341114938129863043e-01
9.485680011995801797e-01
9.754619364375461954e-01
9.798893237953840707e-01
9.754495159059474174e-01
9.793644514767932963e-01
9.689032077321754199e-01
9.333333333333333481e-01
9.195965821543634622e-01
9.925501054852320371e-01
9.706085753803596061e-01
9.608575380359613005e-01
9.565772669220944380e-01
9.599156118143459260e-01
9.556714471968709157e-01
9.512350597609562364e-01
8.811224489795919101e-01
9.976991659476560637e-01
9.836375488917861176e-01
9.472677595628415936e-01
9.319616258520575514e-01
9.759362549800796316e-01
9.956140350877192846e-01
9.850182210824672824e-01
9.194223242002969032e-01
9.807692307692307265e-01
9.448770491803278881e-01
9.614107883817427647e-01
9.994784876140807572e-01
9.588921282798834600e-01
9.415204678362573132e-01
9.840540885317005104e-01
9.792322687059529240e-01
9.875124166311906038e-01
9.491659476560253550e-01
9.416584955876172724e-01
9.222477356805715010e-01
8.750683060109289979e-01
9.377637130801688148e-01
9.645971914264597213e-01
9.505537974683544444e-01
9.537324464153732473e-01
9.819241982507288524e-01
9.529062690200852392e-01
9.490437158469945400e-01
9.289617486338798136e-01
9.818181818181819231e-01
9.457207775814188144e-01
9.478932373669216593e-01
9.611182063289342992e-01
9.546613545816733382e-01
9.643754619364375280e-01
9.363792194092827037e-01
9.577235772357722832e-01
9.525577000944797090e-01
9.310495626822157256e-01
9.463347164591977556e-01
9.507477710670118043e-01
9.510855844483716570e-01
9.527953586497890370e-01
9.598295800365186370e-01
9.720627631075392516e-01
9.278005464480874043e-01
9.756569847856154665e-01
9.549792531120332439e-01
9.685109289617486183e-01
9.740754622688656550e-01
9.378435782108945906e-01
9.010928961748633226e-01
9.297372060857538312e-01
9.625297660736797933e-01
9.337306655314318027e-01
9.020408163265305479e-01
9.683908045977012158e-01
9.853896103896103709e-01
9.788135593220339548e-01
9.534256559766763894e-01
9.159546154923658978e-01
9.849418686090488650e-01
9.549453668227614322e-01
9.748174071819841746e-01
9.768578878748370720e-01
9.361587258739370032e-01
9.494833524684270776e-01
9.765117441279360655e-01
9.541479260369816195e-01
9.832635983263599000e-01
9.119815092453772420e-01
9.442047742306586278e-01
9.411677753141167724e-01
9.193774716162775862e-01
8.852151746888589079e-01
9.541069100391134095e-01
9.687230371009492025e-01
9.215775749674053330e-01
9.452113891285590652e-01
9.067114978902953704e-01
9.952380952380952550e-01
9.069375084356863237e-01
9.823989569752281659e-01
9.303824064995096510e-01
9.652332361516035020e-01
9.757727088675933746e-01
9.181017986988136981e-01
9.219262295081966929e-01
9.531924072476272158e-01
9.402489626556016500e-01
9.870119521912350535e-01
9.017492711370262981e-01
9.500466853408029433e-01
9.515905947441217760e-01
9.493084370677731254e-01
9.334640705981229747e-01
9.456751054852320371e-01
9.703429101019462877e-01
9.117354902795515859e-01
9.513119533527696348e-01
9.841752891052951702e-01
9.292349726775955832e-01
9.618026470095493163e-01
9.294099474822367091e-01
9.265083007153461780e-01
9.343692351355186165e-01
9.335178089967361981e-01
8.896526237989652586e-01
9.603106125970664042e-01
9.681189488243430175e-01
8.960808328230250863e-01
9.045618247298919945e-01
9.627480091780267202e-01
9.530300985288162607e-01
9.601142993213478416e-01
9.396501457725947581e-01
9.992576596031853553e-01
8.826073524868706111e-01
8.952282157676348939e-01
9.560975609756098281e-01
9.281954379808341482e-01
9.251012145748988003e-01
9.673497267759563201e-01
9.654013167110239158e-01
9.479635182408795435e-01
9.326688983566646662e-01
9.561515538527032287e-01
9.698714023270055273e-01
9.632467716758904563e-01
9.585362142422397813e-01
9.157786885245902120e-01
9.748962655601659533e-01
9.413809082483781676e-01
9.349911638475132403e-01
9.135546334716460048e-01
9.468525896414342613e-01
9.242891161227062558e-01
9.252732240437158140e-01
9.420470262793914085e-01
9.846267553584626686e-01
9.235691688236985497e-01
9.831967213114753967e-01
9.725449515905947306e-01
9.585639087596167229e-01
9.826597131681877872e-01
9.614901960784314472e-01
9.582318928788801093e-01
9.752328249426372997e-01
9.473716759431044521e-01
9.613416320885199706e-01
9.348360655737705249e-01
9.525587828492393383e-01
9.505882352941177338e-01
9.446357953820639919e-01
9.263119533527697236e-01
9.627480091780268312e-01
9.777705345501955803e-01
9.404564315352696990e-01
9.244127936031983905e-01
9.795615731785944913e-01
9.457215836526180475e-01
9.657832278481012223e-01
9.379808341206640199e-01
9.410851666891617562e-01
9.617180205415499783e-01
9.548082775410834389e-01
9.611891585071661304e-01
9.749968108177062831e-01
9.456440245913929621e-01
9.512118940529735722e-01
9.556714471968710267e-01
9.071721311475410277e-01
9.683544303797468888e-01
8.634163208852005944e-01
9.501108647450110523e-01
9.540482859810590632e-01
9.604796367248474853e-01
9.636363636363636243e-01
9.795189504373178480e-01
9.753644314868804566e-01
9.199453551912568638e-01
9.505867014341591315e-01
9.478487614080834955e-01
9.352139290052638998e-01
9.100079113924050001e-01
9.010365597422607120e-01
9.240718198417529061e-01
9.418320391141788983e-01
9.491633466135458441e-01
9.651532920087116940e-01
9.645922746781115942e-01
9.372469635627530549e-01
9.197803584953294642e-01
9.828295728678869692e-01
9.693101225016118594e-01
9.543123228505870914e-01
9.667320352990614873e-01
9.288934426229509267e-01
9.248211634498584299e-01
9.191655801825293626e-01
9.126686656671664233e-01
9.818809318377912376e-01
9.434558349451966919e-01
9.661787974683544444e-01
9.085418464193270038e-01
9.460382513661201864e-01
9.439207650273223615e-01
9.311475409836065253e-01
9.690522243713733941e-01
9.767986377181779867e-01
9.698979591836734970e-01
9.735332464146023712e-01
9.421954994642218750e-01
9.288382019474457074e-01
9.455314314567028200e-01
9.390997986770204253e-01
9.171039480259870480e-01
9.700685654008438519e-01
9.026474296119904039e-01
9.071235986944798935e-01
9.579711870460769774e-01
9.494002998500750135e-01
9.587507730364872582e-01
9.317131250875472226e-01
9.661492978566149636e-01
9.604508196721310842e-01
9.801920768307322840e-01
9.567375886524822626e-01
9.763317344105024720e-01
9.490825045524582393e-01
9.601990049751243372e-01
9.465730097914005770e-01
9.444594412201376965e-01
9.729654013167110538e-01
9.448909299655569027e-01
9.586844050258683803e-01
9.141630901287554067e-01
9.214480874316939296e-01
9.394584139264989808e-01
9.445543248945147408e-01
9.267346317711503412e-01
9.737609329446064166e-01
9.457410337552742963e-01
9.714946070878274220e-01
9.339543353410841853e-01
9.892759562841529908e-01
9.698941191478505086e-01
9.791719262812420554e-01
9.606387449222579811e-01
9.807834441980782803e-01
9.681448632668144816e-01
9.684423125473365923e-01
9.507414571244358070e-01
9.372415632919834927e-01
9.797372060857537646e-01
9.832361516034985316e-01
9.994259471871412837e-01
9.539833189531204960e-01
9.208350006669333565e-01
9.373333333333333517e-01
8.799670115459590214e-01
9.401451961692925963e-01
9.800724637681159646e-01
9.655601659751037458e-01
9.689048239895696746e-01
9.284584411849295948e-01
9.714741035856573337e-01
9.739442231075696732e-01
9.418293149636434158e-01
9.343045244431993357e-01
9.183203911417888721e-01
9.788384306456596740e-01
9.933743169398906447e-01
9.857359252713961961e-01
9.097315939421202202e-01
9.823862869483062088e-01
9.673655063291138889e-01
9.982453772438926176e-01
9.762733720180528652e-01
9.289952531645570000e-01
9.389867160951498315e-01
9.672364672364671678e-01
8.826841144248326332e-01
9.250849552054372094e-01
9.618169398907103762e-01
9.361903559707145384e-01
9.397244546498277895e-01
9.420974490484546049e-01
9.994247914869139882e-01
9.830601092896175119e-01
8.964841014147639786e-01
8.993275316455696666e-01
9.142220304860512181e-01
8.997840464300175256e-01
9.718714121699195685e-01
9.603377323683837119e-01
9.764868603042877737e-01
9.245692674043983761e-01
9.453844865136539211e-01
9.690154922538730675e-01
9.510245901639343691e-01
9.637681159420290466e-01
9.971656093939803567e-01
9.531414005098215458e-01
9.488559059987631272e-01
9.477662302604940026e-01
9.154995331465920483e-01
9.790983606557377428e-01
9.332180500658762146e-01
9.431981593327580793e-01
9.574688796680498326e-01
9.908892128279883638e-01
9.634163208852005722e-01
9.641406359434093742e-01
9.440233236151603924e-01
9.810197506653592914e-01
9.210235131396957708e-01
9.335634167385676863e-01
8.962264150943396457e-01
9.809391567785913368e-01
9.621023513139694838e-01
9.812338222605695437e-01
9.744229990552031317e-01
9.689732455525983390e-01
9.773077461829386969e-01
9.500691562932226386e-01
9.672663668165917272e-01
9.773662551440328583e-01
9.636363636363636243e-01
9.587663652314751817e-01
9.217254901960784119e-01
9.827706961759350435e-01
9.623896904328336221e-01
9.564796905222436862e-01
9.577114427860696777e-01
9.009433962264151718e-01
9.140387275242046750e-01
9.318488529014844479e-01
9.767849912268862234e-01
9.518723628691982963e-01
9.554664723032070262e-01
9.375963020030816386e-01
9.441518677281077743e-01
9.274789029535864815e-01
9.209273007424009228e-01
9.732365145228215608e-01
9.499495077000758014e-01
9.563644103873989444e-01
9.512471655328799125e-01
9.730381722718888238e-01
9.447124304267161543e-01
9.558060109289617801e-01
9.486137975499677744e-01
9.645239108840641951e-01
9.840949255238576887e-01
9.881355932203389481e-01
9.710238711532930278e-01
9.668741355463347231e-01
9.345820916702143322e-01
9.433796733702253245e-01
9.723309488459981331e-01
9.493440233236151160e-01
9.238683127572016041e-01
9.910788381742738906e-01
9.986519086135944301e-01
9.040015147689977049e-01
9.747494725738397037e-01
9.829245780590717407e-01
9.544951590594744628e-01
9.347239960266779946e-01
9.737620103473761946e-01
9.674080939141180835e-01
9.275987006496750897e-01
9.824561403508772495e-01
9.227450980392157831e-01
9.713545314469813619e-01
9.435495167390390847e-01
9.257659603185315333e-01
9.727058823529411979e-01
9.788523533204384064e-01
9.591904008438818519e-01
9.778857430055286626e-01
9.396974366157725411e-01
9.559037900874635119e-01
9.889240506329113334e-01
9.244279529993815192e-01
9.330601092896174675e-01
9.255319148936170803e-01
9.155749636098980959e-01
9.749800796812748693e-01
9.798443679040694798e-01
9.807010075209308120e-01
9.653217299578058519e-01
9.589926962872793448e-01
9.961199026171637660e-01
9.572062084257205727e-01
9.591037926845727979e-01
9.596518987341772222e-01
9.147302904564316162e-01
9.641460234680573338e-01
9.291055507621512888e-01
9.920177383592017062e-01
9.141180105035526804e-01
9.808277541083384454e-01
9.241265557055030611e-01
9.708270864567716263e-01
9.611523015137473092e-01
9.400169820475497984e-01
9.467787114845938046e-01
9.667971386151976709e-01
9.325764596848934440e-01
9.349280484726079088e-01
9.426938523324064345e-01
9.579529737206085027e-01
9.113810166441744798e-01
9.585130859936726866e-01
9.705838876570583862e-01
9.334716459197787142e-01
9.703048605119355408e-01
9.778647590767984843e-01
9.674955819237566201e-01
9.829261708732622838e-01
9.209776578197630403e-01
9.611177804455115492e-01
9.456967213114754189e-01
9.761776218113106252e-01
9.472246189243600512e-01
9.550486861411231487e-01
9.862930616205725087e-01
9.353317102860621013e-01
9.769401330376940029e-01
9.964768478573482469e-01
9.091636654661865435e-01
9.787852987086703704e-01
9.577455048409404537e-01
9.336065573770492287e-01
9.656620182935972130e-01
9.495798319327731773e-01
9.728033472803347959e-01
9.076123633418815562e-01
8.995141044675395436e-01
9.585264133456904423e-01
9.568829113924051111e-01
8.917169974115617403e-01
9.687500000000000000e-01
9.423503325942349518e-01
9.687841530054643879e-01
9.154643507494046872e-01
9.686230564504832996e-01
9.644552723638181169e-01
9.608488583835270713e-01
9.590586718246292275e-01
9.318810511756570047e-01
9.395354708406967736e-01
9.358642726719416105e-01
9.351795496043822098e-01
9.389349930843706726e-01
9.656984785615491118e-01
9.364295125164691092e-01
9.438722294654497968e-01
9.560844577711145043e-01
9.307093881856539630e-01
9.299702000851426398e-01
9.380274261603375185e-01
9.859223980949712862e-01
9.126984126984126755e-01
9.386421235160731236e-01
9.465981012658227778e-01
9.508990318118949459e-01
9.590438247011952022e-01
9.619694635102955527e-01
9.498466053087901706e-01
9.703898050974513190e-01
9.819528329019269197e-01
9.337767923133776238e-01
9.564353625656307756e-01
9.574468085106382365e-01
9.579918032786884918e-01
8.896693628494394268e-01
9.490563360295161122e-01
9.619565217391303769e-01
9.717150760719225344e-01
9.497411561691113668e-01
9.227679950571516798e-01
9.715646449082504521e-01
9.685681850432807938e-01
9.235655737704918655e-01
8.966062697727925634e-01
9.476683160893687452e-01
9.512510785159621340e-01
9.711372549019607892e-01
9.458307973219720610e-01
9.570098226814643949e-01
9.389256309893372343e-01
9.859799070325386827e-01
9.017289073305670977e-01
9.786454183266932727e-01
9.610281923714759644e-01
9.849939975990396057e-01
9.539520363275152404e-01
9.232359610510871839e-01
9.646624472573839260e-01
9.378955696202531112e-01
9.664811379097093536e-01
8.889863679308949163e-01
9.855875831485587657e-01
9.690103509214844646e-01
9.590363071939532746e-01
9.685027388922702318e-01
9.152835408022129693e-01
9.688841201716739127e-01
9.676023391812864638e-01
9.664597111621001657e-01
9.662668665667166756e-01
9.823329076202640397e-01
9.843750000000000000e-01
9.455690508322086574e-01
9.877732240437158140e-01
9.863039636455440684e-01
9.860853432282004061e-01
9.469787915166066883e-01
9.214840379637618817e-01
9.508196721311474864e-01
9.651624804881510089e-01
9.519902020820575350e-01
9.515214384508989820e-01
9.726124592024975035e-01
9.531974050046339020e-01
9.673114409956514725e-01
9.385754301720687920e-01
9.740180861114859923e-01
9.541990221455277643e-01
9.263485477178422522e-01
9.165699548678272190e-01
9.502074688796681157e-01
9.388658367911479896e-01
9.765312701482913305e-01
9.479124983326664422e-01
9.923066540693751270e-01
9.782103825136612141e-01
9.498696219035203114e-01
9.439890710382512484e-01
9.626692456479690740e-01
9.576852418860991589e-01
9.545585274662065078e-01
9.686930942709062187e-01
9.770534550195567602e-01
9.702130373772164251e-01
9.491159400728842455e-01
9.763868065967016285e-01
9.752066115702480165e-01
9.206471494607088024e-01
9.320730117340286780e-01
9.504656498852747104e-01
9.357052808516599374e-01
9.132964382006526494e-01
9.793388429752066804e-01
9.599438703916315374e-01
9.623098201936375329e-01
9.694856800119958651e-01
9.529737206085754364e-01
9.719796215429402642e-01
9.592892487629329779e-01
9.764705882352940902e-01
9.612244897959183465e-01
9.437696806117858994e-01
9.130830648550216644e-01
9.413897679324894074e-01
9.626016260162600924e-01
9.986502901876097571e-01
9.703767615760713339e-01
9.598820058997049598e-01
9.541493775933610477e-01
9.570355191256830762e-01
9.630428530342248772e-01
9.479166666666666297e-01
9.723828362751065768e-01
9.791102514506770937e-01
9.388569827706961801e-01
9.556660596722229561e-01
9.471968709256844976e-01
8.946360153256703862e-01
9.537809647979139660e-01
9.628879892037787158e-01
9.467012186580753275e-01
9.569970845481049482e-01
9.447779111644657446e-01
9.663198612778444163e-01
9.517980636237898251e-01
9.383817427385892085e-01
9.725461613216714873e-01
8.453952036327514463e-01
9.581323438466294862e-01
9.812379110251450154e-01
9.557654820812715446e-01
9.662153449387492765e-01
9.754087552742616296e-01
9.631878842405158236e-01
9.500967117988394772e-01
9.366728509585652285e-01
9.187008136587968554e-01
9.964280711584255767e-01
9.307580174927113648e-01
9.680029154518949852e-01
9.668721109399075475e-01
9.559474412171506952e-01
9.569954867827208389e-01
9.333129210042866442e-01
9.678940961655508879e-01
9.570117424753677993e-01
9.810980392156862795e-01
8.913043478260869179e-01
9.454918032786885362e-01
9.445720117361908752e-01
9.941956882255389427e-01
9.650560828300258631e-01
9.742468415937803883e-01
9.628310844577711025e-01
9.199679871948779342e-01
9.673619980133389973e-01
9.564868804664723445e-01
9.657848562559049332e-01
9.403530127814972994e-01
9.823129251700680742e-01
9.592563291139240000e-01
9.579918032786884918e-01
9.696736237568286398e-01
9.281411962459729104e-01
9.732240437158470314e-01
9.637855142056822588e-01
9.363702623906706712e-01
9.582499666533279559e-01
9.814814814814815103e-01
9.662517289073305760e-01
9.905448942428911607e-01
9.515755329008340757e-01
9.450120618702994024e-01
9.889874353288987674e-01
9.738039215686273842e-01
9.166527056458367850e-01
9.760181637576272884e-01
9.334915156744320042e-01
9.239847046413501852e-01
9.518828451882844766e-01
9.415575651234984189e-01
9.351313969571231066e-01
9.184775273316236888e-01
9.819660014781965707e-01
9.801253834867280634e-01
9.227405247813411648e-01
9.538355822088955271e-01
9.310951760104302366e-01
9.497108947048082950e-01
9.747904577691811623e-01
9.752766493906709355e-01
9.517795637198622760e-01
9.760027662517288816e-01
9.251037344398340689e-01
9.318396544742880705e-01
9.399031811894882349e-01
9.805327868852459217e-01
9.524227291132407736e-01
9.468454048285981361e-01
9.475572047000618836e-01
9.090507447614238901e-01
9.613001054852320371e-01
9.250728862973760513e-01
9.334117647058822742e-01
9.414042978510744897e-01
9.722303206997084946e-01
9.651452282157675366e-01
9.100079113924051111e-01
9.376140808344197719e-01
9.691003911342894739e-01
9.455514365152919432e-01
9.309820193637620145e-01
9.043197936814958426e-01
9.571929824561404843e-01
9.838938555413651033e-01
9.265027322404372212e-01
9.679321253954559223e-01
9.994950770007574592e-01
9.646679561573178185e-01
9.588338507220947049e-01
9.442523056653491231e-01
8.908755498793812233e-01
9.358462675535845765e-01
9.462842242503259893e-01
9.128715397372114682e-01
9.541666666666667185e-01
9.590882945067586984e-01
9.516824849007765597e-01
9.396679713861521011e-01
9.615668883961566715e-01
9.918994769741038553e-01
9.584626755358462979e-01
9.291187739463601103e-01
9.784522706209453080e-01
9.875656472042014800e-01
8.875831485587583058e-01
9.435792349726775941e-01
9.729153986609859750e-01
9.127840092033362440e-01
9.662417705561002768e-01
9.418192138498652222e-01
9.738264767932489629e-01
9.545621555419473436e-01
9.696403872752420439e-01
9.824344023323614561e-01
9.672941176470588598e-01
9.826876685114233068e-01
9.252915451895042942e-01
9.805490196078431309e-01
9.327844513429612849e-01
9.483061141854500775e-01
9.822652953586498148e-01
9.465449804432854997e-01
9.489795918367346372e-01
9.422851398894287467e-01
8.892405063291138889e-01
9.006669504753795907e-01
9.621880706025562890e-01
9.813008130081301017e-01
9.309960159362549170e-01
9.771676705420926368e-01
9.687413554633471646e-01
9.299505715168365771e-01
9.552487661731360324e-01
9.226621257272598076e-01
9.654900533721494371e-01
9.632333767926988255e-01
9.405544809800129302e-01
9.190962099125364881e-01
9.742793791574279050e-01
9.516949152542374391e-01
9.576502732240437243e-01
9.814399775878974719e-01
9.353902953586498148e-01
9.299562682215742893e-01
9.579831932773109626e-01
9.787891860799540211e-01
9.639056658038538394e-01
9.783371575111351470e-01
9.494464452447646252e-01
9.722638680659669852e-01
9.695640437305979020e-01
9.646123856650172801e-01
9.576763485477178817e-01
9.119533527696792596e-01
9.269039418293150145e-01
9.537660747091243341e-01
9.159059474412172275e-01
9.767299448867116096e-01
8.889555822328932821e-01
9.339229220592465408e-01
9.387287509238728678e-01
9.736799481697441250e-01
9.609045358649789259e-01
9.739506006208665800e-01
9.893617021276596146e-01
9.123906705539358564e-01
9.496239534553710948e-01
9.447018844609206267e-01
9.525372380711941700e-01
9.552571197192603059e-01
9.501206187029941352e-01
9.236587757388989850e-01
9.611990261716372164e-01
9.206967213114753967e-01
9.442419825072886352e-01
9.698900549725137932e-01
9.566069906223358954e-01
9.563388991960420915e-01
9.539605197401299641e-01
9.280722573839661482e-01
9.603104212860310573e-01
8.997599039615846728e-01
9.243852459016393963e-01
9.499081445192896211e-01
9.457416655419085272e-01
9.640005603025634251e-01
9.666626979402309638e-01
9.633177238541223986e-01
9.693486590038313810e-01
9.178961748633879258e-01
9.495883385072210192e-01
9.443346508563900121e-01
9.440048691418138072e-01
9.785396139829936057e-01
9.419577874818050311e-01
9.428805857106791199e-01
9.602352941176470758e-01
9.548497267759562535e-01
9.831950207468880265e-01
9.272740173123315000e-01
9.768875192604006275e-01
9.643857543017206879e-01
9.453806356245380016e-01
9.795081967213115082e-01
9.487795118047218645e-01
9.140769121612033477e-01
9.899145538590838900e-01
9.607843137254902244e-01
9.668020731194845174e-01
9.709217020141389654e-01
9.813559322033899024e-01
9.128422425032595156e-01
9.744564492463652083e-01
9.464797913950456776e-01
9.596635030198445993e-01
9.689472355465791331e-01
9.549543676662320957e-01
9.651912032497549365e-01
9.239755122438780832e-01
9.594235033259422840e-01
9.643507494046784645e-01
9.492486338797814227e-01
9.497392438070405563e-01
9.372320881812614690e-01
9.715163934426229719e-01
9.407480039221178814e-01
9.450903487883457466e-01
9.879668049792530438e-01
9.441217150760718990e-01
9.667971386151976709e-01
9.143442622950820331e-01
9.518672199170123971e-01
9.684719535783364863e-01
9.553278688524589057e-01
9.734309071729957408e-01
9.228452270620944864e-01
9.769076305220883993e-01
9.443148688046647532e-01
9.520474856609310033e-01
9.795280235988200745e-01
9.450446845404828489e-01
9.643153526970954514e-01
9.440904547726137741e-01
9.661202185792350239e-01
9.299300060864272854e-01
9.417482616716332799e-01
9.545675413022352007e-01
9.562581486310299805e-01
9.440896835532850417e-01
9.340379008746355627e-01
9.558632977000324216e-01
9.767175057362667001e-01
9.520474856609311143e-01
9.566436583261431759e-01
9.426536731634183042e-01
9.946011607504386953e-01
9.355885078776644548e-01
9.695858498705781647e-01
9.306254029658285187e-01
9.161134163208852765e-01
9.611973392461197196e-01
9.382716049382715529e-01
9.620991253644315400e-01
9.654218533886583797e-01
9.805922368947579404e-01
9.989348752282409816e-01
9.628829801592657667e-01
9.358410030678938618e-01
9.505872063968016095e-01
9.584411849295370045e-01
9.635245901639344357e-01
9.513805522208884646e-01
9.496740547588005121e-01
9.510803408399269854e-01
9.121951219512195452e-01
9.540300546448088337e-01
9.272238880559721119e-01
9.340944109819302454e-01
9.466453247965853635e-01
9.576071922544951986e-01
9.890040621935844989e-01
9.257253384912959016e-01
9.333239949572769145e-01
9.174054758800522791e-01
9.797590698977447499e-01
9.896196002578980799e-01
9.651452282157676477e-01
9.351073762838468806e-01
9.549180327868853624e-01
9.691256830601092664e-01
9.385125653782370181e-01
9.994396974366157593e-01
9.107812265707002641e-01
9.938104448742747232e-01
9.509491733006736336e-01
9.812379110251451264e-01
9.803187250996016067e-01
9.340477101671130766e-01
9.143553223388305451e-01
9.015031645569620000e-01
9.459344401873137631e-01
9.183359013867488096e-01
9.343015214384509104e-01
9.305578823923604803e-01
9.644908250455246357e-01
9.520776282890819342e-01
9.277316735822959126e-01
9.846743295019156905e-01
9.593872229465449930e-01
9.628727936701156898e-01
9.286274509803921218e-01
9.459308026334219965e-01
9.380933544303797778e-01
9.700216864395968530e-01
9.786067346308310322e-01
9.466371027346637268e-01
9.709908735332464236e-01
9.651624804881510089e-01
9.507513661202185995e-01
9.482240437158470092e-01
9.668646241058171942e-01
9.566492829204694681e-01
9.692941017681199201e-01
9.807171314741035539e-01
9.669995950870562407e-01
9.606701179177452588e-01
9.389867160951498315e-01
9.921952603944941274e-01
9.734479610468654842e-01
9.514506769825918919e-01
9.226205503660691587e-01
9.250683060109288203e-01
9.382006527600397217e-01
9.388781431334621841e-01
9.983680999006669943e-01
9.879381297005818130e-01
9.663922256714806425e-01
9.121025353690992432e-01
9.451603866087687766e-01
9.291774518262870819e-01
9.475123382686407858e-01
9.840248962655601117e-01
9.423588737918475733e-01
9.779607843137254619e-01
9.600539236554561651e-01
9.571428571428571841e-01
9.312255541069099918e-01
9.371675943104513795e-01
9.395487441464452916e-01
8.954175905395418411e-01
9.316371980024295008e-01
9.801974012993502905e-01
9.456479690522243686e-01
9.610196078431372246e-01
9.419084461637652339e-01
9.665882352941176370e-01
9.430758017492710810e-01
9.698605488079172776e-01
9.609284332688587948e-01
9.972357178756909857e-01
9.122065135066902419e-01
9.625812093953023396e-01
9.532150776053215369e-01
9.859799070325386827e-01
9.540975726988704109e-01
9.659873127277636140e-01
9.063129134311187496e-01
9.529194382852919087e-01
9.657172995780590741e-01
9.513217279174726038e-01
9.984553599011430913e-01
9.686541283179939121e-01
9.775273224043715681e-01
9.457019171304885674e-01
9.558970514742628488e-01
9.409561752988048200e-01
9.488338192419825123e-01
9.821877309682187640e-01
9.667296531245782587e-01
9.969260758734442840e-01
9.540110226576852259e-01
9.233555062823355364e-01
9.844035301278150074e-01
9.445863488009081932e-01
9.368541905855338747e-01
9.835346563129134800e-01
9.408469945355191211e-01
9.362649821833495256e-01
9.424832623250152253e-01
9.568092860035092295e-01
9.571448843479494206e-01
9.509493670886075556e-01
9.419778699861687254e-01
9.386847195357833629e-01
9.750000000000000888e-01
9.469564043730598346e-01
9.366362451108213305e-01
9.862527716186252347e-01
9.101397679324894074e-01
9.435860058309037957e-01
9.543817527010804991e-01
9.393358876117496870e-01
9.366858103375823585e-01
9.184059392071718397e-01
9.617616033755274074e-01
9.819403952057013107e-01
9.838797814207650427e-01
9.407431551499347844e-01
9.962099125364430874e-01
9.538953134510043119e-01
9.259475218658892448e-01
9.815214265171124941e-01
9.491033755274261852e-01
9.542660068975858945e-01
9.415629322268326273e-01
9.402769324406573537e-01
9.681205815659597036e-01
9.850581751377832651e-01
9.524497869750456758e-01
9.691690962099125395e-01
9.421101774042950350e-01
9.673114119922631149e-01
9.290052638682683162e-01
9.746700723712217185e-01
9.495159059474412855e-01
9.606924932595430899e-01
9.509562841530053712e-01
9.539765319426336543e-01
9.380466472303207182e-01
9.356423013139431033e-01
9.702772404900064096e-01
9.623789764868602159e-01
9.887026239067056022e-01
9.601659751037343593e-01
9.478849665246500411e-01
9.679644808743169682e-01
9.504093567251461483e-01
9.496584699453551881e-01
9.268214055448098510e-01
9.333239949572769145e-01
9.360887868350554752e-01
9.587463556851312241e-01
9.749800796812749804e-01
9.557654820812715446e-01
9.175750153092467887e-01
9.469320066334991903e-01
9.360799539833190019e-01
9.530300985288162607e-01
9.746355685131196100e-01
9.450853160298005040e-01
9.538502109704641851e-01
9.832113102751830480e-01
9.894281254434510453e-01
8.924360080529192274e-01
9.298245614035087758e-01
9.647859143657462333e-01
9.151841994677125669e-01
9.677419354838709964e-01
9.972968798270003266e-01
9.560802691660659214e-01
9.273470464135020741e-01
9.440677966101694851e-01
9.753234627184206307e-01
9.527811124449779845e-01
9.688396349413298525e-01
9.844752186588922038e-01
9.643874643874643660e-01
9.343229869545659483e-01
9.846550612508059297e-01
9.435416317641145412e-01
9.126317523056654002e-01
9.546284224250326522e-01
9.304287690179806614e-01
9.429892141756548440e-01
9.525449674703405645e-01
9.790691074215978063e-01
9.562217923920051099e-01
9.931434599156118148e-01
8.886971527178603170e-01
9.038106540084388518e-01
9.306087696892294536e-01
9.714552487661730629e-01
9.799070325386115554e-01
9.286202185792349351e-01
9.767581346528715347e-01
9.658215436335620963e-01
9.133673903788847026e-01
9.548082775410834389e-01
9.608695652173911972e-01
9.637394514767932963e-01
9.682576459684892889e-01
9.244621513944222269e-01
9.749674054758800112e-01
9.159896840747904223e-01
9.303780964797913056e-01
9.217677545874772838e-01
9.297595520421607640e-01
9.735935706084959396e-01
9.739605505889030734e-01
9.733843154895787109e-01
8.810980392156863017e-01
9.595435684647302121e-01
9.801020408163265696e-01
9.752988047808764938e-01
9.396551724137931494e-01
9.605903834449178724e-01
9.673306772908365492e-01
9.620790855730614322e-01
9.639555222388804800e-01
9.415099373082566059e-01
9.591218305504020103e-01
9.308773555761508112e-01
9.972337482710926793e-01
9.992426155011361333e-01
9.621584699453552547e-01
9.465981012658227778e-01
9.660848588051652586e-01
9.325962018990504587e-01
9.202927215189873333e-01
9.115646258503401489e-01
9.458607648129990775e-01
9.654416505480335475e-01
9.042380888109057269e-01
9.901095556908094952e-01
9.688097971680060816e-01
9.373307543520309482e-01
9.733226623982926817e-01
9.622231012658227778e-01
9.458240946045823883e-01
9.709016393442623238e-01
9.649810897884857352e-01
9.406097210238710815e-01
9.699926090169992410e-01
9.745901639344262124e-01
9.633853541416566024e-01
9.498368099900666994e-01
9.427083333333333703e-01
9.998455359901142758e-01
9.342213114754097658e-01
9.107883817427385731e-01
8.969696969696969724e-01
9.153622822519565938e-01
9.822404371584698701e-01
9.175294794362957029e-01
9.566342057212416927e-01
9.756542909312233558e-01
9.668367346938775420e-01
9.406802537454447277e-01
9.679269882659712332e-01
9.990770042194092593e-01
9.491834255635038797e-01
9.406649616368286670e-01
9.933743169398906447e-01
9.167349726775956276e-01
9.705251199192124201e-01
9.488765463266851663e-01
9.084832583708145615e-01
9.206482045039562356e-01
9.597323908104014034e-01
9.345111394919823899e-01
9.856935654008438519e-01
9.723346828609986670e-01
9.848484848484848619e-01
9.535835650293481569e-01
9.936853317102860572e-01
9.649810897884858463e-01
9.668839634941329697e-01
9.499257659603186355e-01
9.282786885245901676e-01
9.291917635523182506e-01
9.546193643754619096e-01
9.431262582686222862e-01
9.817563388991960016e-01
9.469957902793724180e-01
8.948207679550964633e-01
9.847745750184774272e-01
9.559497413155949586e-01
9.660368870895186255e-01
9.481144514767932963e-01
9.262806868170853081e-01
9.640593306288033348e-01
