9.854040839804429908e-01
9.816892327530625240e-01
9.771865889212828504e-01
9.800829875518672907e-01
9.658215436335622073e-01
9.930152143845090151e-01
9.944670121865808454e-01
9.819465267366316308e-01
9.945306725794530456e-01
9.855191256830601043e-01
9.887239109118924896e-01
9.915566907904073135e-01
9.912314635718890710e-01
9.670693126258268491e-01
9.589688217033338624e-01
9.872995600964948881e-01
9.917667701444190520e-01
9.859972677595627566e-01
9.835082458770615377e-01
9.837679269882659838e-01
9.839265212399541660e-01
9.726141078838174137e-01
9.885696632684584095e-01
9.917638483965014462e-01
9.769916594765601925e-01
9.906381856540085185e-01
9.921341070277240881e-01
9.831334332833583378e-01
9.814863102998696576e-01
9.894308943089431541e-01
9.748962655601660643e-01
9.873840445269015387e-01
9.787172011661807725e-01
9.802069275753485522e-01
9.723785166240408451e-01
9.856916882369859412e-01
9.925222893298821791e-01
9.893803098450775213e-01
9.917833231892878576e-01
9.876901798063624227e-01
9.883953581432574076e-01
9.795219123505976011e-01
9.877043034937771360e-01
9.928733398121152298e-01
9.710422247735680523e-01
9.809766763848395410e-01
9.677290836653384964e-01
9.850108432197983710e-01
9.769080821712400331e-01
9.918431372549019187e-01
9.759850445786597550e-01
9.852353320438427264e-01
9.906629318394024608e-01
9.775510204081632182e-01
9.875543559754086376e-01
9.726274509803921609e-01
9.787878787878787623e-01
9.800834052343974090e-01
9.879292247713300501e-01
9.900874635568512883e-01
9.677595628415299744e-01
9.856935654008439629e-01
9.967930029154519200e-01
9.785733122362869629e-01
9.946070878274267946e-01
9.932855280312907764e-01
9.913265306122449605e-01
9.868389131489567756e-01
9.864541832669322385e-01
9.765295358649789259e-01
9.868169398907103984e-01
9.713937918441875041e-01
9.785528031290743334e-01
9.926819620253164445e-01
9.810951760104301700e-01
9.809037900874635341e-01
9.845938375350140603e-01
9.812338222605694327e-01
9.699689566743150415e-01
9.779748706577975348e-01
9.847457627118643142e-01
9.844516038660877655e-01
9.802942367391010992e-01
9.844789356984479101e-01
9.895787139689578016e-01
9.861325115562404875e-01
9.943977591036413655e-01
9.764966740576497273e-01
9.770114942528735913e-01
9.971994535519125291e-01
9.893571732652192141e-01
9.826060878692457479e-01
9.777919682134241786e-01
9.857823224541252261e-01
9.785295026258882256e-01
9.928819444444445530e-01
9.759793052475979058e-01
9.798424467099164925e-01
9.917349726775956942e-01
9.819672131147541005e-01
9.811838244674064846e-01
9.848606109110311646e-01
9.918756128309287323e-01
9.856050382366172702e-01
9.849726775956284541e-01
9.800099950024987461e-01
9.838168923275305566e-01
9.968218773096821916e-01
9.727005995662711957e-01
9.896926536731633917e-01
9.813852813852813606e-01
9.733432312052908708e-01
9.881509862352774176e-01
9.838114754098360448e-01
9.910600255427841621e-01
9.782920469361147120e-01
9.832650273224043946e-01
9.767827529021557709e-01
9.928025191183085241e-01
9.846317711503347336e-01
9.791102514506769827e-01
9.831961128357402657e-01
9.746414602346805678e-01
9.921041975975164462e-01
9.735686274509803839e-01
9.705394190871368121e-01
9.891875193080011952e-01
9.961272475795297510e-01
9.918994769741038553e-01
9.931693989071037620e-01
9.903688524590164022e-01
9.911594007288433428e-01
9.904924081169291794e-01
9.845628415300546887e-01
9.785295026258881146e-01
9.860304287690179192e-01
9.799562682215743337e-01
9.773323615160349753e-01
9.738183503243744710e-01
9.673615337796713787e-01
9.831967213114753967e-01
9.880235327076620777e-01
9.659061277705345283e-01
9.877444589308996825e-01
9.667098073051481055e-01
9.831862446743760975e-01
9.881744271988175399e-01
9.840637450199203329e-01
9.952085301660142935e-01
9.807834441980783913e-01
9.916779127305443975e-01
9.907782276203329630e-01
9.802493346407059605e-01
9.904962367648935118e-01
9.935684647302904793e-01
9.637548891786180683e-01
9.779661016949152685e-01
9.690522243713732831e-01
9.822157434402333243e-01
9.918581166372129054e-01
9.891393442622951060e-01
9.788251366120219732e-01
9.808277541083384454e-01
9.827006583555120134e-01
9.815100154083205020e-01
9.930974978429680800e-01
9.918404995033347493e-01
9.964242239805234380e-01
9.624778761061947296e-01
9.824561403508772495e-01
9.931839654474288182e-01
9.892779360026804358e-01
9.927275453591243304e-01
9.826876685114233068e-01
9.883665338645418741e-01
9.776119402985073981e-01
9.879152280033337563e-01
9.865506329113924444e-01
9.864442778610694740e-01
9.941981747066492847e-01
9.818774445893089231e-01
9.913950456323338267e-01
9.787915166066426531e-01
9.730117340286832395e-01
9.860548807917228764e-01
9.828497743391360064e-01
9.959783755274261852e-01
9.902085994040017436e-01
9.740315027671350157e-01
9.927113702623906466e-01
9.931284357821089648e-01
9.640125955915429534e-01
9.818602045104356524e-01
9.794303797468354444e-01
9.866362451108212639e-01
9.864745011086475390e-01
9.798830409356725779e-01
9.815926370548219149e-01
9.755702523957350270e-01
9.816166883963494127e-01
9.840059387231745447e-01
9.794238683127572953e-01
9.815665263426457399e-01
9.874793822162244439e-01
9.956134431097314330e-01
9.861338797814207524e-01
9.848109517601042473e-01
9.855021711724331057e-01
9.925059532147360031e-01
9.854040839804429908e-01
9.761904761904762751e-01
9.971914264597191435e-01
9.754505463317724168e-01
9.858955324605209736e-01
9.940020992652570664e-01
9.772547468354431111e-01
9.847569744032211858e-01
9.942643724156329244e-01
9.888526727509778791e-01
9.758064516129032473e-01
9.897119341563785921e-01
9.922630560928432653e-01
9.874414644529587726e-01
9.750683060109289757e-01
9.713797814207649761e-01
9.875124166311906038e-01
9.897044403978147997e-01
9.813258636788049216e-01
9.899145538590838900e-01
9.711676732815645030e-01
9.754495159059475284e-01
9.922635720955048644e-01
9.736283185840708398e-01
9.811619211964337506e-01
9.893089960886570777e-01
9.661723818350325121e-01
9.865836791147993834e-01
9.964652527677737570e-01
9.680500658761528321e-01
9.912268862194628660e-01
9.879351265822784445e-01
9.912616405153718002e-01
9.695491500369549653e-01
9.695114409400124034e-01
9.853321829163071977e-01
9.767759562841531462e-01
9.886178861788618155e-01
9.775178596442078982e-01
9.848832501012282359e-01
9.732240437158470314e-01
9.747899159663864221e-01
9.720304860511935763e-01
9.773705179282868860e-01
9.879793061472915694e-01
9.883966244725738148e-01
9.819502074688797322e-01
9.898305084745762095e-01
9.947979191676670219e-01
9.621584699453552547e-01
9.861379754996776326e-01
9.905385735080058929e-01
9.959557258407832903e-01
9.852020860495436239e-01
9.736573542543691673e-01
9.797549967762733125e-01
9.872531166830087468e-01
9.880791722896985485e-01
9.541176470588235148e-01
9.854573287409107429e-01
9.829446064139941708e-01
9.823453190800128798e-01
9.912727834414580830e-01
9.898445160386608599e-01
9.849007765314926610e-01
9.794298671849692717e-01
9.715294117647059746e-01
9.834006563998989314e-01
9.869281045751634451e-01
9.719598140650772544e-01
9.780737704918032183e-01
9.801749271137025765e-01
9.853976531942634232e-01
9.853388658367912001e-01
9.815964523281597298e-01
9.870867035617992835e-01
9.879432624113475558e-01
9.871830788625858277e-01
9.922863924050633333e-01
9.936766623207300420e-01
9.936265583415044844e-01
9.871130410421626866e-01
9.921243082162622962e-01
9.912786400591279135e-01
9.695680206318504357e-01
9.957123098201936529e-01
9.857871720116617720e-01
9.873608534322819708e-01
9.905295451513937977e-01
9.874274661508704032e-01
9.896536212325685034e-01
9.785670545009185206e-01
9.919778699861687699e-01
9.715849156118143704e-01
9.870250231696015009e-01
9.825212579295451443e-01
9.835495829471733176e-01
9.872506942691240406e-01
9.791427477994643080e-01
9.829059829059828557e-01
9.843311160384331515e-01
9.912943717100822782e-01
9.852005532503457230e-01
9.918908227848101111e-01
9.897044403978147997e-01
9.861687413554633963e-01
9.841014147639726151e-01
9.874736286919830741e-01
9.772475795297371759e-01
9.710235131396958153e-01
9.730381722718888238e-01
9.892536919831222963e-01
9.787483702737940217e-01
9.776892430278883994e-01
9.910349854227404887e-01
9.793643945930399219e-01
9.667535853976532145e-01
9.773907103825136833e-01
9.835268871497097054e-01
9.792828685258964105e-01
9.707362668967500774e-01
9.883924956134431117e-01
9.863679308948576363e-01
9.671447196870925911e-01
9.761612021857923871e-01
9.860995850622407133e-01
9.863754889178617535e-01
9.744169096209912562e-01
9.811066126855599867e-01
9.799081515499427075e-01
9.823061928325085290e-01
9.811267205903221322e-01
9.932412999712395552e-01
9.971284493626557666e-01
9.853297614491643985e-01
9.819672131147541005e-01
9.949235232067510371e-01
9.907612712490762030e-01
9.809467299578058519e-01
9.790835181079083904e-01
9.849854227405248075e-01
9.829580036518563713e-01
9.979508196721311730e-01
9.941041127408686284e-01
9.840103159252094889e-01
9.748800807876798480e-01
9.853801169590643561e-01
9.891443167305236095e-01
9.833466135458167612e-01
9.891352549889135259e-01
9.832542194092827037e-01
9.792313377679231490e-01
9.935213929005264344e-01
9.867346938775509724e-01
9.789073305670815683e-01
9.641932700603970119e-01
9.863670790204495109e-01
9.947257383966244815e-01
9.926962872793670956e-01
9.861589488455160257e-01
9.965163934426228831e-01
9.943291839557399925e-01
9.701244813278007140e-01
9.823770491803278659e-01
9.826336831584208120e-01
9.809470264867565792e-01
9.808743169398906891e-01
9.817427385892116831e-01
9.820703179717047426e-01
9.797076770256847311e-01
9.909620991253644817e-01
9.905672163918041173e-01
9.706052875695732052e-01
9.664928292046934821e-01
9.922011661807580429e-01
9.710743801652892415e-01
9.836111500210114045e-01
9.821200510855683241e-01
9.703286670724284857e-01
9.887874837027379460e-01
9.884599811040626349e-01
9.864140834290087145e-01
9.817591204397801974e-01
9.830084957521240119e-01
9.864354163854771596e-01
9.840079960019990635e-01
9.818090307736554445e-01
9.880266075388026703e-01
9.772930220691414815e-01
9.914529914529914834e-01
9.885919165580182577e-01
9.912280701754386802e-01
9.839634941329855611e-01
9.916594765602531059e-01
9.817378691983122962e-01
9.679035250463821072e-01
9.771899041706033628e-01
9.818774445893090341e-01
9.849418686090489761e-01
9.821428571428572063e-01
9.929815089755702484e-01
9.909427222860058837e-01
9.894125683060108756e-01
9.817371297095197624e-01
9.941217150760719434e-01
9.837450199203187085e-01
9.957725947521866017e-01
9.810590903027878174e-01
9.796680497925310815e-01
9.809128630705394869e-01
9.953775038520801255e-01
9.729694092827003704e-01
9.843991350015446340e-01
9.818362423726408883e-01
9.903061224489796421e-01
9.895009129640900403e-01
9.797131147540983909e-01
9.771318478807169416e-01
9.900370713623725116e-01
9.675394790120124267e-01
9.904214559386973482e-01
9.948914431673052672e-01
9.831485587583148611e-01
9.723180903077366377e-01
9.769017980636238718e-01
9.909981628903857809e-01
9.843937575030012876e-01
9.926440815224726322e-01
9.791469833985693150e-01
9.733301583521847267e-01
9.744169096209911451e-01
9.897422054258333546e-01
9.860210071053445713e-01
9.926694329183956000e-01
9.824094604582409573e-01
9.765825347550277646e-01
9.934772829509672665e-01
9.808060109289618023e-01
9.834010365597423142e-01
9.989380309845078409e-01
9.812081558125380631e-01
9.668653327657159569e-01
9.802204531537048737e-01
9.862352774230169761e-01
9.977175897748021827e-01
9.883196721311475752e-01
9.704702627939143511e-01
9.938986716095150609e-01
9.707144660439283035e-01
9.750345781466114303e-01
9.877290836653386252e-01
9.705140776019050008e-01
9.779371584699452224e-01
9.834024896265560756e-01
9.890613451589062022e-01
9.904371584699452891e-01
9.894808743169398735e-01
9.865836791147994944e-01
9.933864219192872769e-01
9.817470664928291679e-01
9.902745098039216209e-01
9.609707851491174901e-01
9.738831151302469458e-01
9.822510822510822637e-01
9.772475795297372869e-01
9.830601092896175119e-01
9.835408022130014416e-01
9.770980392156862759e-01
9.878811072840923968e-01
9.881924198250728875e-01
9.923066540693750159e-01
9.893741851368970108e-01
9.757952973720608325e-01
9.843828085957021523e-01
9.815602836879432358e-01
9.789272030651341439e-01
9.798918776371308148e-01
9.852881630449453754e-01
9.802267512484815759e-01
9.832599706549285390e-01
9.904138770541692782e-01
9.942528735632184533e-01
9.773568057150147093e-01
9.766081871345029253e-01
9.770739630184908098e-01
9.771186440677965823e-01
9.849726775956284541e-01
9.897811181434599259e-01
9.845089903181190039e-01
9.781966001478196171e-01
9.930481991525423879e-01
