9.787891860799540211e-01
9.698259187620889010e-01
9.704081632653061007e-01
9.589903181189487480e-01
9.312228603445861230e-01
9.114799446749655143e-01
9.394172853340804208e-01
9.890054972513743214e-01
9.901699926090169468e-01
9.338114754098360004e-01
9.651211654293317954e-01
9.662267631616290320e-01
9.712443584784009598e-01
9.932412999712395552e-01
9.891348360102577564e-01
9.457925358308498787e-01
9.825212579295451443e-01
9.909153005464481634e-01
9.973763118440779341e-01
9.867014341590613080e-01
9.376195943360122742e-01
9.784232365145228982e-01
9.962156317578003684e-01
9.947521865889212833e-01
9.509634742594190726e-01
9.554324894514768518e-01
9.641521598968407769e-01
9.875062468765617441e-01
9.526727509778357694e-01
9.502586844050259218e-01
9.765560165975103457e-01
9.586270871985157482e-01
9.483965014577260266e-01
9.463937621832358982e-01
9.817561807331627310e-01
9.680040264595916044e-01
9.456427955133736019e-01
9.885057471264367956e-01
9.549604382227632193e-01
9.397648686030428689e-01
9.452447645724956216e-01
9.494820717131474686e-01
9.753336332283700782e-01
9.735989633948818334e-01
9.886465110345707963e-01
9.584548104956267522e-01
9.684462151394421792e-01
9.295828549559892462e-01
9.617633828160143672e-01
9.482352941176470651e-01
9.776387690537819974e-01
9.259187620889748338e-01
9.679871948779511515e-01
9.551749271137026653e-01
9.660368870895186255e-01
9.885490196078431380e-01
9.433111603843310489e-01
9.626114466494104516e-01
9.532913480281901553e-01
9.706268221574343436e-01
9.191256830601093331e-01
9.924841772151898889e-01
9.388483965014577937e-01
9.894514767932489629e-01
9.472615212214595681e-01
9.256192959582789648e-01
9.806851311953352912e-01
9.596069868995632524e-01
9.703585657370517037e-01
9.339398734177215555e-01
9.582650273224043724e-01
9.839470480827754439e-01
9.737940026075619926e-01
9.783755274261602963e-01
9.692307692307692291e-01
9.422740524781341165e-01
9.454448446045085053e-01
9.380931837791199879e-01
9.516129032258064946e-01
9.660753880266075289e-01
9.791395045632333982e-01
9.425689872531166635e-01
9.779997300580375308e-01
9.770879526977087615e-01
9.626755358462675272e-01
9.643507494046785755e-01
9.629185007336267255e-01
9.940872135994086589e-01
9.805591031644671496e-01
9.942622950819671734e-01
9.465020576131687458e-01
9.622881991303043892e-01
9.655172413793102759e-01
9.681327917075220890e-01
9.446246524559778202e-01
8.888888888888889506e-01
9.904656319290465749e-01
9.718875502008031964e-01
9.829234972677596271e-01
9.937841530054645212e-01
9.599438703916315374e-01
9.615179405095370946e-01
9.883036839893541980e-01
9.843304843304843121e-01
9.837503595053206373e-01
9.744502748625687438e-01
9.783365570599613648e-01
9.553584626755358133e-01
9.574563082025768779e-01
9.765742128935532840e-01
9.087816944959802301e-01
9.748279119989202712e-01
9.311763871150844363e-01
9.935792349726775274e-01
9.690648502909039452e-01
9.720338983050846871e-01
9.603142076502731994e-01
9.665773695624442219e-01
9.924276503223872226e-01
9.737522824102252672e-01
9.674403610573822920e-01
9.744904845458226550e-01
9.831160365058669859e-01
9.467539479012012649e-01
9.736470588235294210e-01
9.713692946058091193e-01
9.963700957676860925e-01
9.995850622406639019e-01
9.675979078964154212e-01
9.340846994535518810e-01
9.325136612021858173e-01
9.589688217033337514e-01
9.469987228607918972e-01
9.176229508196721563e-01
9.508804448563483724e-01
9.546334716459198289e-01
9.925655976676385217e-01
9.741253644314868954e-01
9.540469570590053294e-01
9.510042604990870396e-01
9.953551912568305848e-01
9.669421487603305776e-01
9.731421121251628836e-01
9.828552803129074755e-01
9.965487489214841510e-01
9.478088861838100954e-01
9.433850702143384837e-01
9.628685258964144733e-01
9.889323795383992977e-01
9.846267553584627796e-01
9.661868346078872349e-01
9.590643274853801747e-01
9.746463090068637758e-01
9.361525704809287030e-01
9.360304287690179859e-01
9.820730117340287224e-01
9.738591916558018147e-01
9.574468085106382365e-01
9.574344023323615449e-01
9.271648573592528031e-01
9.577185792349727222e-01
9.514344262295081345e-01
9.183657942787584183e-01
9.981089788485782988e-01
9.869729654013167375e-01
9.931693989071038731e-01
9.890024123740598361e-01
9.544278758368837101e-01
9.663716814159292179e-01
9.943198159332757857e-01
9.254285328654339171e-01
9.815714525046070893e-01
9.513420302893986769e-01
9.872286079182630569e-01
9.853386454183267196e-01
9.761449164434238268e-01
9.580902488391473959e-01
9.604430379746835555e-01
9.761994002998500841e-01
9.394393741851368995e-01
9.745762711864406347e-01
9.823337679269882328e-01
9.542483660130718359e-01
9.689700130378096077e-01
9.360473834158045126e-01
9.306898774983881628e-01
9.629483122362869629e-01
9.478501489995743157e-01
9.487015751383567341e-01
9.371558147068351774e-01
9.689530234882558490e-01
9.616134352976457578e-01
9.666619974786384573e-01
9.412579113924051111e-01
9.764015645371577623e-01
9.810051736881004736e-01
9.552631578947368141e-01
9.480458850206748833e-01
9.560669456066945848e-01
9.563233376792698026e-01
9.653124578215683815e-01
9.592024975166737466e-01
9.811838244674065956e-01
9.960263907632328495e-01
9.322445674180050990e-01
9.234972677595628676e-01
9.663624511082137269e-01
9.969883737218097064e-01
9.413783443059251521e-01
9.375898763301697691e-01
9.906629318394023498e-01
9.716186252771618070e-01
9.621115368241804910e-01
9.795518963422864545e-01
9.619883040935672813e-01
9.710574894514767408e-01
9.869859073914293290e-01
9.536481259170334068e-01
9.795306388526727748e-01
9.443852708460134249e-01
9.358592308783879599e-01
9.934880722114763918e-01
9.992195260394494127e-01
9.924863387978142271e-01
9.906420765027322828e-01
9.894281254434510453e-01
9.637204090208713048e-01
9.831932773109243184e-01
9.885137974506233993e-01
9.762007477710669123e-01
9.406639004149377481e-01
9.656529278378017667e-01
9.772271386430677609e-01
9.275956284153005216e-01
9.825293350717079210e-01
9.448563484708062399e-01
9.555325034578145971e-01
9.497132186207816185e-01
9.578392621870882584e-01
9.475637737886354328e-01
9.916271097046414074e-01
9.568822553897180505e-01
9.409460458240945790e-01
9.466295609152751700e-01
9.616767328156456962e-01
9.781420765027322162e-01
9.461197339246119054e-01
9.761871410561703266e-01
9.449993251450937715e-01
9.803961748633879258e-01
9.713885554221688423e-01
9.086856485475984790e-01
9.701992031872510580e-01
9.901856360316494410e-01
9.576081223628691852e-01
9.286998616874135859e-01
9.837027379400260507e-01
9.746565292783779810e-01
9.209016393442622794e-01
9.333333333333332371e-01
9.683406113537118554e-01
9.499787143465303618e-01
9.523468057366363260e-01
9.667049368541905663e-01
9.775628626692456358e-01
9.575570808236447684e-01
9.405458089668615740e-01
9.992941176470587772e-01
9.719351958157929072e-01
9.980320699708454812e-01
9.592646582442501124e-01
9.386777880753783831e-01
9.486622776299201698e-01
9.460742018981881385e-01
9.586167800453515575e-01
9.727058823529411979e-01
9.545569300681645553e-01
9.537815126050419590e-01
9.632628579997001284e-01
9.668032786885245589e-01
9.922011661807579319e-01
9.771186440677965823e-01
9.479253112033194650e-01
9.110864745011086896e-01
9.965942954448702151e-01
9.573823339780785924e-01
9.722650231124807529e-01
9.315005274261602963e-01
9.786831812255540886e-01
9.534948872391091346e-01
9.442498949432693855e-01
9.811976727685539634e-01
9.308943089430893325e-01
9.844616376531271085e-01
9.556708160442599631e-01
9.534256559766765005e-01
9.463126159554730021e-01
9.605175403494732311e-01
9.665377176015473859e-01
9.391213075423602286e-01
9.774647887323942852e-01
9.899723374827108513e-01
9.566191983122362963e-01
9.681031819586035647e-01
9.661222837090025495e-01
9.569817732468334226e-01
9.445847008331229588e-01
9.392141854828421899e-01
9.739841055630529265e-01
9.675535846267553364e-01
9.574841409097043510e-01
9.710926694329183873e-01
9.204245780590717407e-01
9.476117103235746075e-01
9.816735822959888891e-01
9.617593500490264624e-01
9.648602320675105926e-01
9.424619640387275066e-01
9.903181189488243774e-01
9.686391372215126250e-01
9.496308016877637037e-01
9.728161668839634402e-01
9.522709163346614325e-01
9.718658892128279048e-01
9.552775381075639949e-01
9.887874837027378350e-01
9.788934426229508601e-01
9.239459732390811197e-01
9.643027888446215057e-01
9.719585849870577832e-01
9.817114320421108653e-01
9.541773518693481559e-01
9.495436766623207570e-01
9.444672131147541227e-01
9.639004149377593533e-01
9.765319426336375175e-01
9.514577259475218707e-01
9.934772829509670444e-01
9.469320066334991903e-01
9.606387764282500186e-01
9.846743295019156905e-01
9.596635030198445993e-01
9.922258019330438827e-01
9.570098226814645059e-01
9.877049180327869271e-01
9.598496835443037778e-01
9.864005912786399932e-01
9.574103375527426296e-01
9.798226164079821832e-01
9.857871720116617720e-01
9.692635423006695783e-01
9.422814207650273000e-01
9.880644233534655596e-01
9.609284332688587948e-01
9.765841959101236869e-01
9.380716749137801846e-01
9.685681850432807938e-01
9.602390438247011550e-01
9.750923872875092435e-01
9.697389240506328889e-01
9.289726533628973604e-01
9.540423808881091094e-01
9.784256559766764116e-01
9.485477178423237232e-01
9.559246476847856888e-01
9.960868467558697814e-01
9.835838607594936667e-01
9.819689592209372986e-01
9.703406046689628806e-01
9.683743169398907336e-01
9.569156293222683685e-01
9.712309820193637533e-01
9.944672131147540561e-01
9.612693653173413066e-01
9.615192403798101806e-01
9.772540983606556875e-01
9.824343015214384023e-01
9.642807115842554344e-01
9.106002554278416206e-01
9.437317784256560316e-01
9.885682158920540141e-01
9.728664192949907363e-01
9.671447196870925911e-01
9.513848396501457527e-01
9.786384647709762685e-01
9.574870430032217383e-01
9.145026252305945569e-01
9.555690809494826743e-01
9.617992177314210744e-01
9.889998650290187099e-01
9.557341497640005068e-01
9.216016991504247802e-01
9.264742628685658232e-01
9.325145093804831919e-01
9.633933033483258468e-01
9.657031924072476681e-01
9.678492239467849645e-01
9.446995790279372196e-01
9.443694706852602261e-01
9.934159061277705316e-01
9.535519125683059594e-01
9.634941329856584469e-01
9.570031636468220304e-01
9.752109704641349630e-01
9.721706864564008121e-01
9.652449723309488583e-01
9.503259452411993990e-01
9.939767474436196348e-01
9.669825072886297779e-01
9.524902146038601858e-01
9.325169026661563887e-01
9.887295081967213406e-01
9.452113891285590652e-01
9.692254495159059458e-01
9.980876494023904755e-01
9.789358600583091263e-01
9.860610911031079118e-01
9.550484094052559270e-01
9.744121715076072832e-01
9.879534948872391587e-01
9.515427215189873333e-01
9.503398208217485044e-01
9.379168440471122858e-01
9.965014577259474482e-01
9.870663420572124425e-01
9.844945355191256908e-01
9.813201541296699970e-01
9.840902069817732967e-01
9.815089755702524066e-01
9.990066695047538081e-01
9.670072371221796192e-01
9.529194382852920198e-01
9.785734828875467528e-01
9.555325034578145971e-01
9.563992651561542546e-01
9.925303454715218576e-01
9.953435011472533400e-01
8.920907004993925415e-01
9.523157518752232154e-01
9.672740524781341387e-01
9.445269267107573308e-01
9.451652764905776882e-01
9.931535269709543812e-01
9.261640798226165039e-01
9.775273316237008681e-01
9.400209926525715520e-01
9.816939890710382199e-01
9.679927160666760289e-01
9.736381809095452367e-01
9.814363968350579004e-01
9.629629629629629095e-01
9.954072259644826115e-01
9.831843337590463472e-01
9.407334144856969171e-01
9.898224043715846410e-01
9.439834024896265330e-01
9.635464936669756453e-01
9.409240090886139551e-01
9.320193637621023708e-01
9.197609561752988494e-01
9.502731474996498617e-01
9.730874316939890356e-01
9.621023513139694838e-01
9.750184774575018087e-01
9.634742594190393028e-01
9.786885245901638664e-01
9.655601659751037458e-01
9.721959778647590866e-01
9.456323337679269914e-01
9.976470588235294423e-01
9.274954351795496876e-01
9.564718585504116133e-01
9.782931354359926113e-01
9.466804979253112817e-01
9.840846994535519254e-01
9.473720608575380009e-01
9.847058823529410976e-01
9.658119658119658224e-01
9.115160349854227739e-01
9.495883385072209082e-01
9.529986962190352129e-01
9.939142461964037834e-01
9.508370814592703724e-01
9.528691166989038397e-01
9.622534411806441534e-01
9.822652953586498148e-01
9.660547982183830262e-01
9.675394790120124267e-01
9.517807122849140100e-01
9.411898965307364806e-01
9.699872286079181949e-01
8.921418548284220096e-01
9.916029389713600928e-01
9.542103948025986160e-01
9.821382007822685445e-01
9.760245901639343913e-01
9.965058016877637037e-01
9.610650069156292385e-01
9.689578713968958201e-01
9.463118580765639276e-01
9.587058322690507062e-01
9.427198817442719037e-01
9.562682215743441017e-01
9.271137026239066881e-01
9.403688524590164688e-01
9.758148631029986975e-01
9.972620599739243641e-01
9.763125927925495606e-01
9.539161392405063333e-01
9.948172012886958848e-01
9.344948265368229201e-01
9.837503595053207484e-01
9.745019920318725992e-01
9.504104540123974321e-01
9.798661954052007017e-01
9.703103913630228838e-01
9.459101237061348089e-01
9.506882361288491179e-01
9.638942617666022006e-01
9.954109866378728633e-01
9.409581173833869716e-01
9.691939890710382643e-01
9.744229990552031317e-01
9.660365058670143945e-01
9.612068965517240882e-01
9.920908829450676425e-01
9.841392649903288881e-01
9.709915611814345926e-01
9.707362668967500774e-01
9.665300546448086783e-01
9.808060109289616912e-01
9.831967213114753967e-01
9.791102514506769827e-01
9.882219384135092488e-01
9.593294460641399457e-01
9.904172099087352743e-01
9.748184307655672898e-01
9.467787114845939156e-01
9.899015400151476296e-01
9.659907966637906185e-01
9.733258370814592553e-01
9.645965189873417778e-01
9.985992435915393983e-01
9.567901234567901536e-01
9.633289677342540269e-01
9.698275862068965747e-01
9.494743351886208993e-01
9.056590558901806975e-01
9.178122690317811472e-01
9.221994535519125735e-01
9.491796718687475209e-01
9.741457124435847215e-01
9.751325422873011739e-01
9.460008404538450266e-01
9.767827529021558819e-01
9.863062296012486962e-01
9.545822648130651844e-01
9.290516879114721904e-01
9.557341497640005068e-01
9.937176644493717070e-01
9.835268871497097054e-01
9.687841530054644990e-01
9.471308833010960715e-01
9.941323839662447037e-01
9.541996348143639839e-01
9.798833819241983267e-01
9.795622362869198518e-01
9.701638884997898504e-01
9.670822244011766378e-01
9.223360655737705693e-01
9.904324531190202840e-01
9.957712698813431240e-01
9.812298641266283816e-01
9.698447893569845935e-01
9.824833702882482811e-01
9.733021964150467831e-01
9.687943262411347067e-01
9.575163398692810857e-01
9.611341632088519216e-01
9.884839650145773593e-01
9.970021686439596298e-01
9.869140063272936469e-01
9.903294651193811360e-01
9.603137254901961128e-01
9.538911381016643709e-01
9.757491504479456346e-01
9.789196310935441847e-01
9.618948824343014348e-01
9.589960886571056164e-01
9.732528041415013931e-01
9.834262948207171950e-01
9.462151394422311235e-01
9.597525194540119653e-01
9.366157725171593285e-01
9.775668679896463154e-01
9.918906394810008686e-01
9.486338797814207746e-01
9.542413531936378979e-01
9.469185784975259201e-01
9.628154946686462434e-01
9.475210970464135185e-01
9.554595761911188756e-01
9.952288845905867820e-01
9.965058016877637037e-01
9.647822057460612166e-01
9.749587644324486657e-01
9.925441265976872041e-01
9.660951498300895945e-01
9.778688524590164466e-01
9.756374652865438257e-01
9.797805842581962521e-01
9.823862869483060978e-01
9.923784872016105929e-01
9.530054644808743092e-01
9.116122706261380326e-01
9.489055907172996296e-01
9.994966925510496703e-01
9.870427858010527578e-01
9.235234085980355001e-01
9.386973180076627621e-01
9.599585062240664213e-01
9.337442218798150950e-01
9.821578153794605637e-01
9.606446776611694549e-01
9.208333333333332815e-01
9.748875562218890511e-01
9.395330004049129435e-01
9.834307992202728776e-01
9.525046382189239491e-01
9.570117424753677993e-01
9.397092170201414296e-01
9.494535519125684164e-01
9.247364953886693106e-01
9.847569744032211858e-01
9.487551867219916613e-01
9.687317784256560538e-01
9.668049792531120401e-01
9.497128449362656211e-01
9.365889212827989141e-01
9.857823224541252261e-01
9.586445366528354439e-01
9.710957722174288209e-01
9.799147900182593185e-01
9.662332744256501016e-01
9.643845089903180234e-01
9.350733390854185645e-01
9.890673505196383442e-01
9.803894102815521316e-01
9.632301442779100942e-01
9.968188105117565811e-01
9.590204897551224406e-01
9.933304952462039816e-01
9.983000739098299992e-01
9.215818599001214251e-01
9.763137254901961271e-01
9.842414904048186752e-01
9.583975346687211294e-01
9.486782720825274184e-01
9.615384615384614531e-01
9.974893487522824564e-01
9.688105117565698476e-01
9.374718848403059690e-01
9.206370630314482106e-01
9.833860759493671111e-01
9.397959183673469941e-01
9.993696596161928403e-01
9.418248622167789685e-01
9.812104430379746667e-01
9.461409160946910868e-01
9.562932226832642213e-01
9.621938904317091090e-01
9.033631332481906195e-01
9.733226623982926817e-01
9.462892010784731411e-01
9.708719851576994575e-01
9.571038251366120742e-01
9.715022566086396472e-01
9.770824464311054225e-01
9.777833880333248739e-01
9.872881355932202618e-01
9.528329019269485833e-01
9.936376210235130513e-01
9.727543635589611659e-01
9.564043730597922011e-01
9.229315697125117790e-01
9.465743440233236328e-01
9.616858237547892818e-01
9.150069156293222372e-01
9.816943380161771149e-01
9.533577379449633682e-01
9.685522151898734444e-01
9.630801687763712593e-01
9.355463347164592047e-01
9.107421597843052830e-01
9.876570583887657184e-01
9.716558541859746656e-01
9.832583708145927748e-01
9.374460742018981829e-01
9.802352941176470935e-01
9.818602045104356524e-01
9.438296680207312050e-01
9.583614522877581532e-01
9.692549019607843430e-01
9.646034816247581745e-01
9.624208860759493334e-01
9.623052437594237229e-01
9.710043423448662114e-01
9.672740524781341387e-01
9.427083333333333703e-01
9.233766233766234066e-01
9.908469945355191655e-01
9.616351147595911808e-01
9.577874818049489924e-01
9.339442231075696377e-01
9.528638856997065920e-01
9.511849013764722693e-01
9.309731012658227778e-01
9.354838709677419928e-01
9.626445526475958525e-01
9.386548410938655440e-01
9.599136185720069658e-01
9.552347046413501852e-01
9.257261410788382161e-01
9.514341590612777066e-01
9.705924647684786022e-01
9.844789356984479101e-01
9.584491813407476357e-01
9.675136944613511591e-01
9.731593942120257967e-01
9.674537731134432716e-01
9.480228606734630858e-01
9.722828723920426963e-01
9.617847138855543099e-01
9.607909299500607680e-01
9.797652147049737970e-01
9.459732390810401403e-01
9.854803830707445922e-01
9.612033195020746046e-01
9.612385665017244563e-01
9.728932988208226496e-01
9.192904656319290657e-01
9.451590594744122553e-01
9.733247052056370752e-01
9.622081252530705342e-01
9.609946983085080330e-01
9.457416655419084162e-01
9.911530964162543755e-01
9.764572495664931573e-01
9.689890710382513817e-01
9.831286273451207425e-01
9.635461604831752069e-01
9.608510070694944449e-01
9.956938379427462404e-01
9.552647595861230023e-01
9.532150776053214258e-01
9.916594765602531059e-01
9.437775110044017701e-01
9.230168866184190746e-01
9.668741355463347231e-01
9.905737704918032849e-01
9.251012145748989113e-01
9.579164999333066310e-01
9.590363071939533857e-01
9.305574301525172398e-01
9.838034822513159749e-01
9.442384924312635652e-01
9.911656118143459260e-01
9.553494391716997880e-01
9.548391350210970741e-01
9.242424242424241987e-01
9.553961748633879036e-01
9.746463090068636648e-01
9.560862865947612477e-01
9.565217391304348116e-01
9.689732455525984500e-01
9.736299161831076798e-01
9.865836791147994944e-01
9.594799293107801885e-01
9.439287888009738614e-01
9.686548995739501233e-01
9.557399723374826461e-01
9.835408022130013306e-01
9.215250329380764160e-01
9.405475880052150961e-01
9.608945527236382178e-01
9.587289029535864815e-01
9.887895558393642315e-01
9.963080168776371481e-01
9.759770275949012364e-01
9.497799119647859500e-01
9.419767907162864828e-01
9.468618143459915926e-01
9.770401106500691268e-01
9.138645418326694081e-01
9.992996217957698102e-01
9.341736694677871267e-01
9.620814592703649248e-01
9.276675294794363147e-01
1.000000000000000000e+00
9.605505889030793165e-01
9.660863958736298773e-01
9.413934426229507713e-01
9.846033773236837483e-01
9.853128991060025044e-01
9.657444005270091614e-01
9.818810511756570492e-01
9.664941041127408372e-01
9.559777571825763820e-01
9.830508474576271638e-01
9.735348375195118642e-01
9.657103825136611475e-01
9.759850445786597550e-01
9.685859949017843196e-01
9.742594190394017195e-01
9.959215686274509594e-01
9.801430310407790447e-01
9.586681974741676493e-01
9.178701579160479795e-01
9.772079772079771409e-01
9.695712309820193608e-01
9.737051792828685937e-01
9.654292639367265672e-01
9.799253034547151797e-01
9.603377323683837119e-01
9.697879151660664387e-01
9.845068565400844074e-01
9.713212025316455556e-01
9.656771799628942610e-01
9.711836955054662379e-01
9.808573540280857150e-01
9.664857359252714275e-01
9.604535024969631518e-01
9.592209373097991820e-01
9.816735822959890001e-01
9.402297399646553089e-01
9.740935672514620114e-01
9.754352814144959805e-01
9.250999500249874608e-01
9.726124592024975035e-01
9.349947257383965926e-01
9.754086069875542719e-01
9.514344262295082455e-01
9.642135824286797163e-01
9.894867037724179859e-01
9.949313058556755740e-01
9.319815933275812370e-01
9.862021857923497503e-01
9.851709947495388420e-01
9.582363747703612766e-01
9.604426002766250914e-01
9.314601958280119831e-01
9.709607661414890734e-01
9.516419253261358957e-01
9.746565292783779810e-01
9.491834255635038797e-01
9.656312913431119860e-01
9.381051175656984764e-01
9.132172791747259488e-01
9.343015214384509104e-01
9.795297372060858265e-01
9.811089619600258382e-01
9.685874349739895806e-01
9.620056687812119645e-01
9.801229508196720452e-01
9.423728813559322237e-01
9.223468507333909550e-01
9.454545454545454364e-01
9.545009185548070096e-01
9.708800690250215526e-01
9.630200308166410039e-01
9.882007822685788812e-01
9.104477611940298143e-01
9.528276420569576910e-01
9.915667166416791689e-01
9.364056590558902382e-01
9.310827847037400629e-01
9.704041720990873587e-01
9.586988797408557694e-01
9.939067096231964937e-01
9.303959131545338490e-01
9.816500910491665621e-01
9.499298379895394495e-01
9.571922544951591005e-01
9.509671614934772643e-01
9.411479944674965292e-01
9.395317806889859069e-01
9.513420302893986769e-01
9.581960784313725554e-01
9.888483965014577270e-01
9.598890388364071935e-01
9.357052808516599374e-01
9.425105485232068148e-01
9.762010347376199881e-01
9.869078148198137113e-01
9.804429105550761525e-01
9.372271386430677254e-01
9.910788381742738906e-01
9.669398907103825547e-01
9.717428817946505148e-01
9.556302742616034074e-01
9.449939135727327688e-01
9.569310122501610838e-01
9.716346827286734822e-01
9.643507494046785755e-01
9.908083441981747619e-01
9.496239534553709838e-01
9.633637548891785807e-01
9.444444444444445308e-01
9.650511276089087653e-01
9.499514091350825806e-01
9.563158596772041165e-01
9.649859943977590060e-01
9.630013831258643631e-01
9.868603042876902265e-01
9.545675413022352007e-01
9.516106144458634786e-01
9.582560296846011072e-01
9.411992263056092600e-01
9.784075573549257943e-01
9.551901998710509156e-01
9.723101265822784445e-01
9.575648523016944136e-01
9.713733075435203590e-01
9.542980828695114548e-01
9.983326663998933759e-01
9.836111500210114045e-01
9.744169096209912562e-01
9.723760932944606195e-01
9.677826026054069386e-01
9.457814661134162915e-01
9.809800128949064391e-01
9.567666870789957034e-01
9.799908703590992642e-01
9.854906195168039451e-01
9.035294117647058032e-01
9.866600790513834207e-01
9.637978142076503163e-01
9.209720627631076129e-01
9.967470340604669410e-01
9.767040552200172421e-01
9.894719792678976500e-01
9.721389305347326593e-01
9.789249032946512052e-01
9.286930608769689011e-01
9.426384839650145953e-01
9.854231340261844219e-01
9.346469872185028116e-01
9.444032158317873238e-01
9.453454641350210741e-01
9.543032786885246033e-01
9.423588737918475733e-01
9.649810897884857352e-01
9.973360655737704139e-01
9.725890356142457005e-01
9.484693877551020336e-01
9.601173802854475747e-01
9.998500524816315016e-01
9.779391424619640061e-01
9.750665359294018453e-01
9.762897744825456137e-01
9.703419894990775729e-01
9.385070214338507855e-01
9.911372549019608069e-01
9.961467582509633267e-01
9.655172413793102759e-01
9.754817371297095363e-01
9.359836497890294815e-01
9.711836955054662379e-01
9.285328654339317644e-01
9.650069156293222816e-01
9.850182210824672824e-01
9.586844050258684913e-01
9.430438842203547889e-01
9.706835114998380032e-01
9.516491754122937685e-01
9.835071707953063624e-01
9.440809494826536419e-01
9.638297872340425565e-01
9.706541532427510610e-01
9.624952162265595357e-01
9.703319502074688740e-01
9.497233748271092235e-01
9.510055338102307854e-01
9.717150760719225344e-01
9.394808743169399401e-01
9.498582804696990012e-01
9.246365212751768148e-01
9.953617810760668760e-01
9.862408482706387369e-01
9.740242616033755185e-01
9.467201166180758687e-01
9.949803921568627363e-01
9.434657671164418113e-01
9.838192419825072532e-01
9.854080221300137721e-01
9.514108649789029259e-01
9.563233376792699136e-01
9.526727509778357694e-01
9.889558232931726645e-01
9.378284923928077443e-01
9.674403610573822920e-01
9.598245614035088025e-01
9.692067546473676076e-01
9.678278688524589723e-01
9.585130859936726866e-01
9.536733148194900256e-01
9.653127014829142594e-01
9.231340261843704598e-01
9.652503293807641604e-01
9.616858237547891708e-01
9.654101995565409489e-01
9.552151238591916060e-01
9.809286898839137958e-01
9.542349726775954943e-01
9.589444923784872232e-01
9.802991084268046773e-01
9.852206775543258521e-01
9.623798965262380101e-01
9.577752264319427944e-01
9.538802660753880058e-01
9.821200510855683241e-01
9.739728143342600841e-01
9.520389249304911372e-01
9.887657058388765741e-01
9.381147540983607591e-01
9.067255021302494944e-01
9.417601380500431052e-01
9.415884577671943534e-01
9.899247906910741968e-01
9.855617088607594445e-01
9.772810777709736163e-01
9.871369294605809586e-01
9.264577259475218485e-01
9.709803921568627150e-01
9.627501064282673049e-01
9.981778425655976061e-01
9.798431372549019081e-01
9.878526116884869257e-01
9.519503306789039998e-01
9.491693037974683334e-01
9.556062581486309826e-01
9.314139941690962043e-01
9.515831797621042698e-01
9.671677215189873333e-01
9.789981552433659751e-01
9.789257455873402458e-01
9.985218033998521925e-01
9.495617529880477914e-01
9.742961199047486254e-01
9.604426002766252024e-01
9.992276799505714902e-01
9.434440442843804453e-01
9.785014899957428236e-01
9.699175157690441695e-01
9.666883963494132814e-01
9.380399742101869220e-01
9.740524781341108884e-01
9.555062823355506829e-01
9.451108213820078596e-01
9.392076502732240595e-01
9.608488583835270713e-01
9.556302742616034074e-01
9.709183673469388154e-01
9.711884753901560696e-01
9.404659188955997173e-01
9.408973252804141429e-01
9.576191118909433975e-01
9.815259437108176943e-01
9.567716141929035745e-01
9.590363071939532746e-01
9.814814814814813992e-01
9.826417704011064513e-01
9.897959183673469274e-01
9.828421992601096280e-01
9.841396203306796986e-01
9.523513139695712892e-01
9.686466625842008460e-01
9.272375616913431928e-01
9.946793212539546403e-01
9.206208425720620037e-01
9.318108195659215998e-01
9.406645569620253333e-01
9.183425563503846423e-01
9.390070921985815833e-01
9.394314868804665153e-01
9.515396622676315364e-01
9.745906703738029808e-01
9.633299671800050756e-01
9.557295181535969686e-01
9.736767418759756376e-01
9.601484801792968815e-01
9.344187461959829744e-01
9.383879781420765287e-01
9.133381924198251678e-01
9.594577711144427479e-01
9.570332480818414256e-01
9.594928880643166513e-01
9.519615192403798609e-01
9.717167721518987777e-01
9.774575018477458244e-01
9.415766306522608264e-01
9.679644808743169682e-01
9.761175750153092689e-01
9.393305439330543738e-01
9.699537750385208712e-01
9.934516013811167667e-01
9.648786717752234621e-01
9.548744146445296010e-01
9.449453551912567750e-01
9.682818194088271824e-01
9.845191040843214170e-01
9.767954960438223200e-01
9.536374679443919700e-01
9.617297428432799444e-01
9.498232769502650275e-01
9.559215686274510348e-01
9.620218579234972589e-01
9.737206085753803420e-01
9.926919256421171678e-01
9.701638884997898504e-01
9.877284247032145359e-01
9.564671101256466690e-01
9.456427955133734908e-01
9.738562091503267792e-01
9.971619128707250868e-01
9.688331699117522788e-01
9.931764705882353272e-01
9.641406359434093742e-01
9.663198612778444163e-01
9.736636245110821264e-01
9.346153846153846256e-01
9.887955182072829530e-01
9.681877444589309656e-01
9.809462180040264823e-01
9.887654632668517740e-01
9.494784876140808239e-01
9.339543353410841853e-01
9.593953023488255294e-01
9.555062823355505719e-01
9.767474436195545673e-01
9.691939890710382643e-01
9.470664928292047424e-01
9.688916105327618489e-01
9.840846994535519254e-01
9.443199327636924156e-01
9.950273147499649751e-01
9.868603042876902265e-01
9.743430152143844891e-01
9.819813740045889583e-01
9.539617486338798358e-01
9.504840940525588477e-01
9.212121212121211489e-01
9.644808743169399623e-01
9.662447257383965926e-01
9.287148594377510058e-01
9.889558232931727755e-01
9.388483965014577937e-01
9.545818327330932718e-01
9.857227138643067654e-01
9.907296251834067924e-01
9.704702627939142401e-01
9.871314342828585442e-01
9.678278688524589723e-01
9.818167985392575181e-01
9.738186462324393000e-01
9.657434402332361056e-01
9.624511082138200724e-01
9.911309777210159933e-01
9.161078717201166510e-01
9.544055717525105065e-01
9.787420704548521755e-01
9.913965586234493310e-01
9.799396031061260448e-01
9.554597701149425415e-01
9.711836955054662379e-01
9.754402224281742972e-01
9.889991371872304260e-01
9.479690522243713335e-01
9.278699861687413897e-01
8.937176644493718403e-01
9.436639704838938325e-01
9.501457725947521915e-01
9.495850622406638575e-01
9.917967186874749874e-01
9.882836275106512414e-01
9.815089755702524066e-01
9.715886354541816150e-01
9.955022488755621568e-01
9.677164222030486540e-01
9.549863387978142493e-01
9.520474856609310033e-01
9.398956975228160982e-01
9.581558125380401636e-01
9.606799704360680092e-01
9.499316939890709577e-01
9.705147426286856449e-01
9.332539571368538844e-01
9.731225823662797980e-01
9.618257261410788628e-01
9.752766493906710465e-01
9.582205029013539654e-01
9.559462109539150765e-01
9.395697522816166547e-01
9.261801372741279570e-01
9.574468085106383475e-01
9.450899031811894613e-01
9.514472455648925742e-01
9.849726775956284541e-01
9.385928961748634114e-01
9.658119658119658224e-01
9.557360974926460973e-01
9.276503223871644943e-01
9.652482269503546153e-01
9.469687691365584747e-01
9.709864603481624945e-01
9.298804780876493981e-01
9.541395586171705911e-01
9.713268365817091521e-01
9.601793248945147408e-01
9.458634880090818209e-01
9.364756968763132683e-01
9.704011065006915571e-01
9.187468587703132572e-01
9.523042442919176231e-01
9.569591618049767545e-01
9.511756569847855669e-01
9.526748971193415017e-01
9.850717079530638687e-01
9.423311016433353338e-01
9.750588235294117556e-01
9.742260820843254843e-01
9.988132911392405555e-01
9.802270697793086240e-01
9.264751312944083939e-01
9.986696230598669510e-01
9.885919165580181467e-01
9.680005676174259222e-01
9.855874316939891022e-01
9.482923497267760071e-01
9.946686462410581075e-01
9.792046936114733313e-01
9.568767714941287528e-01
9.603187250996015889e-01
9.040356323390471571e-01
9.656312913431119860e-01
9.830089589125734495e-01
9.759472115793954572e-01
9.602860620815582005e-01
9.524177949709864421e-01
9.580913910628628960e-01
9.864754098360656309e-01
9.618277281112529442e-01
9.727272727272726627e-01
9.528877536540371063e-01
8.955583936426848579e-01
9.771899041706033628e-01
9.833309987393192841e-01
9.810197506653592914e-01
9.454270923209663335e-01
9.564492463652127796e-01
9.532503457814661685e-01
9.830508474576270528e-01
9.412549019607843181e-01
9.986519086135944301e-01
9.580705009276437867e-01
9.902868318122555191e-01
9.683364254792826697e-01
9.968781041577976509e-01
9.045824094604582033e-01
9.622756107436900574e-01
9.677036481759120345e-01
9.319793681495809334e-01
9.799215686274510562e-01
9.847840103159252179e-01
9.927058823529411047e-01
9.543002915451894719e-01
9.757085020242914908e-01
9.557704706640877124e-01
9.887753392528062513e-01
9.789194647816208406e-01
9.635807096451773912e-01
9.640798226164078999e-01
9.780326885590042707e-01
9.287430906032203559e-01
9.424348765015522211e-01
9.617486338797813783e-01
9.475979305247598239e-01
9.458728902953585926e-01
9.684074790457768422e-01
9.647822057460612166e-01
9.549819927971189282e-01
9.715846994535519698e-01
9.844155844155844104e-01
9.660794602698650202e-01
9.797609561752987917e-01
9.915451895043732033e-01
9.333333333333333481e-01
9.481036577135916188e-01
9.636377267956215409e-01
9.458665033680343504e-01
9.711012564671100966e-01
9.647748021911138894e-01
9.185468993898112666e-01
9.678530424799081100e-01
9.123526028185217074e-01
9.906420765027322828e-01
9.491415613864593315e-01
9.284844796104687603e-01
9.732757457146713476e-01
9.804171988080033762e-01
9.891218354430380000e-01
9.424619640387275066e-01
9.936814958091553240e-01
9.764577259475217819e-01
9.781347010392765773e-01
9.570404172099087337e-01
9.619364375461936234e-01
9.298523206751054815e-01
9.605685131195336179e-01
9.596505268774175867e-01
9.334468568185043669e-01
9.658215436335622073e-01
9.800392211794369812e-01
9.698048523206751481e-01
9.953838678328474909e-01
9.856557377049179891e-01
9.827900912646675424e-01
9.806851311953352912e-01
9.466676810712112422e-01
9.794460641399416190e-01
9.722461892436008446e-01
9.980221518987342222e-01
9.489428699955015922e-01
9.607192254495158235e-01
9.961199026171637660e-01
9.998666133119915589e-01
9.595835884874464039e-01
9.646226415094339979e-01
9.740524781341108884e-01
9.641856742697078042e-01
9.969696969696969502e-01
9.769199622081252699e-01
8.812260536398467403e-01
9.688796680497925307e-01
9.850290903930750686e-01
9.329918032786885806e-01
9.725554106910039298e-01
9.693148688046647754e-01
9.502487562189054771e-01
9.773694390715668145e-01
9.822268326417704642e-01
9.729591836734694521e-01
9.686030428769017986e-01
9.478849665246500411e-01
9.367486338797814671e-01
9.346783625730994416e-01
9.937158469945355233e-01
9.684719535783365973e-01
9.518139795489564126e-01
9.911978568694986835e-01
9.723032069970845015e-01
9.447011952191235462e-01
9.901784375468586363e-01
9.854868340477648259e-01
9.771654547773951371e-01
9.429824561403509220e-01
9.585639087596166119e-01
9.629737609329446224e-01
9.737442922374429655e-01
9.733649789029535926e-01
9.647816208028275886e-01
9.670781893004114504e-01
9.600230083405234538e-01
9.985005248163143499e-01
9.533813525410164136e-01
9.794789186160526295e-01
9.604535024969632628e-01
9.677170219338894208e-01
9.617880317231434217e-01
9.235232067510548148e-01
9.614732724902216310e-01
9.375750300120048175e-01
9.877951180472189785e-01
9.553455019556714722e-01
9.682944606413994570e-01
9.459439196281301809e-01
9.192532613585244761e-01
9.697614442295292569e-01
9.845032668788741281e-01
9.678853754940711651e-01
9.852020860495437349e-01
9.831950207468880265e-01
9.399075500770416314e-01
9.583492792448016218e-01
9.815524336597133415e-01
9.983236621534493649e-01
9.318301687763712593e-01
9.234253666954270745e-01
9.674973628691982963e-01
8.968355328508584856e-01
9.791916766706683095e-01
9.669365721997300600e-01
9.883196721311475752e-01
9.423451791872845540e-01
9.275808936825885587e-01
9.545196537533702230e-01
9.443852708460134249e-01
9.452541334966318987e-01
9.810785864978902593e-01
9.772937905468025432e-01
9.410358565737051428e-01
9.859843546284223770e-01
9.669890393294648945e-01
9.800521512385919065e-01
9.572769295419527591e-01
9.814723320158103004e-01
9.539482076795509080e-01
9.673619980133389973e-01
9.382965961913329878e-01
9.240784313725490806e-01
9.768326417704010778e-01
9.711370262390670582e-01
9.890039840637450119e-01
9.951899050474762864e-01
9.780888618381010646e-01
9.560159362549800477e-01
9.733549582947172985e-01
9.492753623188405765e-01
9.752567693744164101e-01
9.676561533704390872e-01
9.783750386160023904e-01
9.607883817427386175e-01
9.815071951527392091e-01
9.662568306010929087e-01
9.797600210970464074e-01
9.531715623669646531e-01
8.986131934032983715e-01
9.708597046413501852e-01
9.471169420149012641e-01
9.854321333520100756e-01
9.381689232753063212e-01
9.446618976919961552e-01
9.448417528910529883e-01
9.469957902793724180e-01
9.696969696969697239e-01
9.957316259837267758e-01
9.649920886075948889e-01
9.971914264597191435e-01
9.652322404371584952e-01
9.643507494046785755e-01
9.725337935001437950e-01
9.316334072431633473e-01
9.476775956284153590e-01
9.723889555822329278e-01
9.831133815808145160e-01
9.271492616033755185e-01
9.892647513129441128e-01
9.568306010928961935e-01
9.777316735822959570e-01
9.815225424981521840e-01
9.821383489017924129e-01
9.622950819672131395e-01
9.828875467356916751e-01
9.602860620815580894e-01
9.915550821667681314e-01
9.755830903790088104e-01
9.983803482251316641e-01
9.536505867014342108e-01
9.921545358649789259e-01
9.653124578215683815e-01
9.420289855072463414e-01
9.613387978142076129e-01
9.523224043715846632e-01
9.625725826811410979e-01
9.290583186064125254e-01
9.353448275862069616e-01
9.550365185636031651e-01
9.487503155768745033e-01
9.951752518802327030e-01
9.575421940928270370e-01
9.791572949467686193e-01
9.289490651192777726e-01
9.513438368860055450e-01
9.379184418746195906e-01
9.712844936265583318e-01
9.733376792698826829e-01
9.759076798488325322e-01
9.282103825136611697e-01
9.623896904328337332e-01
9.723577235772357108e-01
9.712395743457004071e-01
9.065553494124922729e-01
9.718714121699196795e-01
9.988518943742823453e-01
9.517368810051736183e-01
9.747967479674796154e-01
9.536662168241116788e-01
9.776503164556962222e-01
9.477791968213423734e-01
9.829261708732622838e-01
9.730496453900708831e-01
9.352595994387039591e-01
9.781420765027322162e-01
9.471968709256844976e-01
9.708575112830432063e-01
9.745503252965940222e-01
9.676384839650146175e-01
9.963643321852276857e-01
9.776027185665738806e-01
9.698174706649282939e-01
9.465321729957806296e-01
9.642811089619600651e-01
9.691056910569105787e-01
9.532786885245901898e-01
9.707646176911544078e-01
9.822033898305084776e-01
9.703048605119355408e-01
9.754087552742616296e-01
9.928817946505609227e-01
9.539497856705450030e-01
9.473147085087383346e-01
9.666621676339587355e-01
9.593536985609694145e-01
9.975218658892128776e-01
9.806170886075948889e-01
9.676292194092827037e-01
9.785508291276135973e-01
9.428571428571428381e-01
9.812749003984063689e-01
9.270491803278688714e-01
9.814082278481012223e-01
9.757575757575757125e-01
9.696439440048691960e-01
9.211212516297262454e-01
9.726627981947130186e-01
9.251700680272109123e-01
9.869729654013167375e-01
9.881974248927039017e-01
9.633920296570899211e-01
9.425479282622140076e-01
9.734693877551020558e-01
9.793036750483559150e-01
9.740437158469945622e-01
9.908789386401326560e-01
9.993852459016393519e-01
9.227459016393442237e-01
9.816652286453839693e-01
9.563192904656319104e-01
9.733006736068585685e-01
9.773415804089876646e-01
9.484347387023479570e-01
9.421649345390741281e-01
9.444621513944222446e-01
9.534839686947740311e-01
9.895859631406210832e-01
9.134205721241631659e-01
9.739067055393586525e-01
9.434755720470006102e-01
9.612021857923497281e-01
9.205335603803036504e-01
9.340425531914893220e-01
9.626227835183058801e-01
9.605490196078432241e-01
9.567796610169491123e-01
9.864071038251366330e-01
9.334233018443545138e-01
9.663934426229507935e-01
9.537324464153732473e-01
9.617935961219543639e-01
9.513138588768840220e-01
9.793914246196404605e-01
9.773835920177382786e-01
9.742192284139621350e-01
9.389970584115423513e-01
9.428498532976146151e-01
9.793731778425656120e-01
9.394678492239468826e-01
9.745110821382007016e-01
9.616874135546333857e-01
9.624505928853754888e-01
9.826718435432844068e-01
9.860232067510548148e-01
8.924223980523433575e-01
9.745098039215686070e-01
9.982778415614236289e-01
9.999299621795769699e-01
9.772540983606556875e-01
9.514823193237289534e-01
9.539851519820703452e-01
9.486306229601247919e-01
9.573491699284653045e-01
9.499316939890710687e-01
9.576398260608787183e-01
9.814814814814815103e-01
9.358974358974359031e-01
9.575619295958278654e-01
9.518234709805590832e-01
9.827249022164276093e-01
9.806830168776371481e-01
9.832718180735802171e-01
9.823276950265085183e-01
9.665617034038086475e-01
9.537815126050419590e-01
9.742443593018306203e-01
9.764667535853975844e-01
9.400591278640058057e-01
9.563346613545816721e-01
9.460047468354430000e-01
9.671448087431693263e-01
9.639326536916897892e-01
9.477459016393443569e-01
9.802213001383126567e-01
9.754432963388187661e-01
9.875518672199169457e-01
9.513368315842077871e-01
8.938749194068342785e-01
9.495901639344263012e-01
9.890041493775932890e-01
9.735179786200194307e-01
9.819241982507288524e-01
9.684270952927669374e-01
9.448250728862974679e-01
9.062721725556972530e-01
9.645026319341341026e-01
9.657173707652855210e-01
9.693637621023513118e-01
9.592563291139240000e-01
8.964038727524205052e-01
9.626805236874071969e-01
9.535024969631529235e-01
9.824833702882483921e-01
9.842842716485736831e-01
9.517807122849140100e-01
9.903525046382188890e-01
9.798495813821483935e-01
9.602860620815580894e-01
9.792819543798082504e-01
9.417349726775956498e-01
9.555915971578622381e-01
9.963985594237695365e-01
9.917833231892878576e-01
9.595859704641349630e-01
9.599613152804642446e-01
9.157445020310968076e-01
9.720204786284081244e-01
9.723435225618630717e-01
9.595176010430247482e-01
9.469113321193444177e-01
9.961748633879781156e-01
8.837450199203187307e-01
9.184910327767470406e-01
9.861949956859361599e-01
9.711065573770492065e-01
9.306010928961748752e-01
9.761904761904762751e-01
9.672131147540983243e-01
9.744271988174426635e-01
9.675007190106412747e-01
9.662332744256501016e-01
9.662340783465513949e-01
9.309427090628938917e-01
9.603825136612020863e-01
9.555643459915611482e-01
9.725490196078431238e-01
9.562841530054645434e-01
9.869881362418676529e-01
9.472965199884958443e-01
9.586104951958610565e-01
9.791747259832366268e-01
9.668653327657158458e-01
9.725554106910039298e-01
9.682143339182076591e-01
9.689890710382513817e-01
9.726775956284152702e-01
9.710931582933601813e-01
9.928077455048409661e-01
9.729508196721311508e-01
9.483735996760696008e-01
9.504219409282700370e-01
9.638312586445366703e-01
9.980979914790018004e-01
9.771354616048317787e-01
9.599217369351173978e-01
9.288058571067911995e-01
9.958930899608865461e-01
9.341752774588596431e-01
9.760799484203739329e-01
9.907786885245901676e-01
9.387978142076502941e-01
9.387978142076502941e-01
9.370815581253804094e-01
9.471914556962025555e-01
9.148755656108596979e-01
9.302387621715353383e-01
9.951107276387689549e-01
9.988093570528084886e-01
9.997609561752988094e-01
9.633879781420764399e-01
9.276422764227643114e-01
9.581382148431956125e-01
9.459020489755123329e-01
9.789073305670815683e-01
9.895769933049299860e-01
9.645858343337334606e-01
9.580630213160333808e-01
9.311724689875950922e-01
9.216772151898734444e-01
9.497799119647859500e-01
9.674403610573822920e-01
9.462768615692154217e-01
9.404777972735861580e-01
9.394678492239467715e-01
9.976887519260401183e-01
9.690796413502109630e-01
9.706513506690229720e-01
9.551229508196721341e-01
9.932035835650293576e-01
9.755641521598967802e-01
9.740860064434795351e-01
9.453551912568305404e-01
9.456440245913930731e-01
9.772357723577235200e-01
9.509163346613546119e-01
9.539151141616473151e-01
9.441220137670400803e-01
9.610169491525424323e-01
9.807738524393174728e-01
9.108865710560625217e-01
9.783365570599613648e-01
9.678180158247109421e-01
9.732510288065843174e-01
9.902426160337552963e-01
9.326872362869198518e-01
9.416882369859074231e-01
9.705345501955671139e-01
9.583975346687211294e-01
9.484109386548411624e-01
9.595827086456771848e-01
9.297052154195011298e-01
9.651239451476792963e-01
9.445944122013767430e-01
9.152332361516035686e-01
9.787878787878787623e-01
9.730558890222755775e-01
9.787900874635568904e-01
9.463745019920318802e-01
9.293002915451895607e-01
9.367080165399492842e-01
9.532425145451964843e-01
9.683743169398907336e-01
9.489795918367346372e-01
9.483965014577260266e-01
9.628630705394191081e-01
9.245778345395203601e-01
9.352890422778257218e-01
9.577540828721824440e-01
9.839613391231265549e-01
9.485658409387223156e-01
9.675697211155378508e-01
9.519503306789041108e-01
9.625183406696011801e-01
9.330484330484329902e-01
9.768875192604006275e-01
9.267707082833133159e-01
9.737211379002423950e-01
9.686511360368132983e-01
9.744535519125683276e-01
9.287536675596378410e-01
9.623238423928673901e-01
9.489502444636179757e-01
9.575864680636203552e-01
9.499690785405070503e-01
9.535211267605633312e-01
9.338402027477658018e-01
9.686511360368132983e-01
9.548956436475697362e-01
9.285328654339316534e-01
9.536524261603375185e-01
9.785407725321888517e-01
9.522847765715728441e-01
9.698048523206750371e-01
9.651998849582973383e-01
9.377820760799484567e-01
9.974834627552487953e-01
9.475594686438060243e-01
9.947410358565736965e-01
9.813315339631129008e-01
9.787172850158182280e-01
9.821261838068561234e-01
9.497413155949741004e-01
9.501383125864453216e-01
9.534379385125653084e-01
9.443899705841154457e-01
9.713600239916029278e-01
9.331967213114753523e-01
9.666135458167330885e-01
9.723346828609986670e-01
9.577752264319429054e-01
9.837431693989070469e-01
9.526915579547158286e-01
9.106012658227847778e-01
9.704041720990874698e-01
9.921223354958295104e-01
9.582091670214275547e-01
9.878542510121457454e-01
9.428386540120794468e-01
9.590278750525282891e-01
9.471914834010366491e-01
9.603585936405658607e-01
9.725338491295938415e-01
9.851164797238999293e-01
9.858997050147492169e-01
9.570760233918128579e-01
9.795765027322403951e-01
9.663818461969464479e-01
9.957316259837268868e-01
9.423497267759562979e-01
9.764911746804625370e-01
9.536349628799551947e-01
9.928562316622018269e-01
9.360011352348516223e-01
9.582118561710398774e-01
9.606331168831168110e-01
9.556016597510372801e-01
9.616007558374949360e-01
9.883790673264357673e-01
9.730874316939890356e-01
9.508834388185654074e-01
9.589803921568627043e-01
9.317427385892116387e-01
9.955175794929261857e-01
9.786745849642327633e-01
9.621377115094655874e-01
9.793529161345253531e-01
9.759237028144590598e-01
9.452832901926948583e-01
9.467201166180758687e-01
9.516419253261358957e-01
9.460708782742680567e-01
9.530312308634414364e-01
9.426459719142645799e-01
9.456470588235295072e-01
9.720610068835200401e-01
9.281712685074030578e-01
9.818181818181818121e-01
9.663865546218487479e-01
9.629516227801592221e-01
9.401603498542273618e-01
9.702788844621514919e-01
9.657676348547717948e-01
9.653799433121879048e-01
9.654155881507046066e-01
9.745089218773429485e-01
9.480630055342698093e-01
9.824537724389257320e-01
9.237206085753802975e-01
9.495195861049519070e-01
9.721949852920577229e-01
9.749654218533887473e-01
9.587136929460581269e-01
9.462842242503259893e-01
9.665660051768766303e-01
9.666666666666666741e-01
9.486111111111110716e-01
9.485903814262023337e-01
9.798850574712644201e-01
9.672131147540983243e-01
9.771533986093373647e-01
9.583090379008746273e-01
9.762102351313969306e-01
9.926660914581535433e-01
9.435514734022196759e-01
9.480320699708455479e-01
9.353317102860621013e-01
9.988495829738279763e-01
9.463745019920318802e-01
9.985325919060858979e-01
9.386867088607594445e-01
9.549899338510210445e-01
9.218579234972678060e-01
9.886209029066171938e-01
9.810792349726775718e-01
9.751366120218579736e-01
9.677731673582296024e-01
9.623957434570031833e-01
9.904924081169291794e-01
9.229990552031313022e-01
9.734289617486338031e-01
9.775309265337035480e-01
9.674403610573822920e-01
9.786581299186342120e-01
9.823087431693988680e-01
9.371027346637103017e-01
9.708462680523687327e-01
9.518252933507170832e-01
9.432624113475177596e-01
9.433223933350164403e-01
9.338402027477656908e-01
9.714536374679443309e-01
9.492430278884462780e-01
9.819927971188474602e-01
9.377749396906484014e-01
9.747259832366215182e-01
9.982240437158469426e-01
9.866983031348864897e-01
9.454051383399210140e-01
9.614319620253164445e-01
9.467213114754098324e-01
9.746196403872752212e-01
9.965262379896525635e-01
9.577754108338405459e-01
9.810444874274660831e-01
9.679300291545189783e-01
9.325244785014900062e-01
9.541019955654101992e-01
9.471434997750787232e-01
9.773242630385488017e-01
9.811553907939449815e-01
9.348547717842323745e-01
9.826530612244898100e-01
9.559059987631416400e-01
9.546497503036847077e-01
9.611473272490221875e-01
9.977507872244715248e-01
9.692622950819671512e-01
9.846311475409836866e-01
9.806362378976487548e-01
9.563578488859105775e-01
9.581535806729939431e-01
9.299334811529933464e-01
9.560669456066945848e-01
9.552845528455283786e-01
9.711370262390670582e-01
9.954810495626822409e-01
9.596991627642967870e-01
9.615439193983255084e-01
9.790073474284000099e-01
9.775668679896463154e-01
9.399759903961584229e-01
9.319060957716419624e-01
9.694635102955595496e-01
9.441098193024233254e-01
9.596247277600938874e-01
9.612724757952973986e-01
9.681567666870789513e-01
9.361291319122644339e-01
9.389835666463786090e-01
9.777106701179177906e-01
9.599043715846994340e-01
9.664867296446244538e-01
9.624635568513119077e-01
9.669096209912536599e-01
9.941109692067545689e-01
9.390710382513661747e-01
9.509281801582472049e-01
9.641406359434093742e-01
9.326444699579028441e-01
9.938271604938271331e-01
9.532993692382337736e-01
9.747494725738397037e-01
9.632120253164556667e-01
9.812591703348005900e-01
9.993821439604572143e-01
9.663118083765233068e-01
9.639562934582091014e-01
9.294496926075873633e-01
9.786214242239805738e-01
9.769825918762089501e-01
9.724556489262371484e-01
9.800138312586444966e-01
9.494676863097916142e-01
9.786070994736131290e-01
9.552688892611826965e-01
9.559426229508196649e-01
9.777202726584195425e-01
9.739754098360655643e-01
9.718246292714377566e-01
9.739583333333333703e-01
9.592941176470587417e-01
9.705319556065824527e-01
9.813315339631129008e-01
9.957484140909703685e-01
9.617701575532900948e-01
9.376218323586744674e-01
9.651145602365114318e-01
9.462675535846267749e-01
9.624208860759493334e-01
9.865565273728539308e-01
9.614634877792772594e-01
9.526279391424619103e-01
8.819573283858997970e-01
9.865796971060128984e-01
9.571161798052554293e-01
9.739505247376312180e-01
9.785633484162895579e-01
9.587431693989071357e-01
9.506915629322267858e-01
9.671448087431694374e-01
9.562862669245647540e-01
9.869015356820234341e-01
