9.728932988208225385e-01
9.952933591231463151e-01
9.915451895043732033e-01
9.947441217150760906e-01
9.918055750105057022e-01
9.866528354080220664e-01
9.831208852780501939e-01
9.735132433783109107e-01
9.708795269770880143e-01
9.755464480874316280e-01
9.857122846337021960e-01
9.960976301972470637e-01
9.661508704061895214e-01
9.858354903652574164e-01
9.642326899716561206e-01
9.992904782176812439e-01
9.866378728573357293e-01
9.942622950819672845e-01
9.828835582208895749e-01
9.932855280312906654e-01
9.701492537313433084e-01
9.439834024896265330e-01
9.686438059932035438e-01
9.826530612244898100e-01
9.809462180040264823e-01
9.583333333333332593e-01
9.886524822695035297e-01
9.923163418290854576e-01
9.720990873533246202e-01
9.799704360679970527e-01
9.937759336099585283e-01
9.899196042053184375e-01
9.700437317784256219e-01
9.932523616734143523e-01
9.695652173913043015e-01
9.869859073914293290e-01
9.736842105263158187e-01
9.898800599700150471e-01
9.637857577601948167e-01
9.822268326417704642e-01
9.805922368947579404e-01
9.773705179282867750e-01
9.611635927425400405e-01
9.907677356656947598e-01
9.769741038397755650e-01
9.874635568513119299e-01
9.645418326693226962e-01
9.933665008291874265e-01
9.797570850202428350e-01
9.880784313725490264e-01
9.842536669542709671e-01
9.858800773694389452e-01
9.821928771508603440e-01
9.818513119533528455e-01
9.690358374568901478e-01
9.795294117647058707e-01
9.770879526977087615e-01
9.577221742881794064e-01
9.817064027590343134e-01
9.731049562682215770e-01
9.687158469945355010e-01
9.932753164556962222e-01
9.777696793002915721e-01
9.823971518987342222e-01
9.771676705420927478e-01
9.365058670143415753e-01
9.906705539358601209e-01
9.850800582241630021e-01
9.889243027888445781e-01
9.798918776371308148e-01
9.808743169398905781e-01
9.773280584297017182e-01
9.859191655801826659e-01
9.906381856540085185e-01
9.809647979139504148e-01
9.854956268221574112e-01
9.702547685740963157e-01
9.620362381363244397e-01
9.873127277635307397e-01
9.861788617886179109e-01
9.784876140808344003e-01
9.878834570668160175e-01
9.719935213929005169e-01
9.793052475979305838e-01
9.912786400591278024e-01
9.784983891301302084e-01
9.845938375350140603e-01
9.972653362897264673e-01
9.844614729672200859e-01
9.883196721311475752e-01
9.785724421739747658e-01
9.825311141100614432e-01
9.770114942528735913e-01
9.782182378484381990e-01
9.582174853259191050e-01
9.939236111111110494e-01
9.974870657797487716e-01
9.656317578004325330e-01
9.810109289617486850e-01
9.930327868852458773e-01
9.711697920653145077e-01
9.616513271975457577e-01
9.814399775878974719e-01
9.756335282651071861e-01
9.700172562553925903e-01
9.662668665667166756e-01
9.679561573178594447e-01
9.546932742054692334e-01
9.702130373772164251e-01
9.804472763618190534e-01
9.726035868893011527e-01
9.970306384127411992e-01
9.855257556406982200e-01
9.696038251366119187e-01
9.872995600964948881e-01
9.755541069100390761e-01
9.476092896174863611e-01
9.922183952034698828e-01
9.632628579997001284e-01
9.901095556908094952e-01
9.865248226950353860e-01
9.696315292212174253e-01
9.745762711864406347e-01
9.767849912268862234e-01
9.765490196078431273e-01
9.799446749654219246e-01
9.782978066110596949e-01
9.821576763485477812e-01
9.708508738359484802e-01
9.605874316939890800e-01
9.952868852459015869e-01
9.919017411256579875e-01
9.919114516815665805e-01
9.812158469945354566e-01
9.776027185665738806e-01
9.943983402489626755e-01
9.841107871720117251e-01
9.965014577259475592e-01
9.599165894346617378e-01
9.692635423006695783e-01
9.911202185792349351e-01
9.904748564224681306e-01
9.791395045632333982e-01
9.630378096479791372e-01
9.838941616335922236e-01
9.748174071819841746e-01
9.730968218773097256e-01
9.427888446215140217e-01
9.921041975975165572e-01
9.947524020694753499e-01
9.856050382366172702e-01
9.811815864447444024e-01
9.707942288835972322e-01
9.512055109070034487e-01
9.880359612724758378e-01
9.833116036505867852e-01
9.855932203389830004e-01
9.818181818181818121e-01
9.742711370262390203e-01
9.868088866447867202e-01
9.781420765027322162e-01
9.655054644808742648e-01
9.896530736457699318e-01
9.870430032217396565e-01
9.843815660456647354e-01
9.864106988783434282e-01
9.848162338583794639e-01
9.964242239805234380e-01
9.759882005899704893e-01
9.697296519988496399e-01
9.943312187879606023e-01
9.606299212598425896e-01
9.826060878692457479e-01
9.531006101887328219e-01
9.811155378486056122e-01
9.585406301824213049e-01
9.708298606977020517e-01
9.676951476793249629e-01
9.852573713143428780e-01
9.682529335071707877e-01
9.778357235984354023e-01
9.794002607561929086e-01
9.695878351340536661e-01
9.773142112125162706e-01
9.886789623631728752e-01
9.747904577691812733e-01
9.758702531645570000e-01
9.799914857386122780e-01
9.777210160351923474e-01
9.487366375121477624e-01
9.830084957521239009e-01
9.884540410856200721e-01
9.830508474576271638e-01
9.832542194092827037e-01
9.916558018252932261e-01
9.692535107169253372e-01
9.802923976608186596e-01
9.761237828464718325e-01
9.896747199352139424e-01
9.835071707953064735e-01
9.645026319341341026e-01
9.759472115793954572e-01
9.813751754050261678e-01
9.859799070325385717e-01
9.931839654474288182e-01
9.943306010928960603e-01
9.853976531942633121e-01
9.804594481019750507e-01
9.690432833730213691e-01
9.804429105550762635e-01
9.803254635187408361e-01
9.919438285291943824e-01
9.752376897970768121e-01
9.853556485355648986e-01
9.955765482081271323e-01
9.833860759493671111e-01
9.905090595340811932e-01
9.719887955182072714e-01
9.672099087353325242e-01
9.973371880706025649e-01
9.792819639562934109e-01
9.854287556415216587e-01
9.482758620689655249e-01
9.715163934426229719e-01
9.764344262295081567e-01
9.854548034624663888e-01
9.635102955596022145e-01
9.513138588768840220e-01
9.876733436055470383e-01
9.848288754673568679e-01
9.738589211618257080e-01
9.693210617580365618e-01
9.739823008849557429e-01
9.880644233534655596e-01
9.749022164276401892e-01
9.644732777262897683e-01
9.917012448132780378e-01
9.743897559023608768e-01
9.892127799736494254e-01
9.883250101228235884e-01
9.735627637130801482e-01
9.923459624952162272e-01
9.972653362897264673e-01
9.900432900432900585e-01
9.753379350014379501e-01
9.828551912568306292e-01
9.785661492978565690e-01
9.955175794929261857e-01
9.783371575111351470e-01
9.844945355191256908e-01
9.746565292783780921e-01
9.795800977854471903e-01
9.674103585657369830e-01
9.494065733414486230e-01
9.616956751054852592e-01
9.934993084370676852e-01
9.802477183833115948e-01
9.797252234227024070e-01
9.724043715846995006e-01
9.744680851063829419e-01
9.838064046579331201e-01
9.807010075209310340e-01
9.631029986962189593e-01
9.830335501977293111e-01
9.639587362991618447e-01
9.593780641546434396e-01
9.676113360323885804e-01
9.957647058823529962e-01
9.501211889271590216e-01
9.771137026239067325e-01
9.788629737609328973e-01
9.881835032437441546e-01
9.834710743801653443e-01
9.709519700891573457e-01
9.786200194363460225e-01
9.942745098039216245e-01
9.839055793991415833e-01
9.557156195811657984e-01
9.639376218323586487e-01
9.844262295081968039e-01
9.857142857142857650e-01
9.795958279009127079e-01
9.912171507607192567e-01
9.756097560975609539e-01
9.880090818788136442e-01
9.758220502901353566e-01
9.971984871830787966e-01
9.877373417721518889e-01
9.728813559322033733e-01
9.751365737498249864e-01
9.866227762992015871e-01
9.899957428693060280e-01
9.740576496674058227e-01
9.776273372018052799e-01
9.820885200553250982e-01
9.856413994169096471e-01
9.906655844155844992e-01
9.779911964785914513e-01
9.907156673114120293e-01
9.829059829059828557e-01
9.895284751990203187e-01
9.712309820193636423e-01
9.762658227848101111e-01
9.838585109669447659e-01
9.562019165879336313e-01
9.799969107198023277e-01
9.906589245140116073e-01
9.878173236382191691e-01
9.883040935672514626e-01
9.829268292682926678e-01
9.735456876771494406e-01
9.903181189488243774e-01
9.827927215189873333e-01
9.939067096231966048e-01
9.850622406639004680e-01
9.798291077181677800e-01
9.934731012658227778e-01
9.793222683264176665e-01
9.868603042876902265e-01
9.777919682134241786e-01
9.929456751054852592e-01
9.815514993481095907e-01
9.833466135458166502e-01
9.806122448979590622e-01
9.831032499280989434e-01
9.780964797913951347e-01
9.821721311475408722e-01
9.931835395102246444e-01
9.551394422310757193e-01
9.933132010353752372e-01
9.896072344445943081e-01
9.823188014576865745e-01
9.673402868318121683e-01
9.539617486338798358e-01
9.858921161825726642e-01
9.750977835723597664e-01
9.929300291545190005e-01
9.800569800569800538e-01
9.665773695624442219e-01
9.638626480731744550e-01
9.821910032638001553e-01
9.804429105550762635e-01
9.798991455385908100e-01
9.869243525959944252e-01
9.935109289617486406e-01
9.937368143459915926e-01
9.630450849963045901e-01
9.694752109704640741e-01
9.685883222468588682e-01
9.783527696793002937e-01
9.840992087644553354e-01
9.967213114754097658e-01
9.897181478285878020e-01
9.872340425531914709e-01
9.779096187831355369e-01
9.911530964162542645e-01
9.957428693060876856e-01
9.520318725099601309e-01
9.631929046563193486e-01
9.735627637130801482e-01
9.620842572062083820e-01
9.772573896612228861e-01
9.991982507288630355e-01
9.812586445366529020e-01
9.831032499280989434e-01
9.733653117899520035e-01
9.641350210970464074e-01
9.980219111381619657e-01
9.730195177956371122e-01
9.926912568306009987e-01
9.868603042876902265e-01
9.868603042876902265e-01
9.665300546448087893e-01
9.846951524237880227e-01
9.662043978010994572e-01
9.803278688524590390e-01
9.820193637621023042e-01
9.845216416865106845e-01
9.785724421739747658e-01
9.725947521865889733e-01
9.911919040479759690e-01
9.699675324675324228e-01
9.869621903520208184e-01
9.925655976676385217e-01
9.856422468132792769e-01
9.588177615912593099e-01
9.794948204909891265e-01
9.746652465003043941e-01
9.807692307692308376e-01
9.843433661762721609e-01
9.797168006123230244e-01
9.698900549725136822e-01
9.844452773613193708e-01
9.807666351734376509e-01
9.923788105947026761e-01
9.843255680184066492e-01
9.655580192165558184e-01
9.780584258196198810e-01
9.956515219673114370e-01
9.786831812255540886e-01
9.609577221742882092e-01
9.682529335071707877e-01
9.399626114466494986e-01
9.752109704641349630e-01
9.834260977118121083e-01
9.698339856930759950e-01
9.851368970013038018e-01
9.723350609329037830e-01
9.921282798833819250e-01
9.916992846537994177e-01
9.871794871794872250e-01
9.773907103825136833e-01
9.902933563416739249e-01
9.952282157676348717e-01
9.826294820717131895e-01
9.811224489795917769e-01
9.841269841269841834e-01
9.847164591977870529e-01
9.732365145228216718e-01
9.915954615492366120e-01
9.901107594936708889e-01
9.645505097312326859e-01
9.885057471264367956e-01
9.798104956268220977e-01
9.691874619598296325e-01
9.706284153005464432e-01
9.907857262523036557e-01
9.769076305220882883e-01
9.943312187879606023e-01
9.932595430679721504e-01
9.930466865332765458e-01
9.801921655580192461e-01
9.691544434857636281e-01
9.830567081604426605e-01
9.884262094304960833e-01
9.905962384953982403e-01
9.879200971791064489e-01
9.861654744229990666e-01
9.763662340754850621e-01
9.975947521865888845e-01
9.935213929005263234e-01
9.838585109669446549e-01
9.778008298755186400e-01
9.682926829268292401e-01
9.848832501012281249e-01
9.828310091467985510e-01
9.482240437158470092e-01
9.772377083625158889e-01
9.856946526736631853e-01
9.508520998174072592e-01
9.880800340570454754e-01
9.832823025107165771e-01
9.721867461331064053e-01
9.720024345709069591e-01
9.698770491803279103e-01
9.860995850622407133e-01
9.713469261662033283e-01
9.923630396364554462e-01
9.842323651452282718e-01
9.631075697211155529e-01
9.722650231124807529e-01
9.797131147540983909e-01
9.658367911479943668e-01
9.744271988174426635e-01
9.779263733103249479e-01
9.810792349726775718e-01
9.840940525587829057e-01
9.889998650290188209e-01
9.911994784876141384e-01
9.758431372549020155e-01
9.917072428484480229e-01
9.860305034417600201e-01
9.882498453927025528e-01
9.837482710926694907e-01
9.814890710382513372e-01
9.734439834024896099e-01
9.887843137254901382e-01
9.717438448781733351e-01
9.731049562682215770e-01
9.506681063571331691e-01
9.928292046936115778e-01
9.975103734439834113e-01
9.814467766116941050e-01
9.794970986460348472e-01
9.794948204909891265e-01
9.759361814345991482e-01
9.868403293291941880e-01
9.741530570927250388e-01
9.917300253434707669e-01
9.825776019476567535e-01
9.589186888037461998e-01
9.595611685163923932e-01
9.691857849752586462e-01
9.728885557221389480e-01
9.912646675358538495e-01
9.915300546448087005e-01
9.860891350210970741e-01
9.901798063623790114e-01
9.675535846267554474e-01
9.903336864406779849e-01
