9.948950244463619086e-01
9.920051579626047999e-01
9.647959183673469052e-01
9.836791147994468076e-01
9.820703179717047426e-01
9.751728907330566853e-01
9.605687071018350620e-01
9.802598700649675090e-01
9.773835920177382786e-01
9.725409836065573854e-01
9.891441378344305591e-01
9.932595430679721504e-01
9.841392649903287770e-01
9.915156744319816307e-01
9.773923606424618216e-01
9.711934156378599914e-01
9.796868673235255010e-01
9.653005464480873821e-01
9.771989005497251357e-01
9.493481095176010687e-01
9.936854190585533431e-01
9.745504840940526492e-01
9.801513747296879409e-01
9.559037900874635119e-01
9.877768190969226092e-01
9.800237341772152222e-01
9.886524822695035297e-01
9.796351824087956572e-01
9.548891786179921626e-01
9.960827790096082879e-01
9.790456431535269344e-01
9.702535559678417965e-01
9.844023323615160859e-01
9.801319538161643585e-01
9.876385336743392918e-01
9.966925510497555152e-01
9.828156456715559930e-01
9.925662168915543315e-01
9.741326841144248849e-01
9.661825726141078929e-01
9.807256235827663815e-01
9.803187250996016067e-01
9.738341580446843171e-01
9.815354713313897417e-01
9.857762469702767705e-01
9.593294460641399457e-01
9.948207171314741304e-01
9.808011225921673404e-01
9.814814814814815103e-01
9.680784313725490087e-01
9.726056945642795881e-01
9.858156028368794122e-01
9.923302654395091960e-01
9.805393586005830553e-01
9.968511021142600903e-01
9.750588235294117556e-01
9.824833702882482811e-01
9.903652574058094959e-01
9.653621232568601052e-01
9.825801749271136920e-01
9.638661202185792032e-01
9.738264767932489629e-01
9.937317784256559650e-01
9.520042194092827037e-01
9.845216416865107956e-01
9.882659713168188143e-01
9.841107871720116140e-01
9.903566229985443226e-01
9.880478087649402497e-01
9.773866033755274074e-01
9.924180327868852292e-01
9.809038344491783912e-01
9.777705345501955803e-01
9.629483122362869629e-01
9.422425032594524685e-01
9.381924198250728431e-01
9.602507669734561269e-01
9.607420189818809408e-01
9.687542178431637341e-01
9.968218773096821916e-01
9.522164276401565708e-01
9.848718307886259460e-01
9.719260359022809936e-01
9.787878787878787623e-01
9.904656319290465749e-01
9.675024513237148183e-01
9.948646125116713534e-01
9.994087213599408548e-01
9.331630481055768200e-01
9.922814207650273444e-01
9.624662977153397581e-01
9.810316389263757930e-01
9.878671775223498708e-01
9.819302423308586825e-01
9.849397590361446131e-01
9.873263888888887951e-01
9.603104212860310573e-01
9.831634229224590626e-01
9.672131147540983243e-01
9.871584699453551659e-01
9.747416762342135943e-01
9.659863945578230915e-01
9.751365737498248754e-01
9.637127005548057346e-01
9.903652574058097180e-01
9.897551224387806101e-01
9.834945196647324472e-01
9.886917960088691393e-01
9.818854445720117674e-01
9.744502748625687438e-01
9.530612244897959107e-01
9.823188014576866856e-01
9.943238257414501735e-01
9.857240437158469870e-01
9.750957854406129277e-01
9.829204693611472976e-01
9.872267759562841638e-01
9.587957647659139937e-01
9.488678962363172875e-01
9.866098600121728790e-01
9.703417150225660537e-01
9.487785126197867402e-01
9.707301173402869132e-01
9.829936563638818070e-01
9.829019607843137996e-01
9.852697095435685171e-01
9.925857275254865719e-01
9.881051175656985208e-01
9.813113917591529400e-01
9.778688524590164466e-01
9.695355191256831429e-01
9.646376029153731491e-01
9.763019724705548352e-01
9.470628415300547109e-01
9.737411183194315534e-01
9.654218533886583797e-01
9.721574344023323766e-01
9.732507288629737019e-01
9.921995675007722060e-01
9.757303712720633015e-01
9.791666666666666297e-01
9.630200308166410039e-01
9.578878748370273088e-01
9.904823989569753184e-01
9.858354903652574164e-01
9.516889835666464403e-01
9.542498152254250687e-01
9.902788844621513986e-01
9.797543528141450242e-01
9.903178122690317053e-01
9.718848403058929497e-01
9.910031488978857661e-01
9.801092589998599003e-01
9.619211634137007083e-01
9.808437067773166929e-01
9.938070404172099082e-01
9.930247718383311550e-01
9.078658929722759341e-01
9.655247813411078628e-01
9.901540015147689555e-01
9.548497267759562535e-01
9.627049180327869049e-01
9.882075471698112956e-01
9.885137974506233993e-01
9.822804314329738329e-01
9.831751509922346255e-01
9.864481339577124697e-01
9.571667681071210909e-01
9.776991150442477796e-01
9.862668967500718420e-01
9.783371575111350360e-01
9.652370581336906508e-01
9.835057729794572934e-01
9.926919256421171678e-01
9.832669322709164383e-01
9.491006505931879333e-01
9.685676866293605469e-01
9.901766877637130371e-01
9.605197401299350179e-01
9.677966101694914780e-01
9.760104302477183857e-01
9.796610169491525300e-01
9.884620514872616281e-01
9.747066492829203899e-01
9.785575048732942927e-01
9.586718246292713630e-01
9.810126582278481111e-01
9.665815240527884100e-01
9.782886334610473300e-01
9.697926789763524624e-01
9.918790604697651503e-01
9.690358374568901478e-01
9.770976327216697177e-01
9.938027426160337408e-01
9.949804432855280378e-01
9.647450110864745909e-01
9.840935672514619093e-01
9.621181806055755237e-01
9.973005803752192922e-01
9.698174706649282939e-01
9.638277770279389811e-01
9.770824464311054225e-01
9.929200153080750546e-01
9.644624381466486707e-01
9.727358617897151616e-01
9.732240437158470314e-01
9.664276401564536600e-01
9.660316570948311865e-01
9.760470654153243775e-01
9.719585849870577832e-01
9.820594904628517918e-01
9.858093126385809590e-01
9.678586632609620377e-01
9.650425158590902885e-01
9.943019943019942852e-01
9.796281645569620000e-01
9.906528616623525574e-01
9.810590903027878174e-01
9.782920469361147120e-01
9.194309190505173257e-01
9.668653327657158458e-01
9.872340425531914709e-01
9.421739747410244892e-01
9.719262295081967373e-01
9.650273224043716125e-01
9.533134667234284265e-01
9.731755147779801440e-01
9.556489262371614668e-01
9.859924359153944273e-01
9.915875754961173127e-01
9.607883817427386175e-01
9.807256235827664925e-01
9.744542772861356505e-01
9.851164797238999293e-01
9.966101694915254772e-01
9.892647513129441128e-01
9.732365145228216718e-01
9.745898359343737605e-01
9.713438735177866157e-01
9.767175057362667001e-01
9.758702531645568889e-01
9.744227580048475668e-01
9.761271249076126644e-01
9.867656153370438776e-01
9.759850445786597550e-01
9.760928961748633892e-01
9.859571322985958286e-01
9.955876173133493268e-01
9.817114320421109763e-01
9.501366120218579514e-01
9.923302654395091960e-01
9.799396031061260448e-01
9.930677290836653626e-01
9.713937918441875041e-01
9.356540084388186296e-01
9.448132780082987292e-01
9.620599739243806958e-01
9.809257036147792652e-01
9.839480874316939296e-01
9.743391360412636537e-01
9.849587578845220293e-01
9.631758194976586251e-01
9.766623207301173837e-01
9.792065314453374247e-01
9.825274016763377860e-01
9.665919596582153162e-01
9.823061928325086400e-01
9.845490196078431344e-01
9.712973593570608521e-01
9.660349854227405775e-01
9.659054097829609109e-01
9.842446709916589098e-01
9.864126628379324968e-01
9.959735404083980281e-01
9.677680596047943951e-01
9.683137254901961199e-01
9.667381974248927534e-01
9.394424436441242143e-01
9.868795921427501172e-01
9.750683060109289757e-01
9.875364431486880479e-01
9.737940026075618816e-01
9.597510373443983722e-01
9.587583148558758150e-01
9.882219384135092488e-01
9.571244358478400160e-01
9.955175794929260746e-01
9.783095991561181481e-01
9.677966101694914780e-01
9.782182378484381990e-01
9.675024513237149293e-01
9.946076344543777203e-01
9.736881005173687598e-01
9.691166989039328161e-01
9.851313969571231510e-01
9.983965014577259600e-01
9.939703153988868056e-01
9.461784713885554865e-01
9.711154094132816716e-01
9.905533063427800489e-01
9.816901408450704469e-01
9.533195020746888515e-01
9.653217299578058519e-01
9.725826382452887886e-01
9.662572546902414850e-01
9.943620636391721224e-01
9.667381974248927534e-01
9.832249011353488832e-01
9.844804318488529216e-01
9.891352549889135259e-01
9.728033472803347959e-01
9.766251728907330287e-01
9.805511603375527407e-01
9.930662557781202437e-01
9.491701244813277594e-01
9.318532007283932828e-01
9.903085443037974445e-01
9.863762102351313343e-01
9.998616874135546340e-01
9.834681424719738940e-01
9.866165611814345926e-01
9.705345501955672249e-01
9.680478087649402319e-01
9.776239067055394472e-01
9.662064998561978868e-01
9.822033898305084776e-01
9.692622950819672623e-01
9.609315829336025905e-01
9.917131474103585420e-01
9.856197871728501481e-01
9.767849912268862234e-01
9.798893237953840707e-01
9.789439374185137099e-01
9.616120218579234935e-01
9.795297372060858265e-01
9.807040417209909045e-01
9.533527696793002715e-01
9.843304843304843121e-01
9.956627120806225140e-01
9.693357324936272557e-01
9.934014474244359238e-01
9.749784296807593176e-01
9.964981089788486068e-01
9.809924735297870235e-01
9.915300546448087005e-01
9.790348101265822223e-01
9.877309682187730422e-01
9.823312236286919630e-01
9.834441980783443782e-01
9.727405247813410982e-01
9.930766889835667133e-01
9.648907103825137277e-01
9.715271786022433576e-01
9.724693745970340863e-01
9.676849280484726146e-01
9.467686309791574217e-01
9.594863062296012934e-01
9.714741035856573337e-01
9.762749445676275339e-01
9.754746835443037778e-01
9.800443458980044875e-01
9.711836955054662379e-01
9.737609329446064166e-01
9.821576763485476702e-01
9.935289042277826166e-01
9.744382731633425276e-01
9.656513713080168149e-01
9.804473524041388277e-01
9.968108177063401687e-01
9.865437158469945178e-01
9.573305670816044666e-01
9.843015214384509548e-01
9.840163934426229275e-01
9.728885557221389480e-01
9.605197401299350179e-01
9.649590163934426146e-01
9.942600276625173095e-01
9.926460288555820632e-01
9.695615155385269857e-01
9.916180758017492103e-01
9.718890554722638964e-01
9.722286641929498430e-01
9.387874837027379016e-01
9.957725947521866017e-01
9.797590698977447499e-01
9.859223980949713972e-01
9.833971902937419518e-01
9.879032258064517347e-01
9.959582790091265903e-01
9.772573896612228861e-01
9.789513968618446249e-01
9.622688655672163582e-01
9.817591204397800864e-01
9.880550681603454954e-01
9.452148925537231516e-01
9.805867126833477387e-01
9.439024390243901941e-01
9.873070544712335694e-01
9.813315339631129008e-01
9.919165580182529585e-01
9.585849870578084797e-01
9.565840938722294240e-01
9.780701754385965341e-01
9.916930379746835555e-01
9.717996289424861711e-01
9.873802132541502630e-01
9.917209908735332702e-01
9.904048186020451006e-01
9.857142857142857650e-01
9.851531920637062179e-01
9.787600459242250528e-01
9.868852459016393963e-01
9.833189531205062117e-01
9.834716459197787586e-01
9.961752988047809509e-01
9.666909620991253060e-01
9.830598906229157663e-01
9.613416320885200816e-01
9.769017980636237608e-01
9.761171032357474076e-01
9.700026371308017037e-01
9.794562866852023486e-01
9.941109692067545689e-01
9.389941690962100296e-01
9.765672550213024827e-01
9.697404371584699145e-01
9.927961132518009491e-01
9.533518690145196262e-01
9.692941017681198090e-01
9.597701149425286182e-01
9.666524762310202412e-01
9.838137472283813301e-01
9.694420477423065785e-01
9.706085753803596061e-01
9.766687078995713867e-01
9.744564492463652083e-01
9.965582399784046475e-01
9.640302334997974398e-01
9.921419216573401645e-01
9.965743440233235662e-01
9.744229990552031317e-01
9.756719184430027170e-01
9.840940525587827947e-01
9.693274205469326610e-01
9.887299230665407279e-01
9.864297495876442889e-01
9.715163934426229719e-01
9.777980109259000185e-01
9.831334332833583378e-01
9.777084601339014469e-01
9.904924081169291794e-01
9.668707899571340469e-01
9.871576557400312257e-01
9.873706634205722255e-01
9.657786885245901454e-01
9.847164591977869419e-01
9.708063021316033492e-01
9.539888916940166830e-01
9.608575380359613005e-01
9.804780876494023634e-01
9.653312788906008857e-01
9.728142076502731550e-01
9.431535269709543368e-01
9.819660014781965707e-01
9.608858211101524160e-01
9.999316939890710021e-01
9.649377593360997096e-01
9.750303684707788410e-01
9.663624511082138380e-01
9.859607843137254690e-01
9.713937918441875041e-01
9.807666351734376509e-01
9.682745825602968592e-01
9.862378976486859683e-01
9.959016393442623460e-01
9.746196403872753322e-01
9.960784313725490335e-01
9.607092741421099369e-01
9.771137026239067325e-01
9.906195168038871568e-01
9.847457627118644252e-01
9.617565698478561798e-01
9.645802098950524428e-01
9.933591231463572147e-01
9.437349226621256637e-01
9.695411392405063333e-01
9.875151842353894205e-01
9.842083951950330034e-01
9.817927170868347986e-01
9.840992087644553354e-01
9.443025400879807574e-01
9.908151549942595393e-01
9.984255510571300452e-01
9.776361819090454430e-01
9.767926988265971389e-01
9.930327868852459883e-01
9.927478902953585926e-01
9.742738589211616951e-01
9.650406504065039970e-01
9.909297052154194541e-01
9.762310202923230040e-01
9.743532889874353398e-01
9.659620991253644595e-01
9.849125364431486895e-01
9.750683060109289757e-01
9.606910039113427668e-01
9.859843546284223770e-01
9.649750303684707653e-01
9.818697257383965926e-01
9.812999019470514117e-01
9.895009129640901513e-01
9.827437446074203109e-01
9.888446215139442552e-01
9.758753560060311472e-01
9.604897753092653812e-01
9.827560353876143573e-01
9.914794243877809166e-01
9.916276429686391447e-01
9.565441650548034414e-01
9.585639087596166119e-01
9.948872391091189149e-01
9.669398907103825547e-01
9.823188014576866856e-01
9.825293350717079210e-01
9.650174912543727501e-01
9.777825711820534726e-01
9.828497743391360064e-01
9.926819620253164445e-01
9.936727063560539808e-01
9.818306010928962158e-01
9.874316939890710465e-01
9.476092896174863611e-01
9.563507414571243981e-01
9.939690648502909065e-01
9.933673469387755972e-01
9.716427640156454215e-01
9.721990713180139743e-01
9.675203414699211635e-01
9.841580408987629092e-01
9.825999424791486136e-01
9.714517741129435890e-01
9.652558016877637037e-01
9.950273147499649751e-01
9.641691499929048170e-01
9.818430765567328633e-01
9.851324337831084410e-01
9.726035868893011527e-01
9.457907269925760474e-01
9.987435328898743858e-01
9.842896174863388081e-01
9.867280245431505614e-01
9.965828497743391967e-01
9.875662711436505870e-01
9.745762711864406347e-01
9.873070544712336805e-01
9.781467291045835566e-01
9.907544877851262033e-01
9.894943269365457095e-01
9.693200663349916812e-01
9.213599408721360184e-01
9.571446604392830348e-01
9.751366120218579736e-01
9.927143778207607738e-01
9.694092827004219259e-01
9.739805234327449934e-01
9.507288629737610242e-01
9.748813291139240000e-01
9.819302423308586825e-01
9.795489564364756596e-01
9.791666666666667407e-01
9.774843730067610537e-01
9.763948497854076924e-01
9.915954615492366120e-01
9.849963045084997315e-01
9.926090169992608514e-01
9.690734662963897961e-01
9.953578336557059592e-01
9.871948779511804384e-01
9.921853388658368189e-01
9.555393586005831441e-01
9.909427222860058837e-01
9.964049467932125648e-01
9.630518874216353886e-01
9.487058823529411766e-01
9.859049332733542670e-01
9.937442075996292257e-01
9.771903820816864039e-01
9.649377593360995986e-01
9.943937418513688620e-01
9.770635605406959856e-01
9.492430278884462780e-01
9.917131474103586530e-01
9.779308585278734256e-01
9.822804314329738329e-01
9.847569744032211858e-01
9.647822057460611056e-01
9.950136612021858173e-01
9.729866195405200147e-01
9.672364672364672789e-01
9.713861519773249187e-01
9.880669831223628519e-01
9.663247401808611192e-01
9.836234687298517354e-01
9.719145569620253333e-01
9.901143033673154292e-01
9.658869395711501271e-01
9.755021302495435753e-01
9.710379981464318799e-01
9.730874316939890356e-01
9.616889674324665682e-01
9.867967853042480808e-01
9.936563638817653699e-01
9.811619211964336396e-01
9.571721311475409610e-01
9.871830788625857167e-01
9.893855485232068148e-01
9.855478861087144660e-01
9.806316641921986044e-01
9.786324786324785974e-01
9.880800340570454754e-01
9.970262793914246302e-01
9.765373301582855881e-01
9.824091137543976560e-01
9.961269365317341196e-01
9.918032786885245811e-01
9.770739630184908098e-01
9.554595761911188756e-01
9.820062977957715322e-01
9.525664811379096486e-01
9.838034822513159749e-01
9.815926370548220259e-01
9.790983606557377428e-01
9.944828722002635457e-01
9.832470520563705296e-01
9.731673582295989888e-01
9.794460641399417300e-01
9.786998616874136303e-01
9.664518840173693670e-01
9.619533527696793040e-01
9.881636083485081379e-01
9.895573997233747532e-01
9.849007765314927720e-01
9.710133901399878864e-01
9.869351173945972722e-01
9.799446749654219246e-01
9.759131435145240729e-01
9.703738696180321810e-01
9.780781622075921389e-01
9.753466872110940766e-01
9.647994467496543436e-01
9.619565217391304879e-01
9.682843763303534690e-01
9.800443458980044875e-01
9.774598461330813448e-01
9.725490196078431238e-01
9.868328897604706773e-01
9.763972545174395279e-01
9.858156028368794122e-01
9.769741038397754540e-01
9.907942787583688959e-01
9.801521438450899737e-01
9.920527815264656990e-01
9.782696720205156238e-01
9.682885021097046296e-01
9.821428571428570953e-01
9.567166269785684074e-01
9.677893447642376135e-01
9.821334388185654074e-01
9.705841154223280309e-01
9.827109266943292454e-01
9.615627366826557942e-01
9.892862210869872719e-01
9.825263438708816688e-01
9.582091670214274437e-01
9.570810142238713736e-01
9.840163934426229275e-01
9.746615087040618741e-01
9.906343124733929528e-01
9.683160817975259294e-01
9.405475880052152071e-01
9.665660051768765193e-01
9.654910096818811738e-01
9.887186036611324003e-01
9.661897691996220727e-01
9.825212579295451443e-01
9.844752186588920928e-01
9.873705122747268303e-01
9.735131396957122929e-01
9.894281254434511563e-01
9.844736177732896776e-01
9.775184599156118148e-01
9.842431434599155926e-01
9.779391424619641171e-01
9.827586206896552490e-01
9.625277161862527686e-01
9.704973741118319008e-01
9.730134932533732739e-01
9.783577796951394845e-01
9.526274509803921431e-01
9.861325115562403765e-01
9.848718307886258350e-01
9.769874476987447931e-01
9.639215686274509309e-01
9.728562217923919508e-01
9.643987341772152222e-01
9.690065337577483673e-01
9.633001820983331243e-01
9.558309037900875049e-01
9.780458860759493334e-01
9.950525664811379345e-01
9.928961748633879925e-01
9.989948065002512978e-01
9.671882581271227242e-01
9.900398406374502080e-01
9.822681464472509116e-01
9.616148715765573396e-01
9.695411392405063333e-01
9.764911746804625370e-01
9.583079732197200551e-01
9.832963784183296196e-01
9.690916452962612393e-01
9.880010548523207037e-01
9.795988934993083985e-01
9.692307692307692291e-01
9.845412712108139175e-01
9.862527716186253457e-01
9.942848316342292048e-01
9.692635423006695783e-01
9.528415054730843270e-01
9.582083958020990444e-01
9.711924621563174931e-01
9.753153808830664628e-01
9.771908763505401385e-01
9.848157646106087126e-01
9.935125115848006949e-01
9.274173188588741290e-01
9.770620945319741235e-01
9.650069156293222816e-01
9.921277552856501147e-01
9.951107276387689549e-01
9.931263858093126728e-01
9.872060857538036416e-01
9.907247627264883505e-01
9.790794979079497917e-01
9.595430446856854090e-01
9.785396139829936057e-01
9.733843154895787109e-01
9.989329064959316939e-01
9.821721311475409832e-01
9.572816844378457812e-01
9.813057233247052258e-01
9.871948779511804384e-01
9.868389131489567756e-01
9.644704808277542174e-01
9.567627494456761861e-01
9.543428242737992395e-01
9.308390022675736564e-01
9.577834539520362345e-01
9.688105117565698476e-01
9.642076502732239707e-01
9.703103913630229949e-01
9.844604508470055082e-01
9.562694020785530435e-01
9.861654744229990666e-01
9.868403293291941880e-01
9.820049428483162979e-01
9.742220464135020741e-01
9.631147540983606703e-01
9.906381856540084074e-01
9.740576496674058227e-01
9.881147540983606925e-01
9.268104776579352277e-01
9.725451743941727623e-01
9.751999000499750325e-01
9.767474436195546783e-01
9.927143778207607738e-01
9.627247579529738530e-01
9.778465034082302054e-01
9.888161898965307506e-01
9.777084601339014469e-01
9.831950207468879155e-01
9.896265560165975472e-01
9.756258234519104011e-01
9.681225554106910325e-01
9.857571214392804038e-01
9.782436708860760000e-01
9.652334326663828401e-01
9.775843881856540740e-01
9.921557641126208527e-01
9.871281846071762178e-01
9.715886354541816150e-01
9.558280590717299630e-01
9.968188105117565811e-01
9.776095617529880766e-01
9.821403557921277727e-01
9.757236227824462871e-01
9.891929035482259769e-01
9.654874892148403998e-01
9.766444937176643748e-01
9.750248332623812075e-01
9.949065119277884506e-01
9.807377049180328044e-01
9.836100468284376674e-01
9.953171562366964764e-01
9.695322793148880569e-01
9.656293222683265398e-01
9.658469945355190323e-01
9.715013901760889414e-01
9.708642667040201513e-01
9.802043422733077715e-01
9.538251366120218400e-01
9.727494966925510633e-01
9.829809566651671604e-01
9.686511360368132983e-01
9.743529411764706438e-01
9.993152769324407103e-01
9.794616660288302246e-01
9.873127277635307397e-01
9.635627530364372362e-01
9.897648686030429133e-01
9.890039840637450119e-01
9.818216609261385397e-01
9.765239429104975999e-01
9.831843337590463472e-01
9.733226623982925707e-01
9.837816455696202222e-01
9.712552742616034074e-01
9.747680890538032994e-01
9.643001754622756438e-01
9.862527716186252347e-01
9.579651603130523441e-01
9.809016061546766974e-01
9.831862446743762085e-01
9.962655601659751170e-01
9.781620802827568628e-01
9.801754385964912553e-01
9.991901741125658321e-01
9.597076461769116218e-01
9.789981552433659751e-01
9.929456751054852592e-01
9.813315339631130119e-01
9.749316939890710909e-01
9.534208533198686997e-01
9.645640074211502268e-01
9.675870348139256061e-01
9.882082254817371458e-01
9.737021857923496837e-01
9.672200936568752239e-01
9.776484996938150651e-01
9.580912863070538688e-01
9.643820065276004216e-01
9.467871485943775145e-01
9.777327935222672739e-01
9.773242630385488017e-01
9.522202726413819818e-01
9.785015818234110707e-01
9.667358229598893571e-01
9.715022566086395361e-01
9.829183955739971834e-01
9.773858921161825419e-01
9.848484848484848619e-01
9.964652527677738680e-01
9.767849912268862234e-01
9.460382513661201864e-01
9.559973924380703592e-01
9.695858498705781647e-01
9.789813023855576946e-01
9.902633190447029943e-01
9.839660626977280167e-01
9.810197506653592914e-01
9.719687092568447540e-01
9.973848705191987740e-01
9.652449723309488583e-01
9.913793103448276245e-01
9.506233366017649011e-01
9.863426250175094667e-01
9.653846153846153966e-01
9.779322445674181186e-01
9.770275949012466876e-01
9.833971902937420628e-01
9.695335481159825797e-01
9.430412042352340762e-01
9.757952973720609435e-01
9.979757085020242169e-01
9.850622406639004680e-01
9.786511402231926615e-01
9.519418203628730035e-01
9.803921568627450567e-01
9.923469387755101678e-01
9.776578197630829692e-01
9.205070738198627422e-01
9.680907172995780741e-01
9.775314116777531481e-01
9.914968281819409590e-01
9.846131722749497106e-01
9.787610619469027107e-01
9.405255878284923821e-01
9.856557377049179891e-01
9.169542709232095801e-01
9.485759493670886666e-01
9.755782105903835211e-01
9.763378465506125092e-01
9.945370500070038755e-01
9.651211654293319064e-01
9.488917861799217590e-01
9.718319852419468052e-01
9.752281616688396326e-01
9.793822162243215335e-01
9.976187141056169772e-01
9.785390346614836199e-01
9.374416433239962654e-01
9.773909563825531333e-01
9.725449515905947306e-01
9.764177040110649797e-01
9.919015225137673974e-01
9.949623953455370984e-01
9.724799010513296427e-01
9.693745970341715035e-01
9.763832658569500111e-01
9.738878143133462562e-01
9.829245780590717407e-01
9.922777028040186131e-01
9.858800773694391673e-01
9.697588126159555344e-01
9.723889555822329278e-01
9.471914834010365380e-01
9.933673469387754862e-01
9.921282798833819250e-01
9.592379885137974904e-01
9.893499308437068152e-01
9.781431334622823215e-01
9.872014696876914019e-01
9.765672550213024827e-01
9.591037926845726869e-01
9.822745098039215028e-01
9.750494071146245112e-01
9.744535519125683276e-01
9.728919505038907678e-01
9.773568057150145982e-01
9.767040552200172421e-01
9.629089731130546781e-01
9.897551224387806101e-01
9.596505268774175867e-01
9.954590605931601388e-01
9.803935860058309304e-01
9.779322445674181186e-01
9.809799147900182259e-01
9.893011750154607764e-01
9.584651898734177777e-01
9.924863387978142271e-01
9.809497128449362613e-01
9.772377083625157779e-01
9.710382513661202086e-01
9.899959983993597001e-01
9.761661807580175321e-01
9.828598105909029936e-01
9.924276503223872226e-01
9.721300138312586325e-01
9.939767474436195238e-01
9.912727834414581940e-01
9.655881935575422181e-01
9.725794530672580152e-01
9.727843137254901240e-01
9.886915731278270725e-01
9.855967078189300512e-01
9.810900201322978464e-01
9.701344936708861111e-01
9.549871777567822129e-01
9.497907949790794779e-01
9.820193637621023042e-01
9.898096909164529889e-01
9.849223946784921857e-01
9.781912765106042240e-01
9.843699384515710582e-01
9.720139930034983333e-01
9.839634941329856721e-01
9.642422398052343802e-01
9.956157317859445355e-01
9.841714525843956451e-01
9.613471106008419920e-01
9.900414937759336453e-01
9.883125864453665699e-01
9.857605614792819271e-01
9.762102351313970416e-01
9.672814207650273222e-01
9.794169253610474080e-01
9.485127384287048713e-01
9.971552257266542707e-01
9.755112345367331628e-01
9.599156118143459260e-01
9.682944606413994570e-01
9.272156862745097872e-01
9.966266866566716454e-01
9.549562682215743115e-01
9.836099585062241246e-01
9.583333333333333703e-01
9.975228161668838744e-01
9.785528031290743334e-01
9.833178869323447868e-01
9.887275242047026680e-01
9.818826563507414562e-01
9.928070175438596934e-01
9.773662551440329693e-01
9.350409836065574076e-01
9.801553062985332021e-01
9.834006563998989314e-01
9.818181818181818121e-01
9.834660547982183587e-01
9.525691699604742491e-01
9.824748119767277021e-01
9.702143385070214343e-01
9.670143415906128359e-01
9.674065569587957381e-01
9.914617486338798136e-01
9.782139775668680093e-01
9.930255967788322868e-01
9.642326899716560096e-01
9.737620103473763056e-01
9.713611430029340799e-01
9.695491500369548543e-01
9.667943805874841257e-01
9.633147976521470035e-01
9.923540315106580412e-01
9.583148558758314284e-01
9.715163934426228609e-01
9.746652465003042831e-01
9.898619499568593882e-01
9.783583134892841482e-01
9.845324251454519171e-01
9.604430379746835555e-01
9.781383955909368488e-01
9.729598893499309398e-01
9.872448979591836871e-01
9.942745098039216245e-01
9.924081169291897320e-01
9.807580174927112981e-01
9.869019607843136921e-01
9.748953974895397945e-01
9.615332703468753017e-01
9.462025316455696666e-01
9.802477183833117058e-01
9.494897959183673519e-01
9.932987100016752446e-01
9.887262658227847778e-01
9.736057896977436954e-01
9.801430310407791557e-01
9.560236511456023933e-01
9.810358565737051784e-01
9.805294859223980808e-01
9.798063623789765586e-01
9.791473586654309003e-01
9.779245031345871197e-01
9.920533560380302429e-01
9.865356622998544545e-01
9.869621903520209294e-01
9.942617666021922318e-01
9.771137026239067325e-01
9.621581670362158167e-01
9.842242503259451825e-01
9.910519125683060482e-01
9.891441378344305591e-01
9.804852320675105926e-01
9.725947521865888623e-01
9.685874349739895806e-01
9.802272073626689952e-01
9.751941328731665859e-01
9.723309488459981331e-01
9.911297852474323378e-01
9.880684657671163773e-01
9.554595761911189866e-01
9.748088169140801673e-01
9.643845089903181345e-01
9.822157434402332132e-01
9.711060084194412800e-01
9.691977954684628527e-01
9.566390041493776364e-01
9.584813227189222795e-01
9.517807122849140100e-01
9.869859073914293290e-01
9.632668144863267834e-01
9.791059280855198832e-01
9.834520042194092593e-01
9.987852611688486926e-01
9.884590586718245975e-01
9.639941690962099408e-01
9.810557684120901900e-01
9.732777262897744919e-01
9.891441555162837629e-01
9.730732892428127778e-01
9.718319852419469163e-01
9.850819442498950362e-01
9.864576993304929875e-01
9.831967213114753967e-01
9.728862973760932231e-01
9.599575212393802737e-01
9.734867860187552679e-01
9.713048855905999091e-01
9.860694652673663851e-01
9.806170886075948889e-01
9.796008869179602119e-01
9.738562091503267792e-01
9.913251366120218178e-01
9.810165339865277723e-01
9.849507355918477591e-01
9.946771256478498247e-01
9.878556971067984360e-01
9.469987228607918972e-01
9.868028948488718477e-01
9.804644808743169238e-01
9.876501552166284670e-01
9.827898550724637472e-01
9.891965916007303683e-01
9.865703873667160950e-01
9.774381368267830439e-01
9.911007321383489277e-01
9.853333333333332833e-01
9.861338797814207524e-01
9.894882434301521812e-01
9.886476514829005691e-01
9.789886538730914189e-01
9.577164199012939694e-01
9.772357723577235200e-01
9.754817371297095363e-01
9.472455648926237926e-01
9.781467291045835566e-01
9.807395993836671710e-01
9.845490196078431344e-01
9.476817481439976376e-01
9.903294651193811360e-01
9.795306388526727748e-01
9.763363754889179402e-01
9.748566093103908647e-01
9.703389830508475367e-01
9.797958009778544586e-01
9.838424640242362518e-01
9.734028683181226160e-01
9.754867628519400258e-01
9.808845577211394717e-01
9.475979305247597129e-01
9.886538730914694595e-01
9.811475409836065698e-01
9.658409387222945952e-01
9.788120024494794125e-01
9.734972677595629120e-01
9.923658775738899429e-01
9.882336461689311680e-01
9.804979253112032778e-01
9.822959889349930362e-01
9.503981643946550761e-01
9.950136612021858173e-01
9.800829875518672907e-01
9.963249516441006204e-01
9.812158469945354566e-01
9.652558016877637037e-01
9.552826691380907898e-01
9.804603027494593892e-01
9.647230320699708983e-01
9.639189008936908110e-01
9.719764011799409964e-01
9.460450847005468233e-01
9.965421853388658491e-01
9.705772113943028634e-01
9.758879781420765065e-01
9.829580036518563713e-01
9.654462892010784447e-01
9.833981211532232258e-01
9.945241199478487282e-01
9.924790691074215632e-01
9.764577259475217819e-01
9.961937155814706291e-01
9.886624375759212047e-01
9.849939975990396057e-01
9.917313776243887880e-01
9.820089955022489603e-01
9.711836955054662379e-01
9.881062712388014591e-01
9.513948806442336092e-01
9.795615731785944913e-01
9.396957123098201858e-01
9.895048041389504778e-01
9.919824038597984117e-01
9.955539358600582478e-01
9.709543568464730212e-01
9.624516473255968485e-01
9.807516737674984997e-01
9.663247401808610082e-01
9.899293050553554796e-01
9.513368315842078982e-01
9.749065286166235245e-01
9.587431693989070247e-01
9.975323462718420631e-01
9.704693611473271808e-01
9.702525867315885399e-01
9.734663710273466775e-01
9.860655737704917545e-01
9.813218390804597790e-01
9.647709763272167560e-01
9.859277044150993596e-01
9.959197786998617019e-01
9.693234346547134894e-01
9.813668600902643036e-01
9.902647429611990404e-01
9.556714471968710267e-01
9.366157725171593285e-01
9.744036105738234088e-01
9.887966804979253510e-01
9.622515672935841868e-01
9.813057233247052258e-01
9.741803278688524470e-01
9.761449164434239378e-01
9.838913013027035248e-01
9.718098665467086450e-01
9.750483558994197386e-01
9.900183710961421024e-01
9.879432624113475558e-01
9.726693227091633975e-01
9.619211634137007083e-01
9.779485257371314244e-01
9.641350210970464074e-01
9.851000425713070108e-01
9.623196526124107031e-01
9.692946058091286288e-01
9.685877031328531395e-01
9.752066115702479054e-01
9.833313489701155374e-01
9.719917012448133775e-01
9.873705122747268303e-01
9.738591916558018147e-01
9.879793061472915694e-01
9.573333333333333695e-01
9.891441378344305591e-01
9.672336497890294815e-01
9.804822043628013128e-01
9.526567809700339229e-01
9.763488543976348577e-01
9.606910039113427668e-01
9.936143039591315285e-01
9.838797814207650427e-01
9.858606557377048718e-01
9.815764610608718188e-01
9.852672750977836680e-01
9.895397489539748959e-01
9.938645418326692571e-01
9.933189364286678646e-01
9.960454414725338212e-01
9.909638554216867457e-01
9.541648928622108450e-01
9.752738892270237381e-01
9.980657640232108996e-01
9.806235799040646794e-01
9.515027322404371324e-01
9.741734071235985670e-01
9.592520954223082708e-01
9.877962253441181506e-01
9.564353625656307756e-01
9.661897691996220727e-01
9.777279731054769885e-01
9.698136993976748110e-01
9.912280701754386802e-01
9.614512471655328740e-01
9.586445366528354439e-01
9.765373301582854770e-01
9.839999999999999858e-01
9.755924506882360792e-01
9.720470006184291911e-01
9.539765319426335433e-01
9.784786641929499318e-01
9.771533986093372537e-01
9.541759053954176339e-01
9.902146038601700173e-01
9.565217391304348116e-01
9.811734364925854823e-01
9.858823529411764319e-01
9.860090264345583444e-01
9.645490196078431167e-01
9.410349854227404442e-01
9.766831608936872300e-01
9.529335912314634838e-01
9.871000167532251179e-01
9.891441555162837629e-01
9.667041479260369830e-01
9.669623059866961912e-01
9.835807467386414871e-01
9.817351598173515992e-01
9.966257254690240597e-01
9.829594477998274682e-01
9.546932742054693444e-01
9.824630801687763704e-01
9.856866537717601240e-01
9.876428792091442865e-01
9.982659730558889333e-01
9.709016393442622128e-01
9.708719851576994575e-01
9.894427786106946288e-01
9.698804780876494336e-01
9.857871720116617720e-01
9.460458240946045816e-01
9.946011607504386953e-01
9.859049332733543780e-01
9.868340477648500642e-01
9.918699186991870587e-01
9.694157029823493588e-01
9.696324677167589279e-01
9.927924480163285992e-01
9.465056082830025641e-01
9.696721311475409166e-01
9.896339488176222332e-01
9.682744978697505056e-01
9.900121473883115586e-01
9.855967078189300512e-01
9.753428270042193704e-01
9.832641770401105985e-01
9.725983236621534855e-01
9.798104956268220977e-01
9.796868673235255010e-01
9.902216427640156970e-01
9.610495195861049611e-01
9.907041139240506666e-01
9.366618075801749210e-01
9.732559690542883502e-01
9.650915283099190667e-01
9.615492365877573722e-01
9.740159686230565050e-01
9.902426160337552963e-01
9.838840298023971975e-01
9.726092896174862723e-01
9.840938722294654273e-01
9.946793002915451654e-01
9.995435179549604365e-01
9.730320699708454590e-01
9.557808455565142136e-01
9.776503164556962222e-01
9.533663217873744600e-01
9.804287690179805947e-01
9.675897748021911049e-01
9.701213818860877636e-01
9.856705450091854948e-01
9.828819233110164255e-01
9.634839650145773371e-01
9.577831132452980789e-01
9.350741457124436273e-01
9.830611418545012192e-01
9.838229033631331610e-01
9.913554633471645117e-01
9.781467291045835566e-01
9.810792349726776829e-01
9.908083441981747619e-01
9.719387755102041337e-01
9.478887613215971619e-01
9.611863313990972602e-01
9.597510373443982612e-01
9.717930029154518978e-01
9.693637621023513118e-01
9.958916615946440398e-01
9.721994535519126179e-01
9.801754385964912553e-01
9.803278688524590390e-01
9.675693101225015802e-01
9.886538730914693485e-01
9.464855211123868184e-01
9.956997084548104837e-01
9.878087649402390591e-01
9.801319538161643585e-01
9.663808940600122632e-01
9.570736063273377336e-01
9.872016105838365974e-01
9.928465379943312019e-01
9.782798833819241757e-01
9.854602259072338111e-01
9.773866033755274074e-01
9.677480434233779460e-01
9.846743295019156905e-01
9.874892148403796588e-01
9.663367821262558444e-01
9.704548486061090884e-01
9.584675724891441595e-01
9.697665002024564718e-01
9.831634229224590626e-01
9.742850276375870644e-01
9.700685654008438519e-01
9.640808344198174007e-01
9.445778311324529719e-01
9.926637321595305208e-01
9.947196870925685275e-01
9.974489795918367596e-01
9.733843154895787109e-01
9.761583445793972080e-01
9.694390715667311476e-01
9.734461383816385149e-01
9.800724637681159646e-01
9.850717079530639797e-01
9.865836791147994944e-01
9.959378064154643662e-01
9.813113917591529400e-01
9.949623953455370984e-01
9.541586073500967213e-01
9.789688818565400741e-01
9.902933563416739249e-01
9.756065400843881852e-01
9.733929331630482018e-01
9.846605308790181699e-01
9.558404558404557383e-01
9.874316939890710465e-01
9.574898785425101089e-01
9.879534948872390476e-01
9.935433517808995862e-01
9.784692635423006823e-01
9.797305572565829790e-01
9.669040084388185186e-01
9.715013901760889414e-01
9.532270916334661948e-01
9.941329856584093516e-01
9.741457124435848325e-01
9.772490221642764485e-01
9.832609609188962541e-01
9.574275362318840354e-01
9.543946932006632800e-01
9.832552859372781784e-01
9.734592892487630156e-01
9.608627450980391504e-01
9.726141078838174137e-01
9.584548104956268633e-01
9.918725099601594097e-01
9.823838080959520491e-01
9.950547778454047476e-01
9.842231075697212006e-01
9.707290701266604316e-01
9.591454272863568775e-01
9.665199413098573000e-01
9.763760049474334846e-01
9.807692307692308376e-01
9.621715076071921668e-01
9.840318101489522462e-01
9.786202185792349795e-01
9.427742616033755185e-01
9.833971902937420628e-01
9.902548725637181359e-01
9.938027426160337408e-01
9.876093294460641658e-01
9.745762711864406347e-01
9.635074145712443361e-01
9.810365771359157439e-01
9.861533779671333155e-01
9.677254751881617656e-01
9.490006447453256389e-01
9.754568494064292938e-01
9.806170886075948889e-01
9.949741315594975433e-01
9.758196721311475086e-01
9.604286314609890018e-01
9.619643370721887576e-01
9.659275683665928813e-01
9.822404371584699811e-01
9.856609310390822554e-01
9.787143465304385392e-01
9.750791139240506666e-01
9.964473277726288991e-01
9.584699453551912551e-01
9.908022130013831585e-01
9.784183296378418104e-01
9.873138096440292610e-01
9.576502732240437243e-01
9.818090307736553335e-01
9.869141813755326620e-01
9.624923919659160720e-01
9.836005830903790104e-01
9.711836955054663489e-01
9.782268578878747789e-01
9.409282700421941481e-01
9.603860170063436286e-01
9.930093776641091274e-01
9.760245901639345023e-01
9.866120218579235157e-01
9.709038121686444089e-01
9.730497349154253461e-01
9.879435282358820514e-01
9.914029214850882399e-01
9.869982327695027147e-01
9.750957854406130387e-01
9.720464135021097407e-01
9.688109161793372337e-01
9.987105093488072294e-01
9.488724127278344023e-01
9.604382227632379809e-01
9.926460288555820632e-01
9.812255541069099252e-01
9.916992846537994177e-01
9.719262295081967373e-01
9.875332679647008671e-01
9.831485587583148611e-01
9.912999712395744734e-01
9.576994434137291456e-01
9.926010970787091381e-01
9.883913764510778854e-01
9.733185513673319189e-01
9.739098300073909531e-01
9.522417153996102224e-01
9.867484177215190000e-01
9.701291329643819683e-01
9.574670385395537275e-01
