6.963618061547311999e-01
7.321083172147001550e-01
7.519679300291544077e-01
7.657676348547718392e-01
6.847597702759489202e-01
6.930843706777316537e-01
7.307746182938786861e-01
6.959020489755122219e-01
7.264597191426459544e-01
6.959699453551912995e-01
6.998179016669000552e-01
7.077479778629203189e-01
6.984526112185687197e-01
6.422203048605118481e-01
6.712781751923335705e-01
6.679438058748403684e-01
7.395734916992846575e-01
6.574453551912569083e-01
6.760994502748625123e-01
7.078226857887874868e-01
7.394438066079855876e-01
6.919778699861687254e-01
6.968643805993204321e-01
6.889212827988338006e-01
6.963618061547310889e-01
6.725342827004219259e-01
6.595744680851063357e-01
6.765367316341830417e-01
6.831812255541069856e-01
7.246119733924611950e-01
6.621023513139696615e-01
6.965986394557822647e-01
7.136297376093294620e-01
7.170490328385066281e-01
6.701619778346120659e-01
7.111015243025596844e-01
7.205924647684784912e-01
7.339455272363817340e-01
7.193396226415094130e-01
7.493084370677732808e-01
7.082833133253301217e-01
6.759362549800796982e-01
7.041535462588093264e-01
5.908649173955295986e-01
7.263043755581068961e-01
6.688775510204081343e-01
7.227888446215139373e-01
7.451205510907003005e-01
7.345179187284450739e-01
7.003137254901961040e-01
7.314495254529767010e-01
6.680206318504190444e-01
7.149526477257569512e-01
7.406705539358600099e-01
6.472484630379367054e-01
6.636078431372549602e-01
7.006651884700665356e-01
7.443198159332757857e-01
6.784375468585994717e-01
6.923469387755102344e-01
6.680327868852458106e-01
7.039161392405063333e-01
6.585276967930028258e-01
6.627768987341772222e-01
6.655694074800392324e-01
6.853976531942632677e-01
6.850583090379008810e-01
6.752183406113536623e-01
7.391235059760956627e-01
7.045094936708861111e-01
6.698087431693990901e-01
7.008520998174071481e-01
6.938722294654497968e-01
7.161128691983122962e-01
7.351368970013036908e-01
7.056122448979592621e-01
7.040816326530611180e-01
6.781708369283865334e-01
7.119044405452827906e-01
6.906134515890612890e-01
6.998044328552803783e-01
6.925339683429052595e-01
6.394925091105412296e-01
6.063562453806357055e-01
6.499630450849962493e-01
6.823084465611430893e-01
7.436974789915966610e-01
7.155210643015521566e-01
6.736199801333900838e-01
6.865437158469945844e-01
6.724137931034483984e-01
6.548957864747338986e-01
7.427274017312331944e-01
6.888920016809076952e-01
6.869014519616929437e-01
7.261284722222223209e-01
6.484109386548411180e-01
7.153228297806611957e-01
7.350409836065573410e-01
6.965846994535518366e-01
6.409618573797677410e-01
6.692010137388288982e-01
7.134052388289675584e-01
6.880341880341880323e-01
6.674575783721600208e-01
6.780359820089956191e-01
6.620889748549323439e-01
7.643015521064301376e-01
7.596632223497895575e-01
6.583583208395801245e-01
6.842300556586270455e-01
6.865973815629637933e-01
7.393216971761032985e-01
6.605191256830600377e-01
6.755356889456506364e-01
7.185788787483702311e-01
6.647540983606556875e-01
6.984947059573926031e-01
7.340680761733393567e-01
7.353164942178940233e-01
7.357188910380398905e-01
6.976650020245647177e-01
7.014993481095175287e-01
6.953030098528816261e-01
6.714509803921570041e-01
7.137621023513138763e-01
6.765523632993513115e-01
6.949515905947442063e-01
6.741931368797040580e-01
7.357923497267759849e-01
7.006830601092896016e-01
7.154136860574976664e-01
6.876685114233006546e-01
7.263661202185792698e-01
6.818041396354650452e-01
6.464730290456430772e-01
6.838192419825072088e-01
7.275510204081633292e-01
6.462774173617547024e-01
7.095252586731588540e-01
7.386612021857923427e-01
7.193584535649250045e-01
6.927640156453716003e-01
7.311603650586702141e-01
7.302991084268046773e-01
6.139683505782107531e-01
6.860310421286032190e-01
6.976892430278883728e-01
7.252665676879470613e-01
6.760532150776054072e-01
7.283700704753336419e-01
7.015294646873594386e-01
7.016388849978989484e-01
6.514223753029724229e-01
6.933609958506223858e-01
6.902868318122554747e-01
6.752933507170794103e-01
6.929722759509991947e-01
6.973032069970845903e-01
6.821509719767735458e-01
6.657103825136612141e-01
6.993852459016394185e-01
7.388161898965307506e-01
7.141056170331978592e-01
6.813979548956435872e-01
7.939315501869426139e-01
6.807151979565773114e-01
7.117315885575167256e-01
6.555752212389380773e-01
7.292205924647685578e-01
7.191928735321905242e-01
7.177081588205730389e-01
6.190583295846453504e-01
7.264084007379026930e-01
7.155378486055776754e-01
6.984947059573924921e-01
7.012144302893200676e-01
6.900712025316455556e-01
6.820339830084958255e-01
7.042372881355931646e-01
6.790091264667534876e-01
7.441981747066491737e-01
6.151127117513672804e-01
7.003911342894393322e-01
6.749887539361224542e-01
7.202450032237266431e-01
6.948839662447257037e-01
7.120760607350645754e-01
6.566624095359726576e-01
6.830255911888565290e-01
7.412543728135931875e-01
6.926825611036137031e-01
6.680907690152682044e-01
6.859836497890297036e-01
7.469361147327250317e-01
7.113082039911308163e-01
6.967836257309940606e-01
6.962785114045617618e-01
6.942232420029693651e-01
7.074967405475879323e-01
6.903765690376568731e-01
6.726976018163757232e-01
6.891185100140323483e-01
6.972559604138552913e-01
7.046160075583749460e-01
6.764344262295081123e-01
6.978487614080834955e-01
7.339263202129150399e-01
6.517019190362796088e-01
6.980155306298533313e-01
6.449246365212751853e-01
6.596452328159644329e-01
6.880942244926918638e-01
7.218922931569712320e-01
7.066276803118909378e-01
7.023997890295358149e-01
7.086568881219442728e-01
6.574629851940777536e-01
6.975228161668838300e-01
5.792757151552039296e-01
7.204484177664254307e-01
7.016118633139909466e-01
7.406697885625087574e-01
7.042349726775956054e-01
6.648907103825136833e-01
7.139208173690932968e-01
6.919036279590978777e-01
7.003468053888221023e-01
6.788065555399915851e-01
6.911849295369570934e-01
7.632088520055325676e-01
6.940109377084167086e-01
7.355162241887904795e-01
6.880931837791198769e-01
7.102346805736635682e-01
6.495211615693543550e-01
7.079529737206086137e-01
7.024142990529544939e-01
7.192028985507246119e-01
7.387636658118504895e-01
6.749077004219409259e-01
7.122081898201302330e-01
6.591278640059128335e-01
7.433518862090290336e-01
7.397181478285878020e-01
6.753415300546449229e-01
6.479674796747968424e-01
6.758649670822245437e-01
6.243757592117694655e-01
6.837431693989071135e-01
6.750033346672001944e-01
6.903221167673282421e-01
6.600796812749003539e-01
6.953743152769324976e-01
6.368670886075948889e-01
7.089903181189487480e-01
6.341590612777053826e-01
6.250500200080032487e-01
6.438524590163935413e-01
7.056737588652481907e-01
6.989932071809801251e-01
7.247765006385695763e-01
7.408735332464146950e-01
6.856104094910066005e-01
7.048355899419729287e-01
6.856702619414483113e-01
6.567701304543410723e-01
6.552156862745097676e-01
6.990049751243780918e-01
6.155976676384838919e-01
6.665856818918043381e-01
7.309236947791164507e-01
7.218097772797309464e-01
6.509922346850733899e-01
6.912860382248137148e-01
6.839999999999998304e-01
7.090381216864427572e-01
6.629318394024276140e-01
7.040035987404408280e-01
7.081284153005464876e-01
6.920553935860058736e-01
7.315514993481094796e-01
6.538035961272475882e-01
6.711012564671101632e-01
6.433943522066127851e-01
6.894906511927788584e-01
6.762851940047626131e-01
6.874999999999998890e-01
6.769882659713167827e-01
7.162067516458887617e-01
6.549236587757388817e-01
6.797218674613310085e-01
6.700665188470066314e-01
7.181818181818181435e-01
6.556016597510373467e-01
7.059037900874635119e-01
7.359693877551021224e-01
6.879418434040281971e-01
6.251450676982591714e-01
6.712400659769081068e-01
7.407225964482547775e-01
7.214384508990316913e-01
6.655458860759494444e-01
7.208835341365462668e-01
6.251855850992036334e-01
6.831943157244362297e-01
6.799419338550871661e-01
6.579920908279117686e-01
7.189233768181136908e-01
6.728750923872875989e-01
6.881495478472128280e-01
6.724757952973721142e-01
6.848628691983121852e-01
7.118644067796610075e-01
6.895573997233749308e-01
6.952654433394032107e-01
7.385944092827004814e-01
6.878284923928077443e-01
6.858229598893499368e-01
7.278274443025400942e-01
6.346914556962025555e-01
7.048891786179921626e-01
7.002390438247011462e-01
7.418367346938775642e-01
7.046304285303423010e-01
6.801173402868316842e-01
7.627732240437158362e-01
7.474753850037868519e-01
6.825498007968127112e-01
6.809030773655448954e-01
6.967876906465109155e-01
6.454987177756781325e-01
6.756192959582790758e-01
6.798497267759563423e-01
7.477869986168741434e-01
6.642112125162972225e-01
7.131195335276967473e-01
6.713900134952767162e-01
7.021941574180380341e-01
7.114260008996851070e-01
7.145593869731801107e-01
6.373310324992810250e-01
6.934444600084045396e-01
6.988136241867584086e-01
7.124316939890710243e-01
6.358122362869197408e-01
6.729490022172949226e-01
6.921149789029535926e-01
7.184774575018476606e-01
7.063411078717201086e-01
7.029062690200853503e-01
7.434426229508197537e-01
7.010353753235547547e-01
7.055448098001290136e-01
7.535344609946983407e-01
6.481481481481481399e-01
6.917837377607491955e-01
6.732270916334661681e-01
6.543976348854396718e-01
7.309467299578059629e-01
6.660753880266074844e-01
7.347145363746793167e-01
7.213556851311951901e-01
7.549100968188104943e-01
6.642939315501867892e-01
6.605023983842464030e-01
6.821598101265822223e-01
7.207090687766281034e-01
6.799336650082918876e-01
7.221311475409835090e-01
7.238589211618257080e-01
6.718533886583678560e-01
6.550546448087433138e-01
7.068965517241380114e-01
6.767866066966516936e-01
6.983606557377048940e-01
7.611341632088519660e-01
7.194985292057711757e-01
7.979281963956293966e-01
6.401603498542274284e-01
7.241379310344827624e-01
7.068645640074211478e-01
7.147327249022163986e-01
7.204810495626822187e-01
6.376943549516738141e-01
7.550077041602465400e-01
7.085284518234710172e-01
6.716372489348751973e-01
7.181877444589308546e-01
7.057632608989067302e-01
7.261130246204872130e-01
7.032733633183407829e-01
6.743503248375811721e-01
7.321500877311378774e-01
7.426286856571713280e-01
7.209519700891573457e-01
6.652623798965262569e-01
6.999617298124760634e-01
6.933573249362723345e-01
7.402216427640155860e-01
6.690394017831464701e-01
7.035202086049542336e-01
7.359792924935287806e-01
7.563291139240507777e-01
6.952999381570810211e-01
6.628424888648940527e-01
7.109517601043023882e-01
6.868609048886399338e-01
6.951166180758017177e-01
7.900526386826831615e-01
6.095803036101544725e-01
6.777322404371585174e-01
6.740724762726487684e-01
7.280082987551866891e-01
6.827091633466135789e-01
7.332361516034985316e-01
6.691343203948245666e-01
7.163900414937759420e-01
6.919087136929461535e-01
7.495447541672503045e-01
7.281118143459914815e-01
7.102255174544331862e-01
7.607492550021285327e-01
6.927842565597668312e-01
6.548995739500913515e-01
6.604508196721311508e-01
6.874685877031327941e-01
6.955514365152919432e-01
6.675664732082602359e-01
6.853270895416490038e-01
6.852561373634171726e-01
7.019216555801921498e-01
7.297238999137186655e-01
7.196403872752420439e-01
7.456215554194733919e-01
7.042817126850740017e-01
6.668916183020651145e-01
7.103522742610338669e-01
7.302655077985474863e-01
7.473032069970846347e-01
6.544068025374544240e-01
7.194933580475749713e-01
7.044951590594743518e-01
6.684405025868440653e-01
6.928735321905791222e-01
6.405008247113511688e-01
7.077185792349727222e-01
6.352430312368678722e-01
6.965267366316841846e-01
6.801582471089470117e-01
7.038456080601676046e-01
7.641151255358236138e-01
6.631190577550730714e-01
6.615185636031649663e-01
7.231557377049181445e-01
7.218533886583677894e-01
6.553907939450108744e-01
7.048725069426912127e-01
6.870677731673582311e-01
7.099601593625498586e-01
6.623476677405798485e-01
7.111338797814208412e-01
7.073305670816044666e-01
6.778270509977827318e-01
7.207362668967499664e-01
6.976092896174863611e-01
6.780774550484094387e-01
6.477257389661223996e-01
7.408735332464145840e-01
6.916862745098039111e-01
7.041235544735240381e-01
6.829531650695099820e-01
7.132343846629560780e-01
7.076071922544951986e-01
6.918032786885246477e-01
6.922544951590594575e-01
7.351372549019608016e-01
7.518816175532593293e-01
6.793731778425655676e-01
6.645971116210014351e-01
7.365710560625813308e-01
6.846473029045644365e-01
6.629810094952524047e-01
6.561573178594455324e-01
7.162622392507449476e-01
6.532172995780591851e-01
7.195303009852881404e-01
7.482791199892022682e-01
6.908096571962119015e-01
7.240566037735849392e-01
7.195969916276429013e-01
7.223497895139686653e-01
6.648672964462437607e-01
6.550474762618692104e-01
6.415254237288136041e-01
7.542349726775956498e-01
6.531513713080169259e-01
6.895573997233749308e-01
7.034737620103473921e-01
6.643990929705215764e-01
6.516248048815097560e-01
6.832963784183296863e-01
7.155976676384838697e-01
7.172740524781341387e-01
6.836748633879781156e-01
7.117992177314210744e-01
7.098435462842243027e-01
6.793089485760561708e-01
6.530195147679324075e-01
6.938646869309427201e-01
7.267194157029822632e-01
7.196577509347137358e-01
7.017529880478087234e-01
7.223152956944212111e-01
6.748295884877556494e-01
7.198980356875093189e-01
7.087225448119160998e-01
7.059032212288918195e-01
7.296582849774340129e-01
7.218248076663517088e-01
7.365877573889899610e-01
6.944672131147541227e-01
7.283034147658253854e-01
7.209908735332463126e-01
7.162668665667165646e-01
7.170693126258267380e-01
7.068987749838813173e-01
6.786656118143459260e-01
6.535806729939603876e-01
6.931693989071038287e-01
7.090163934426230163e-01
6.743852459016393963e-01
6.590586718246291831e-01
6.470129132964382856e-01
6.768221574344024383e-01
7.125814863102998276e-01
7.016311465650671986e-01
7.202214219020940389e-01
6.741353193637970032e-01
7.054932412999712632e-01
7.131434282858570839e-01
6.594804852320675925e-01
6.311107998319092083e-01
7.275436355896125473e-01
7.240742945588759527e-01
7.312593703148425606e-01
7.150278293135435836e-01
7.396694214876032847e-01
7.057649667405764271e-01
7.195355191256830318e-01
7.014138988928905194e-01
7.025789813023853858e-01
5.990911386013632045e-01
7.737078022131951283e-01
7.061487434621763759e-01
7.191003263800198608e-01
6.708732622486165420e-01
6.365737498249054438e-01
6.364970021686439106e-01
7.914264597191427164e-01
6.833501640999746218e-01
7.049180327868852514e-01
7.394584139264989142e-01
6.722705696202531112e-01
7.281649421789408994e-01
6.822886297376092868e-01
6.579641350210970741e-01
7.031797170472056102e-01
7.263622356072279018e-01
7.252049180327868605e-01
6.828677127184590301e-01
6.991290078263064922e-01
6.453985151982070123e-01
6.821877309682187196e-01
7.144863266814486247e-01
6.859378944710929904e-01
6.395873629916183356e-01
6.738695478191275567e-01
7.130705394190871571e-01
6.983965014577260266e-01
7.106773823191733230e-01
6.934857635893011407e-01
7.118847539015605852e-01
7.380392156862746189e-01
7.011545958914379151e-01
6.337658325610132648e-01
7.017457180500659142e-01
7.224066390041494756e-01
7.488265971316818703e-01
6.972246189243601622e-01
7.462151394422311679e-01
6.758565737051792643e-01
6.960071437683378326e-01
6.041462389690432921e-01
6.658757549611734605e-01
6.668983626814952714e-01
6.670081967213115082e-01
6.883362787174955866e-01
6.916329284750338813e-01
6.178971521122957888e-01
7.463080168776372592e-01
6.612903225806452401e-01
6.967762733720180846e-01
6.597441983122361853e-01
7.236638863144887468e-01
7.161493477282950826e-01
7.175136944613512702e-01
6.805684275563793628e-01
6.954918032786886473e-01
7.616763443574853243e-01
6.678785559382574011e-01
7.299905520313132445e-01
6.514236410698878155e-01
7.036202185792349573e-01
7.373581734136432919e-01
6.939609704641349630e-01
6.935576646534369338e-01
6.828181940882710466e-01
6.909044520984819471e-01
7.118632042003689708e-01
6.567773167358230690e-01
6.898725311668301163e-01
7.142737476964315935e-01
6.501124437781110599e-01
7.189207650273223837e-01
6.223138430784607156e-01
7.329599136185720454e-01
7.070775228669966550e-01
7.115646258503403043e-01
7.230395464975030162e-01
7.188875550220088506e-01
6.759562841530054600e-01
7.164855072463768293e-01
7.269197584124246214e-01
7.071922544951591005e-01
7.382653061224491164e-01
6.733748271092668825e-01
6.808376523322593465e-01
6.846938775510204023e-01
7.380585516178737038e-01
7.451590594744120777e-01
6.688955996548748839e-01
7.412507608034084594e-01
6.450391315324413011e-01
6.953665283540801934e-01
6.977279263733102699e-01
6.849102442974759342e-01
6.667600504272306328e-01
6.777559882336460229e-01
6.457814661134163581e-01
6.841579210394801436e-01
6.951894423158790914e-01
7.136733185513673972e-01
7.068430287488189911e-01
7.218039215686274934e-01
7.010085446140916776e-01
7.393192323854881343e-01
7.086395873629915965e-01
6.665390993749202853e-01
6.541387705416920051e-01
7.192254495159059458e-01
6.914829809566652719e-01
7.204750978539613548e-01
6.942246835443037778e-01
6.813411078717200864e-01
6.364336741840593836e-01
7.258420085731782656e-01
6.752373417721518889e-01
7.004482420507074369e-01
6.412171507607192789e-01
6.962888159555667977e-01
7.039875124166311560e-01
6.659997332266239800e-01
6.793671065701717415e-01
6.672850958565244017e-01
7.355874316939889912e-01
7.171502256608638382e-01
6.516957570597416982e-01
6.978667003281998626e-01
7.465449804432854330e-01
7.010353753235548657e-01
6.921161825726140915e-01
7.179650915283098955e-01
6.083816979349438991e-01
7.013767040086380522e-01
6.559037900874635785e-01
7.079608343976160345e-01
6.549100968188105165e-01
6.905065985525755679e-01
6.919338550870991478e-01
7.594936708860760000e-01
6.698312236286920740e-01
7.210926694329183873e-01
7.107279693486591166e-01
6.694752402069474861e-01
7.232004942848315743e-01
6.839080459770114917e-01
7.203048605119355408e-01
7.354509803921567279e-01
7.481439977587897028e-01
7.272727272727272929e-01
6.966527196652718690e-01
6.895686274509803537e-01
7.217923920051581010e-01
7.010812236286919630e-01
6.842017088289494842e-01
6.955455946210953311e-01
7.470845481049561698e-01
6.865110759493672221e-01
6.787260358688930184e-01
7.278005464480874487e-01
7.405763109398559862e-01
7.071203299369237527e-01
6.893227091633465919e-01
6.605434366628396559e-01
7.526607066836953353e-01
7.227056962025316666e-01
7.038953134510043119e-01
7.304473524041388277e-01
7.000739098300073904e-01
6.753947901201241555e-01
7.337816455696202222e-01
7.036652835408022666e-01
7.121903520208605620e-01
7.108139200460167340e-01
6.560975609756096727e-01
7.575687364843991523e-01
7.214698721850274499e-01
6.907332433648223358e-01
7.213893053473263706e-01
6.726907630522087622e-01
6.897137311984474772e-01
7.432306255835666731e-01
6.503576731002834732e-01
7.201112140871176459e-01
6.729992426155012586e-01
7.310009267840592573e-01
6.847164591977868975e-01
7.233468286099865585e-01
6.545872878918608251e-01
7.199556541019954681e-01
7.349239280774551020e-01
7.317371297095196514e-01
6.778917532730462936e-01
7.097323908104014034e-01
7.254015386691861078e-01
6.676413255360623689e-01
6.898092570361478160e-01
6.808743169398907558e-01
7.085301660143070723e-01
7.543140638481449223e-01
7.312925170068026448e-01
7.221009218825812370e-01
6.789409616555082128e-01
6.631189948263119804e-01
7.262007477710670234e-01
7.041483259970655606e-01
7.173974741024549129e-01
7.059474412171508062e-01
6.872950819672131173e-01
7.344429449692607692e-01
7.012138188608776357e-01
7.548926980699148803e-01
6.943582129842084116e-01
7.559049804292077290e-01
7.013438368860055450e-01
7.058939873417721111e-01
6.788898475697441315e-01
6.789293248945147408e-01
6.191426459719142628e-01
6.931010928961748307e-01
7.215296259980389371e-01
6.802773497688751059e-01
7.275737131434282245e-01
7.026894523042442886e-01
7.696324951644100132e-01
7.631396957123098845e-01
7.230497349154253461e-01
6.628119293974437110e-01
6.779519172245891401e-01
6.455048409405255150e-01
7.280082987551866891e-01
6.586791831357049487e-01
6.488265971316818925e-01
6.569840079960020951e-01
7.287710970464134075e-01
7.001560947921101619e-01
7.020042194092827037e-01
7.456226362235607308e-01
7.045484860610911060e-01
7.292250233426703643e-01
6.784018987341771112e-01
7.185338865836791156e-01
7.035856573705178141e-01
6.797170472054909762e-01
7.122182206215819100e-01
7.047726136931534713e-01
6.952832901926949694e-01
7.037694013303769092e-01
6.925642117212998938e-01
6.845905867182462412e-01
7.174863387978142049e-01
6.740456932027812931e-01
7.408826450972044730e-01
7.182971014492753881e-01
6.577455048409404093e-01
7.356197871728501481e-01
7.269076305220883993e-01
7.323854881636083780e-01
6.844756634028664743e-01
7.361338797814207524e-01
7.145527753810756444e-01
6.963562753036437458e-01
7.038395168248490208e-01
6.794509803921569002e-01
7.205569080949482119e-01
6.512310243653527397e-01
6.505601295721419319e-01
7.208726945569051692e-01
7.080912863070539798e-01
7.730677290836652782e-01
6.884168899094272875e-01
6.615979725223423147e-01
6.778061586490704560e-01
6.877417633720155354e-01
7.155195147679325185e-01
6.540743670886075556e-01
6.807050092764378446e-01
7.410581724929139469e-01
6.614190687361419796e-01
6.261676344357485213e-01
7.492239168578754827e-01
7.065581253804017470e-01
6.878976486860304274e-01
6.699065892451401272e-01
6.687134502923978152e-01
7.221622351194492140e-01
6.915917041479260341e-01
6.570881226053639779e-01
6.867088607594937777e-01
6.663667716299295218e-01
6.948087431693988902e-01
7.340318101489522462e-01
7.293135435992579296e-01
7.276910764305722923e-01
6.847857348288756141e-01
6.981557377049181223e-01
5.991201929899248046e-01
6.529699938763012801e-01
7.109958506224066666e-01
7.020718036043707144e-01
6.974050046339204112e-01
6.460488828909881631e-01
7.350273442710416605e-01
7.120394115265217261e-01
7.056370434282427384e-01
6.490318118948823489e-01
7.344938749194067640e-01
7.035269709543567895e-01
6.569847856154910071e-01
7.373307543520308815e-01
7.751767373616113010e-01
7.131866648670535103e-01
6.758196721311474642e-01
7.440677966101693075e-01
6.757262007477710108e-01
6.911669890393293825e-01
6.824862216778934121e-01
7.158469945355190323e-01
6.954055189802492709e-01
6.923076923076924016e-01
7.494578390100777865e-01
7.055608044270481605e-01
6.979635182408794325e-01
6.474296119904747737e-01
6.571648690292758443e-01
7.388526727509778791e-01
6.672290457551626197e-01
6.993276369239389556e-01
6.748971193415638226e-01
7.265023112480739620e-01
7.520091848450057848e-01
7.209543568464730212e-01
7.573099415204680440e-01
7.648686030428768490e-01
7.419941775836971232e-01
6.249812565602038683e-01
6.636862745098037752e-01
6.481049562682215104e-01
6.913330334382965514e-01
6.647989914553857904e-01
7.068829113924051111e-01
6.745750184774573777e-01
6.980024294776623339e-01
6.944923784872016892e-01
6.565191740412978927e-01
6.248962655601659755e-01
6.944672131147541227e-01
6.707650273224045057e-01
7.051687763713079260e-01
6.758977480219111600e-01
6.796905222437136240e-01
7.158565625437736113e-01
5.977027594901246355e-01
7.005215123859191984e-01
6.956861075635022429e-01
7.163624511082138380e-01
7.028040185934921746e-01
6.978568426950553238e-01
7.050534499514091724e-01
6.461918100573563750e-01
7.098839535814326362e-01
6.974412171507607949e-01
6.429460580912862433e-01
6.697440881114351541e-01
6.681566624095359730e-01
7.244897959183673741e-01
7.319793681495809778e-01
6.708651971809866943e-01
6.523533204384268647e-01
6.491297468354431111e-01
7.561103613735192797e-01
6.263056092843327649e-01
7.281385281385280850e-01
6.820061357876484598e-01
6.692814119624597158e-01
7.434402332361514931e-01
7.005102040816326703e-01
6.953354811598262408e-01
7.169432918395574061e-01
7.613797549967763478e-01
7.033680342927128848e-01
7.508368837492391812e-01
7.100823322985557740e-01
7.008627450980392526e-01
6.952404479578392360e-01
6.962431693989070691e-01
6.791044776119403714e-01
7.090190075264701797e-01
7.569744032211677132e-01
7.495950761256883199e-01
6.758495752123938605e-01
7.364945978391357340e-01
6.860366113239675379e-01
7.424927113702622927e-01
6.459711162100147952e-01
7.050365185636031651e-01
6.766852195423624927e-01
7.228375527426160740e-01
6.779371584699454001e-01
6.641686510715787417e-01
6.791567446421066245e-01
7.270491803278689158e-01
7.001467253568093296e-01
6.012390670553935390e-01
6.844737895158063967e-01
7.013045434098065245e-01
7.144536652835409285e-01
6.486902927580894263e-01
7.606580166821130806e-01
6.721299843905207405e-01
7.583887657058389076e-01
7.203137254901961217e-01
6.482660412129335192e-01
7.186036611323967094e-01
7.200891573195282724e-01
6.932357594936708889e-01
7.110946146578486227e-01
6.768119854231340327e-01
7.159751037344398439e-01
6.593332433526790659e-01
6.932742054693273870e-01
6.999466453247965569e-01
6.740362811791383857e-01
7.630559720139930002e-01
7.332464146023467411e-01
6.927875836883747862e-01
6.500322372662797887e-01
7.163468272867348219e-01
6.706212527108050825e-01
6.970262793914245858e-01
7.062240663900415383e-01
7.656903765690376007e-01
6.879668049792531104e-01
6.424180327868852514e-01
6.808611148603049834e-01
6.573962918500734220e-01
6.899196042053183930e-01
7.061979298157030627e-01
6.731935654008439629e-01
7.072157434402331910e-01
6.490980392156862067e-01
6.672913543228387034e-01
7.161078717201168065e-01
6.859612724757953028e-01
7.501318565400842964e-01
7.233376792698826829e-01
6.777705345501955359e-01
6.323756564720420803e-01
6.599824355971896095e-01
