9.759131435145240729e-01
9.948420373952289175e-01
9.807580174927112981e-01
9.821576763485476702e-01
9.810197506653592914e-01
9.710235131396957042e-01
9.868328897604706773e-01
9.950024987506246310e-01
9.915003695491501068e-01
9.640027322404370880e-01
9.857823224541252261e-01
9.676458067262665441e-01
9.837524177949710236e-01
9.715990796663791507e-01
9.692266162775002858e-01
9.797076770256846201e-01
9.808341206640571741e-01
9.681010928961748530e-01
9.875687156421788515e-01
9.850065189048240466e-01
9.756984309223115659e-01
9.620331950207468008e-01
9.920451034908865928e-01
9.865160349854227295e-01
9.783577796951394845e-01
9.742879746835443333e-01
9.786589297227594741e-01
9.721389305347326593e-01
9.608865710560625661e-01
9.926090169992608514e-01
9.813278008298755850e-01
9.711193568336424775e-01
9.884110787172011303e-01
9.760083970610285986e-01
9.898550724637680265e-01
9.657031924072476681e-01
9.843255680184067602e-01
9.966266866566717564e-01
9.829580036518563713e-01
9.919087136929460868e-01
9.931305855675603977e-01
9.756972111553784410e-01
9.865047233468285937e-01
9.915775834143181200e-01
9.916443423906110555e-01
9.938775510204082009e-01
9.878087649402389481e-01
9.737211379002423950e-01
9.835057729794571824e-01
9.947450980392156250e-01
9.664222030486051551e-01
9.693101225016118594e-01
9.855942376950780348e-01
9.880466472303206515e-01
9.628130154445944111e-01
9.706666666666666776e-01
9.743532889874353398e-01
9.838222605694564304e-01
9.632628579997000173e-01
9.780612244897959329e-01
9.808060109289618023e-01
9.829905063291138889e-01
9.854227405247814042e-01
9.652558016877637037e-01
9.775878974646309283e-01
9.759452411994785637e-01
9.775510204081633292e-01
9.873241145075206671e-01
9.777689243027888333e-01
9.919567510548523703e-01
9.918032786885245811e-01
9.783931832014607366e-01
9.547588005215124074e-01
9.775843881856540740e-01
9.855932203389831114e-01
9.830903790087462957e-01
9.783913565426171077e-01
9.920189818809318494e-01
9.776623026049399146e-01
9.929046563192904795e-01
9.824641460234680990e-01
9.754867628519400258e-01
9.844108516668915732e-01
9.787878787878787623e-01
9.852919438285291376e-01
9.687631320913292488e-01
9.791916766706681985e-01
9.975609756097560954e-01
9.780048247481197832e-01
9.829234972677596271e-01
9.799914857386121669e-01
9.966261808367071762e-01
9.826167163331913645e-01
9.918055750105057022e-01
9.829317269076305319e-01
9.829861111111111160e-01
9.811529933481153432e-01
9.864071671300587152e-01
9.883196721311475752e-01
9.857923497267759849e-01
9.946421737466513147e-01
9.665866346538615206e-01
9.902647429611990404e-01
9.763832658569501222e-01
9.749065286166236355e-01
9.948150924537730866e-01
9.883945841392650644e-01
9.744271988174426635e-01
9.845643576986859991e-01
9.841954022988506079e-01
9.853432282003711240e-01
9.856255904980429916e-01
9.790691074215979173e-01
9.713797814207649761e-01
9.892152689087554407e-01
9.848109517601042473e-01
9.887295081967212296e-01
9.730195177956372232e-01
9.867296446243815078e-01
9.898052343274498233e-01
9.588007736943906512e-01
9.817114320421108653e-01
9.780312907431552016e-01
9.898096909164528778e-01
9.904313725490195841e-01
9.809820193637621699e-01
9.798424467099164925e-01
9.719225449515904725e-01
9.668325041459370217e-01
9.826502732240436355e-01
9.916666666666665853e-01
9.912268862194628660e-01
9.575705974173407409e-01
9.785519125683059816e-01
9.711924621563174931e-01
9.597510373443983722e-01
9.931486880466472433e-01
9.723760932944606195e-01
9.790701266604882047e-01
9.795343883140597008e-01
9.655737704918032627e-01
9.901947051407760103e-01
9.736636245110821264e-01
9.898956975228161426e-01
9.925222893298821791e-01
9.887401095556909159e-01
9.838137472283813301e-01
9.835856573705179517e-01
9.898096909164528778e-01
9.913525498891352372e-01
9.664117558854400380e-01
9.749587644324486657e-01
9.936265583415044844e-01
9.776757239443807368e-01
9.691562932226832627e-01
9.901564537157758750e-01
9.700782268578878043e-01
9.760154738878143998e-01
9.966472303206996841e-01
9.848523100227215554e-01
9.890710382513661081e-01
9.896174863387977583e-01
9.812842361533780089e-01
9.766774057991315372e-01
9.725451743941728733e-01
9.894305435720448516e-01
9.889314601958278939e-01
9.700243457090688137e-01
9.737463126843657335e-01
9.847569744032210748e-01
9.871777567822916932e-01
9.855922265036018981e-01
9.870295396611186156e-01
9.660848588051653696e-01
9.933864541832669870e-01
9.703406046689628806e-01
9.763067031789498529e-01
9.725738396624472593e-01
9.759495252373813212e-01
9.878096479791395046e-01
9.713168187744458670e-01
9.833116036505866742e-01
9.880618914232359717e-01
9.921773142112124688e-01
9.703853651222072996e-01
9.884590586718247085e-01
9.847046413502109630e-01
9.642401021711366482e-01
9.927628778203491100e-01
9.731940395205701533e-01
9.756371814092954509e-01
9.928025191183085241e-01
9.861325115562404875e-01
9.873417721518986667e-01
9.838331160365059169e-01
9.844789356984477990e-01
9.823976608187134918e-01
9.872615712951847700e-01
9.769874476987447931e-01
9.857235984354628666e-01
9.847482791199891894e-01
9.748829289059173231e-01
9.852021941574180541e-01
9.753336332283701893e-01
9.945336752598190611e-01
9.887295081967213406e-01
9.944589308996089061e-01
9.927861044964281234e-01
9.839613391231265549e-01
9.905809605982168753e-01
9.873282646391889905e-01
9.804878048780487632e-01
9.683553285085851892e-01
9.878526116884869257e-01
9.774328984855300551e-01
9.712552742616034074e-01
9.670693126258269601e-01
9.810590903027878174e-01
9.849413298565840025e-01
9.921637248934875863e-01
9.782176812828153878e-01
9.644100580270793532e-01
9.897119341563785921e-01
9.536202185792349573e-01
9.627049180327867939e-01
9.660848588051653696e-01
9.813699397674744418e-01
9.951313858876884577e-01
9.780081243871691088e-01
9.764883520276099738e-01
9.836099585062240136e-01
9.876617313592103153e-01
9.790560471976401669e-01
9.893586425079091695e-01
9.868970013037808853e-01
9.662496138399752077e-01
9.786307053941908363e-01
9.787915166066426531e-01
9.959650856389987705e-01
9.682143339182075481e-01
9.700685654008438519e-01
9.782497767572394531e-01
9.892830746489282845e-01
9.827458256029684147e-01
9.808024158757550071e-01
9.717213114754098546e-01
9.898743532889875407e-01
9.887939487323155197e-01
9.900121473883114476e-01
9.707650273224044390e-01
9.765239429104974889e-01
9.802991084268046773e-01
9.977689243027888510e-01
9.928484479610468760e-01
9.834520042194092593e-01
9.645919778699860725e-01
9.917209908735332702e-01
9.846605308790182809e-01
9.782786885245901010e-01
9.809800128949064391e-01
9.804099951479864350e-01
9.763019724705548352e-01
9.700130378096479822e-01
9.878173236382191691e-01
9.880722114764667330e-01
9.802493346407060715e-01
9.799070325386114444e-01
9.948235294117646621e-01
9.762087000892971655e-01
9.733965014577259378e-01
9.909297052154194541e-01
9.766759345072597576e-01
9.813699397674744418e-01
9.582973828012655293e-01
9.837220602526725033e-01
9.773333333333333872e-01
9.944458470083312740e-01
9.915966386554622147e-01
9.619133303343829766e-01
9.845628415300545777e-01
9.703352769679299827e-01
9.782920469361147120e-01
9.789764868603043624e-01
9.736881005173688708e-01
9.609763019724705257e-01
9.728562217923919508e-01
9.817901666900126223e-01
9.756065400843881852e-01
9.952411994784875482e-01
9.908950833450063111e-01
9.761171032357472965e-01
9.908471690080886685e-01
9.752402069475241131e-01
9.591876208897485157e-01
9.751037344398341133e-01
9.595481049562681886e-01
9.775626159554731132e-01
9.716553287981859466e-01
9.902643455834945208e-01
9.687359424201529290e-01
9.919779546846294593e-01
9.973720608575380453e-01
9.872758438818565185e-01
9.789156626506023695e-01
9.946686462410582186e-01
9.917361754711152555e-01
9.906589245140116073e-01
9.865416507207551700e-01
9.887539361223571799e-01
9.934220251293421899e-01
9.887299230665407279e-01
9.900414937759336453e-01
9.616956751054852592e-01
9.942568987253116441e-01
9.727524204702627797e-01
9.658215436335622073e-01
9.791666666666666297e-01
9.694329183955739948e-01
9.647994467496542326e-01
9.682843763303533580e-01
9.665743670886075556e-01
9.764015645371577623e-01
9.766533864541833143e-01
9.579446064139940376e-01
9.841817658901351740e-01
9.814863102998696576e-01
9.674863387978140938e-01
9.860515021459227425e-01
9.925099601593625476e-01
9.862668967500719530e-01
9.657848562559049332e-01
9.698339856930759950e-01
9.664276401564536600e-01
9.766393442622951504e-01
9.837482710926694907e-01
9.641460234680574448e-01
9.827988338192420459e-01
9.768331084120558394e-01
9.754432963388186550e-01
9.705353126405757980e-01
9.897119341563785921e-01
9.664941041127408372e-01
9.936965961619275145e-01
9.864778670748819422e-01
9.773224043715846854e-01
9.646624472573839260e-01
9.879526977087953465e-01
9.823312236286919630e-01
9.838876570583887649e-01
9.836734693877551283e-01
9.599056603773585827e-01
9.806010928961748085e-01
9.900776531492665455e-01
9.823984526112186089e-01
9.780358495329461999e-01
9.728594991752885779e-01
9.795657726692208467e-01
9.936254980079680665e-01
9.898743532889874297e-01
9.694092827004219259e-01
9.875831485587583947e-01
9.825212579295452553e-01
9.858600583090380010e-01
9.883817427385892529e-01
9.941760138050044215e-01
9.885130017672305591e-01
9.905722573839662592e-01
9.923919659160074236e-01
9.703406046689628806e-01
9.939890710382512928e-01
9.878976486860304718e-01
9.640387275242047194e-01
9.960382513661202308e-01
9.895677161419289547e-01
9.682658670664667788e-01
9.762295081967213850e-01
9.540110650069156817e-01
9.908250455245832811e-01
9.822619554420319865e-01
9.776967930029154541e-01
9.764492753623188470e-01
9.879406307977736112e-01
9.755541069100390761e-01
9.906705539358600099e-01
9.766774057991315372e-01
9.527244712144558036e-01
9.736767418759756376e-01
9.729914790018259207e-01
9.852672750977835570e-01
9.759751653394520554e-01
9.738487051919887394e-01
9.756371814092954509e-01
9.722013993003498777e-01
9.721284923741395634e-01
9.830709645177411193e-01
9.923065861374747998e-01
9.807834441980783913e-01
9.747416762342134833e-01
9.818563502774029228e-01
9.912646675358539605e-01
9.777825711820535837e-01
9.653194263363755745e-01
9.846850733390855037e-01
9.790348101265822223e-01
9.854669140383426340e-01
9.686867323525442108e-01
9.836375488917861176e-01
9.741560442639025652e-01
9.883381924198251234e-01
9.834660547982183587e-01
9.883275928052047687e-01
9.835382513661202752e-01
9.590882945067586984e-01
9.919778699861687699e-01
9.242231075697211473e-01
9.849125364431485785e-01
9.812591703348005900e-01
9.636929460580913043e-01
9.905255878284923154e-01
9.535649250595321647e-01
9.771228902953585926e-01
9.580630213160333808e-01
9.868738470271036789e-01
9.820699708454810883e-01
9.786975045648205196e-01
9.717896174863387415e-01
9.643156307589211274e-01
9.840129749768303791e-01
9.768524767175057466e-01
9.523201362281821236e-01
9.696324677167589279e-01
9.764966740576497273e-01
9.885677308024158894e-01
9.804287690179807058e-01
9.917942437232087904e-01
9.687875150060024643e-01
9.647725738966121956e-01
9.901471183695504941e-01
9.790451244195738090e-01
9.642857142857143016e-01
9.846133081387500319e-01
9.914272474513439182e-01
9.802213001383125457e-01
9.886917960088691393e-01
9.957484140909704795e-01
9.802819013345329680e-01
9.800546448087430473e-01
9.884437596302003692e-01
9.708895552223888448e-01
9.813603164942178436e-01
9.887186036611324003e-01
9.786895284751989665e-01
9.707677025684688932e-01
9.630249543517955813e-01
9.859289617486338697e-01
9.782849239280773102e-01
9.785295026258882256e-01
9.965917697551123222e-01
9.922544951590595019e-01
9.705179282868525714e-01
9.822103936125508028e-01
9.826502732240436355e-01
9.914937759336099887e-01
9.820399113082038944e-01
9.988495829738279763e-01
9.816256830601092220e-01
9.615491009681881307e-01
9.944661897691996488e-01
9.865710560625815528e-01
9.789019607843136850e-01
9.927723676202069303e-01
9.638952625185586154e-01
9.724799010513296427e-01
9.917704011065007208e-01
9.800546448087431584e-01
9.826417704011065624e-01
9.754509803921568301e-01
9.821405791555044562e-01
9.764577259475218929e-01
9.815764610608719298e-01
9.890482398956974563e-01
9.733056708160442438e-01
9.926286856571713280e-01
9.745970341715023411e-01
9.775081595004966317e-01
9.933412447257383704e-01
9.734107166959102830e-01
9.790120124173302685e-01
9.827264239028944415e-01
9.416463785757760441e-01
9.819781467291045507e-01
9.865416507207551700e-01
9.883790673264358784e-01
9.798225887056470906e-01
9.428943937418513555e-01
9.905737704918032849e-01
9.702663502109705185e-01
9.679114799446749684e-01
9.825572801182557159e-01
9.971988795518207382e-01
9.866609904924080743e-01
9.708795269770880143e-01
9.711370262390670582e-01
9.831632653061224136e-01
9.845628415300545777e-01
9.882659713168187032e-01
9.952411994784875482e-01
9.907544877851262033e-01
9.669699367088607778e-01
9.820002801512817125e-01
9.819689592209374096e-01
9.910123669830313009e-01
9.878087649402391701e-01
9.705143240073714761e-01
9.955188083817217981e-01
9.898035687509372238e-01
9.717874274173188276e-01
9.873705122747267193e-01
9.640876853642811328e-01
9.855581050074233573e-01
9.911752346266984315e-01
9.726092896174863833e-01
9.787420704548521755e-01
9.859843546284223770e-01
9.653298350824587315e-01
9.883520276100086210e-01
9.838168923275305566e-01
9.769910337552742963e-01
9.696577509347138468e-01
9.869535519125682832e-01
9.719262295081967373e-01
9.504098360655738320e-01
9.807865892972276178e-01
9.997161912870724532e-01
9.725218658892128554e-01
9.876140808344197053e-01
9.942850339326110287e-01
9.776577297585701265e-01
9.864301943953547314e-01
9.979148691400632210e-01
9.720764617691155518e-01
9.903085443037974445e-01
9.759069897744782063e-01
9.773662551440329693e-01
9.878556971067984360e-01
9.659545227386306943e-01
9.901669758812616795e-01
9.777980109259000185e-01
9.643015521064302042e-01
9.647540983606557319e-01
9.828598105909029936e-01
9.749194068343004504e-01
9.704620045443070886e-01
9.910351589858524823e-01
9.667049368541906773e-01
9.808429118773945854e-01
9.808341206640571741e-01
9.845216416865107956e-01
9.832886847812221109e-01
9.877309682187731532e-01
9.849154253976268869e-01
9.960382513661202308e-01
9.738878143133462562e-01
9.823971518987342222e-01
9.818928788800973528e-01
9.651603498542273840e-01
9.823971518987342222e-01
9.920156884717747925e-01
9.750665359294018453e-01
9.725409836065573854e-01
9.732108687332567953e-01
9.856096945215855332e-01
9.768875192604006275e-01
9.829268292682926678e-01
9.889874353288987674e-01
9.828957334006565016e-01
9.967117988394583739e-01
9.906629318394024608e-01
9.739280774550483910e-01
9.854227405247814042e-01
9.881362418675850856e-01
9.928817946505608116e-01
9.799253034547151797e-01
9.861960784313725803e-01
9.715849452691557309e-01
9.573679332715477885e-01
9.931653491436100989e-01
9.781466113416321662e-01
9.602346805736636792e-01
9.779263733103250589e-01
9.795219123505976011e-01
9.911553784860558380e-01
9.807373389462942237e-01
9.490825045524583503e-01
9.898619499568593882e-01
9.917361754711152555e-01
9.733606557377049162e-01
9.685685432971472553e-01
9.898785425101214175e-01
9.786745849642326522e-01
9.955168776371308148e-01
9.642326899716560096e-01
9.731785944551902823e-01
9.606408227848101111e-01
9.872567191844300316e-01
9.910031488978856551e-01
9.758825319537431930e-01
9.667130058696322692e-01
9.848360655737704583e-01
9.911007321383489277e-01
9.899221839520346844e-01
9.904845458226481103e-01
9.601668104687950400e-01
9.671448087431693263e-01
9.851519820703179553e-01
9.866824894514767408e-01
9.850445786597642472e-01
9.889323795383992977e-01
9.730195177956372232e-01
9.923371647509577897e-01
9.755186721991701004e-01
9.693934724751365195e-01
9.800636622549840915e-01
9.923163418290854576e-01
9.896857923497267562e-01
9.795727136431784388e-01
9.666621676339588465e-01
9.767581346528715347e-01
9.915893630179344331e-01
9.799568092860035939e-01
9.855942376950780348e-01
9.843579234972676950e-01
9.768610013175230700e-01
9.933851020995111414e-01
9.870677731673581645e-01
9.712827988338192942e-01
9.869294605809129095e-01
9.848718307886259460e-01
9.602040816326530281e-01
9.818602045104356524e-01
9.754495159059475284e-01
9.825999424791487247e-01
9.893487522824102598e-01
9.837162332744256998e-01
9.869294605809129095e-01
9.896462467644521199e-01
9.858280469699014503e-01
9.723350609329037830e-01
9.717747583695195424e-01
9.820193637621024152e-01
9.861319340329834926e-01
9.796367248474527889e-01
9.753880266075387606e-01
9.709812390336077792e-01
9.928627450980391789e-01
9.904048186020451006e-01
9.889340243731614688e-01
9.754352030947777141e-01
9.758897818599312490e-01
9.810559951308581716e-01
9.928769017980636491e-01
9.852301694406957466e-01
9.769874476987447931e-01
9.777821729957806296e-01
9.904518950437317670e-01
9.878834570668161286e-01
9.943049601959583761e-01
9.870780590717299630e-01
9.768174814399774863e-01
9.713001383125864363e-01
9.911007321383489277e-01
9.711934156378601024e-01
9.813925570228091422e-01
9.788562508869022016e-01
9.876314162028447807e-01
9.699453551912569083e-01
9.907801418439716734e-01
9.909181211863204997e-01
9.712825044180761758e-01
9.927640156453716447e-01
9.820247339660626018e-01
9.640387275242047194e-01
9.931176387115083770e-01
9.503981643946551872e-01
9.802942367391012102e-01
9.473032069970845903e-01
9.746700723712218295e-01
9.677040110650069193e-01
9.737476940542073578e-01
9.755112345367331628e-01
9.825949367088607778e-01
9.752109704641350740e-01
9.699170124481327759e-01
9.654462892010784447e-01
9.541759053954175229e-01
9.748223663886314005e-01
9.923163418290854576e-01
9.805867126833476277e-01
9.912941176470587701e-01
9.757669141336321461e-01
9.780781622075922499e-01
9.826562289107841908e-01
9.826666666666665773e-01
9.857511283043197681e-01
9.634757383966244815e-01
9.818227508795442926e-01
9.871130410421627976e-01
9.908892128279883638e-01
9.845068565400844074e-01
9.943104514533086524e-01
9.804644808743170348e-01
9.855922265036020091e-01
9.773168364871421820e-01
9.878087649402389481e-01
9.721903303992857071e-01
9.806300553426989808e-01
9.642009493670886666e-01
9.968807060255630015e-01
9.975654290931224022e-01
9.797487065779748594e-01
9.600485895532461234e-01
9.784414556962025555e-01
9.854771784232365661e-01
9.827249022164276093e-01
9.841098648259993809e-01
9.813008130081301017e-01
9.742045103490886149e-01
9.975654290931224022e-01
9.811066126855600977e-01
9.712018990504747151e-01
9.741272783441459193e-01
9.659146045608928421e-01
9.808590102707749336e-01
9.867053583479552525e-01
9.858665430954587361e-01
9.809391567785912258e-01
9.979147358665430012e-01
9.922544951590593909e-01
9.927275453591243304e-01
9.750503307448949997e-01
9.835920177383592478e-01
9.854771784232365661e-01
9.844693701466781244e-01
9.795518963422864545e-01
9.765210805352184664e-01
9.755702523957349159e-01
9.649122807017543879e-01
9.861944777911164639e-01
9.814207650273223393e-01
9.790120124173302685e-01
9.537676157607132277e-01
9.672535680939041702e-01
9.877486656962639611e-01
9.882836275106512414e-01
9.874353288987435251e-01
9.719585849870578942e-01
9.937975190076030474e-01
9.841776642542926501e-01
9.894882434301521812e-01
9.739754098360655643e-01
9.869545659019343109e-01
9.822595704948646755e-01
9.645701174247536258e-01
9.787420704548521755e-01
9.733432312052908708e-01
9.874111831943157558e-01
9.923523206751054815e-01
9.779982743744607410e-01
9.787051687763712593e-01
9.730229120473022908e-01
9.578551912568306070e-01
9.625297660736797933e-01
9.876033057851240082e-01
9.806971514242879273e-01
9.580473455666059790e-01
9.907156673114119183e-01
9.919778699861687699e-01
9.763317344105023610e-01
9.866859403530128247e-01
9.803712720632988820e-01
9.778699861687413231e-01
9.770401106500691268e-01
9.864953886693017537e-01
9.832464146023467411e-01
9.731384307846077109e-01
9.794963080168777037e-01
9.786433943522065970e-01
9.926819620253164445e-01
9.841014147639726151e-01
9.716553287981859466e-01
9.735227424303054544e-01
9.816719409282700370e-01
9.816044260027663171e-01
9.921912350597609231e-01
9.864827006583555269e-01
9.877951180472189785e-01
9.824462768615691566e-01
9.760569456427955481e-01
9.854397634885440072e-01
9.919114516815665805e-01
9.902643455834945208e-01
9.912568306010929309e-01
9.774372073222648005e-01
9.955300127713920810e-01
9.837779973649538601e-01
9.843015214384508438e-01
9.791486914006326536e-01
9.768303985171454817e-01
9.927160666760050933e-01
9.841776642542925391e-01
9.862704918032787482e-01
9.782858786310038024e-01
9.805817963712699648e-01
9.786453839516824349e-01
9.836078431372549113e-01
9.956634205721242026e-01
9.789513968618446249e-01
9.907544877851262033e-01
9.733843154895787109e-01
9.939834024896265774e-01
9.935458167330677437e-01
9.827784156142365113e-01
9.795918367346938549e-01
9.829005250461189114e-01
9.694544484460451139e-01
9.808808016877637037e-01
9.723760548523207037e-01
9.864564007421150471e-01
9.852881630449452643e-01
9.807095343680709565e-01
9.907851552638222703e-01
9.553920907004993524e-01
9.843274497869751727e-01
9.901798063623790114e-01
9.859252713961119685e-01
9.793567251461987588e-01
9.931839654474287071e-01
9.748250874562719437e-01
9.865900383141763541e-01
9.926819620253164445e-01
9.806567701304542695e-01
9.706284153005464432e-01
9.643398131784903793e-01
9.568954854669140531e-01
9.689209016940110164e-01
9.902214552775381318e-01
9.958333333333333481e-01
9.443025400879806464e-01
9.911206368646662268e-01
9.700553250345781420e-01
9.745281680147580561e-01
9.775254865616311850e-01
9.808067176488228789e-01
9.654528478057889940e-01
9.744229990552031317e-01
9.893586425079090585e-01
9.834024896265560756e-01
9.766602192134107296e-01
9.825726141078838793e-01
9.717150760719225344e-01
9.676337846550612243e-01
9.779245031345871197e-01
9.813740045890133601e-01
9.803961748633880369e-01
9.692307692307692291e-01
9.593039976991659668e-01
9.860735009671179885e-01
9.768524188609920555e-01
9.938884095484613601e-01
9.752766493906709355e-01
9.689700130378096077e-01
9.948335246842709978e-01
9.736131731677689638e-01
9.882558720639680327e-01
9.661016949152543276e-01
9.768875192604006275e-01
9.870273794002608625e-01
9.818464030233499118e-01
9.821403557921277727e-01
9.882219384135093598e-01
9.866227762992016981e-01
9.786962622783518251e-01
9.780082987551866891e-01
9.928025191183085241e-01
9.878976486860304718e-01
9.752547307132459764e-01
9.865047233468287047e-01
9.799215686274510562e-01
9.825801749271136920e-01
9.777327935222672739e-01
9.807395993836671710e-01
9.914293248945147408e-01
9.983739837398374339e-01
9.680118774463490894e-01
9.813057233247052258e-01
9.805309734513274478e-01
9.692946058091286288e-01
9.646857923497267340e-01
9.777106701179177906e-01
9.765295358649789259e-01
9.840992087644553354e-01
9.895551257253384358e-01
9.721949852920577229e-01
9.933464070598123641e-01
9.928943937418513999e-01
9.740315027671350157e-01
9.939374185136896633e-01
9.722597091018143622e-01
9.828407339963580736e-01
9.684159378036929500e-01
9.815926370548219149e-01
9.777911164465786786e-01
9.954356846473029208e-01
9.564315352697095873e-01
9.914965986394558284e-01
9.913438342557117089e-01
9.795299938157080444e-01
9.665377176015472749e-01
9.753336332283700782e-01
9.959381044487427559e-01
9.584651898734177777e-01
9.664117558854401491e-01
9.809800128949066611e-01
9.684601113172541798e-01
9.691876750700280096e-01
9.988793948732315187e-01
9.772594752186588574e-01
9.744897959183673741e-01
9.952374282112341763e-01
9.654910096818811738e-01
9.665377176015473859e-01
9.837109614206981378e-01
9.932288496652466048e-01
9.858955324605209736e-01
9.769411764705882018e-01
9.818017127799736343e-01
9.770491803278688048e-01
9.506314580941446213e-01
9.621125143513202804e-01
9.920908829450676425e-01
9.936831875607385900e-01
9.743878060969515253e-01
9.950646925436841261e-01
9.707677025684687822e-01
9.833819241982507675e-01
9.701039276555540880e-01
9.736762020693853215e-01
9.830550401978974673e-01
9.721782700421941481e-01
9.875683060109289313e-01
9.822103936125506918e-01
9.787785404118223287e-01
9.951502732240437021e-01
9.928638121915431825e-01
9.703352769679299827e-01
9.808590102707749336e-01
9.895036737142000050e-01
9.686721991701244816e-01
9.938366718027735747e-01
9.867933271547729701e-01
9.958138214843195168e-01
9.799704360679970527e-01
9.646274509803921537e-01
9.756240576310939439e-01
9.855967078189300512e-01
9.787891860799540211e-01
9.568169831223628519e-01
9.885274665946821582e-01
9.803617222297205114e-01
9.892807745504841321e-01
9.880550681603454954e-01
9.773835920177383896e-01
9.667200213418700727e-01
9.923064463880790775e-01
9.564592703648175931e-01
9.774445893089960258e-01
9.573189287888010934e-01
9.839458413926499558e-01
9.883737218097772281e-01
9.748054598800868220e-01
9.854771784232365661e-01
9.909405255878285246e-01
9.774598461330813448e-01
9.943983402489626755e-01
9.873633879781420486e-01
9.906195168038871568e-01
9.663865546218488589e-01
9.872603586889301397e-01
9.630143903054784182e-01
9.819356540084388518e-01
9.864431486880466116e-01
9.966274509803921822e-01
9.562093953023488302e-01
9.778425655976675790e-01
9.829875518672199775e-01
9.802215189873417778e-01
9.756192959582790092e-01
9.854628422425032452e-01
9.922767995057152346e-01
9.965421853388657381e-01
9.709864603481624945e-01
9.765497076023391676e-01
9.799205335603803357e-01
9.702868852459016757e-01
9.870578084555652332e-01
9.915425397626862480e-01
9.860735009671179885e-01
9.724659198272371796e-01
9.460638998682476819e-01
9.703419894990775729e-01
9.909090909090909616e-01
9.898305084745763205e-01
9.718714121699196795e-01
9.773907103825136833e-01
9.564279551337360186e-01
9.496692551049755737e-01
9.717235794304225349e-01
9.957132298595712250e-01
9.852659778032912818e-01
9.821877309682187640e-01
9.655881935575421071e-01
9.566728452270620853e-01
9.620790855730614322e-01
9.634885439763487547e-01
9.933060109289617579e-01
9.921637248934875863e-01
9.535519125683059594e-01
9.913153102675444917e-01
9.838229033631333831e-01
9.949235232067510371e-01
9.711573790569504316e-01
9.643153526970954514e-01
9.613702623906705824e-01
9.889411764705882124e-01
9.863062296012488073e-01
9.865889212827988475e-01
9.848627450980391718e-01
9.809690916452962206e-01
9.833310838169794232e-01
9.808148734177215555e-01
9.893741851368971219e-01
9.796647230320699729e-01
9.699279611325180017e-01
9.752768987341772222e-01
9.731091244501206550e-01
9.879793061472915694e-01
9.782705099778270519e-01
9.766533864541833143e-01
9.687631320913292488e-01
9.780774550484093721e-01
9.655545257954897265e-01
9.775910364145657949e-01
9.846743295019156905e-01
9.747088791848617095e-01
9.859191655801824439e-01
9.923275306254029093e-01
9.873177842565596940e-01
9.884700665188470570e-01
9.804432855280312831e-01
9.867486338797814005e-01
9.850119064294718951e-01
9.710574894514767408e-01
9.788629737609330084e-01
9.695878351340536661e-01
9.852602818521714045e-01
9.927379925222893364e-01
9.921716830881360805e-01
9.730558890222755775e-01
9.835082458770615377e-01
9.802942367391009881e-01
9.755585545059229924e-01
9.786307053941909473e-01
9.677842565597667424e-01
9.760811327975507101e-01
9.908144519289652230e-01
9.894190871369294982e-01
9.743417023882425809e-01
9.939975990396158201e-01
9.850445786597641362e-01
9.844050258684405863e-01
9.924684159378037718e-01
9.603111814345991482e-01
9.709812390336076682e-01
9.762733720180528652e-01
9.845481049562683218e-01
9.713353199943238758e-01
9.648594377510040232e-01
9.836531178995202573e-01
9.811040626265352671e-01
9.807719596991628652e-01
9.952374282112340653e-01
9.790018259281801916e-01
9.791666666666667407e-01
9.869533527696793263e-01
9.935657171414292721e-01
9.881500426257459058e-01
9.841682127396412794e-01
9.855697151424287483e-01
9.862209915611814814e-01
9.874353288987435251e-01
9.793250633586767506e-01
9.907786885245900566e-01
9.914880587875076756e-01
9.879875826697260832e-01
9.938366718027735747e-01
9.880938206929396062e-01
9.735348375195118642e-01
9.724705548460337301e-01
9.905054644808743980e-01
9.860979889323795433e-01
9.524868247694333601e-01
9.891205112598904226e-01
9.788770414360913330e-01
9.942988840368753856e-01
9.787301186569048461e-01
9.837647058823529855e-01
9.646857923497267340e-01
9.699170124481326649e-01
9.779338725698878410e-01
9.740159686230563940e-01
9.875283446712017632e-01
9.936437546193643833e-01
9.748346275524877314e-01
9.724556489262371484e-01
9.767276855399460445e-01
9.899845916795069201e-01
9.781176470588235361e-01
9.833309987393192841e-01
9.853941576630652621e-01
9.693611473272489842e-01
9.715775749674054884e-01
9.899959983993597001e-01
9.807040417209909045e-01
9.755536381938452184e-01
9.739333501640999868e-01
9.618644067796610075e-01
9.911752346266984315e-01
9.726386806596701851e-01
9.839615668883960886e-01
9.609889340243731315e-01
9.728142076502732660e-01
9.553455019556714722e-01
9.853031230863441570e-01
9.886612021857923427e-01
9.892141756548537002e-01
9.897744782182378298e-01
9.780082987551866891e-01
9.831950207468880265e-01
9.757052233769738514e-01
9.797814207650272778e-01
9.617565698478561798e-01
9.707285622179239182e-01
9.638661202185792032e-01
9.884625527426160740e-01
9.786839666357738388e-01
9.937442075996293367e-01
9.580903790087462735e-01
9.673202614379085018e-01
9.803539823008848852e-01
9.893290649593170505e-01
9.869294605809129095e-01
9.863193403298351480e-01
9.751366120218578626e-01
9.732958003651857037e-01
9.725415070242656723e-01
9.788629737609328973e-01
9.794002607561929086e-01
9.858805165318575980e-01
9.698979591836733860e-01
9.769193391642371216e-01
9.989877176407072623e-01
9.809257036147791542e-01
9.903652574058096070e-01
9.878185907046476144e-01
9.763125927925495606e-01
9.840902069817731856e-01
9.872016105838365974e-01
9.697614442295292569e-01
9.878976486860304718e-01
9.812269031781226669e-01
9.897119341563785921e-01
9.913265306122448495e-01
9.914246196403873057e-01
9.779245031345872308e-01
9.867620206938527705e-01
9.928465379943312019e-01
9.679205015339469309e-01
9.845702148925536967e-01
9.837503595053207484e-01
9.730191256830601487e-01
9.746565292783780921e-01
9.817470664928291679e-01
9.761868533171029760e-01
9.814486326681448602e-01
9.868852459016392853e-01
9.801974012993504015e-01
9.671522622215996678e-01
9.937975190076030474e-01
9.917012448132780378e-01
9.966381846196945560e-01
9.894261766602191477e-01
9.932063314189661929e-01
9.728161668839635512e-01
9.797590698977447499e-01
9.863958736299160979e-01
9.718533886583679005e-01
9.688542083500066848e-01
9.770635605406959856e-01
9.938524590163935191e-01
9.859038142620232259e-01
9.679226782462531098e-01
9.682860998650472117e-01
9.916183107672469355e-01
9.743417023882424699e-01
9.844616376531269974e-01
9.877290836653386252e-01
9.758259982140580213e-01
9.770739630184906988e-01
9.477848101265822223e-01
9.824038597984957599e-01
9.848718307886259460e-01
9.860995850622407133e-01
9.892779360026804358e-01
9.850119064294718951e-01
9.860697702107393825e-01
9.686721991701245926e-01
9.809848162338583588e-01
9.634289439374185138e-01
9.603621424223981462e-01
9.725490196078430127e-01
9.780081243871689978e-01
9.918248945147678519e-01
9.833524684270953387e-01
9.762897744825455026e-01
9.656319290465631422e-01
9.859191655801825549e-01
9.827586206896552490e-01
9.938524590163935191e-01
9.827868852459016313e-01
9.751653394520177764e-01
9.816818774445892348e-01
9.959508705628290492e-01
9.759362549800796316e-01
9.946686462410582186e-01
9.903652574058097180e-01
9.823138708680877462e-01
9.888605080175960627e-01
9.582318928788801093e-01
9.892327530625403265e-01
9.918581166372129054e-01
9.851092896174864499e-01
9.913438342557115979e-01
9.930367504835589942e-01
9.779338725698879520e-01
9.826876685114233068e-01
9.829261708732622838e-01
9.710043423448662114e-01
9.633001820983331243e-01
9.799396031061260448e-01
9.900626917433640317e-01
9.806362378976485328e-01
9.899145538590838900e-01
9.639215686274509309e-01
9.745991201929899983e-01
9.723562152133581327e-01
9.852020860495437349e-01
9.685219542362399903e-01
9.884347949482048534e-01
9.729490022172948560e-01
9.716560939398029006e-01
9.736381809095451256e-01
9.767246937459703737e-01
9.967058823529412193e-01
9.598968407479046006e-01
9.908235294117646585e-01
9.846209912536443287e-01
9.901034637876742206e-01
9.911025145067697828e-01
9.841682023789579681e-01
9.877556172683665814e-01
9.576461769115443001e-01
9.550628233555062963e-01
9.767581346528714237e-01
9.873227589521749170e-01
9.840734242137940679e-01
9.802272073626688842e-01
9.883222468588322984e-01
9.851661392405063333e-01
9.720825274016762219e-01
9.613839975285758399e-01
9.735227424303054544e-01
9.869535519125682832e-01
9.912801484230054916e-01
9.981259370314843338e-01
9.981673306772907983e-01
9.841107871720117251e-01
9.871396895787138970e-01
9.715886084491833774e-01
9.954266006897585228e-01
9.963870177587262900e-01
9.640798226164080109e-01
9.970328667072430040e-01
9.899247906910741968e-01
9.821405791555045672e-01
9.702329594477998587e-01
9.860655737704917545e-01
9.880142533203758459e-01
9.853164942178941343e-01
9.638952625185586154e-01
9.827586206896551380e-01
9.835838607594936667e-01
9.784232365145227872e-01
9.869761444229530056e-01
9.892857142857143238e-01
9.893372924821163261e-01
9.501303780964798218e-01
9.672579453067258193e-01
9.849024261603376296e-01
9.712827988338191831e-01
9.586501267173536123e-01
9.797786292039164513e-01
9.888639865527384387e-01
9.670121865807536077e-01
9.723101265822784445e-01
9.639617751862649131e-01
9.832650273224042836e-01
9.699478487614080491e-01
9.897230320699708095e-01
9.562538040170420750e-01
9.804664723032070484e-01
9.879206212251940844e-01
9.605748945147679629e-01
9.718848403058929497e-01
9.721300138312587436e-01
9.819689592209372986e-01
9.684540482859811394e-01
9.839559093692590297e-01
9.840231284236153897e-01
9.887755102040817201e-01
9.930638922235561772e-01
9.747259832366215182e-01
9.919692266162775107e-01
9.667234284092522945e-01
9.845781466113415759e-01
9.826876685114234178e-01
9.782103825136612141e-01
9.852020860495436239e-01
9.892128279883382058e-01
9.914529914529914834e-01
9.851708575112829713e-01
9.762102351313969306e-01
9.655976676384839807e-01
9.922544951590595019e-01
9.746652465003043941e-01
9.925546448087432250e-01
9.707602339181287121e-01
9.818306010928962158e-01
9.878143133462282677e-01
9.948872391091189149e-01
9.897308330144151123e-01
9.750728862973760958e-01
9.638247011952192356e-01
9.910031488978857661e-01
9.741579914268218010e-01
9.459114682995279910e-01
9.866264020707506965e-01
9.844783371575110964e-01
9.712827988338192942e-01
9.855203076183609578e-01
9.756065400843881852e-01
9.916056551375915795e-01
9.901376472257698014e-01
9.745470232959447809e-01
9.793822162243215335e-01
9.696545284780579976e-01
9.808096372040902011e-01
9.838034822513159749e-01
9.816960148285449606e-01
9.846791636625811250e-01
9.912974683544304444e-01
9.839634941329855611e-01
9.895958383353341548e-01
9.834600506869414227e-01
9.840286831812254942e-01
9.895772594752185736e-01
9.872544609386714187e-01
9.603388813915130218e-01
9.707930367504835623e-01
9.542636957614341053e-01
9.846837944664030839e-01
9.744458930899608795e-01
9.807053941908713268e-01
9.890040621935844989e-01
9.841816558234468548e-01
9.532425145451965953e-01
9.935525467440360359e-01
9.816719409282700370e-01
9.910123669830313009e-01
9.803533755274261852e-01
9.767986377181779867e-01
9.758570094704548392e-01
9.828310091467985510e-01
9.752732240437158584e-01
9.874793822162242218e-01
9.913153102675444917e-01
9.621115368241804910e-01
9.904138770541692782e-01
9.743417023882424699e-01
9.783755274261602963e-01
9.918134074760580621e-01
9.956175298804781360e-01
9.801825293350716617e-01
9.764667956157317974e-01
9.811603650586701031e-01
9.887939487323155197e-01
9.629446640316204897e-01
9.478249776757239342e-01
9.833971902937419518e-01
9.759334233018442939e-01
9.857254901960783577e-01
9.852005532503458340e-01
9.916909620991254393e-01
9.624701195219123040e-01
9.818215892053971938e-01
9.781649421789410104e-01
9.717131474103586353e-01
9.592987333951190632e-01
9.830084957521239009e-01
9.827264239028944415e-01
9.841682127396412794e-01
9.667902378745751868e-01
9.795988934993083985e-01
9.828326180257510591e-01
9.781420765027322162e-01
9.943960970464135185e-01
9.886476514829004580e-01
9.773863068465767912e-01
9.750791139240506666e-01
9.700356333009394483e-01
9.858523602745482561e-01
9.853642811089619036e-01
9.920367121068970340e-01
9.901856360316494410e-01
9.878811072840922858e-01
9.930367504835588832e-01
9.823929571828731167e-01
9.851002109704640741e-01
9.765705838876570510e-01
9.916666666666665853e-01
9.872531166830088578e-01
9.580097785447224679e-01
9.788617886178861971e-01
9.812841530054644545e-01
9.963985594237694254e-01
9.858095643536256558e-01
9.834520042194092593e-01
9.872567191844300316e-01
9.610655737704918433e-01
9.401106500691562839e-01
9.813747228381375365e-01
9.837162332744256998e-01
9.511612021857923649e-01
9.852602818521714045e-01
9.813603164942179546e-01
9.860012172854535351e-01
9.739067055393585415e-01
9.838034822513159749e-01
9.863754889178617535e-01
9.720464135021097407e-01
9.622756107436900574e-01
9.738277919863598253e-01
9.818989071038251026e-01
9.922131147540983465e-01
9.905958091391062759e-01
9.727972734158041312e-01
9.720139930034983333e-01
9.897291539866099885e-01
9.871244635193132666e-01
9.799205335603803357e-01
9.908359704641349630e-01
9.618383565751986719e-01
9.609284332688587948e-01
9.719647822057460029e-01
9.740566037735849392e-01
9.823504692533968630e-01
9.692959582790091622e-01
9.633553785936024294e-01
9.723360655737705027e-01
9.830508474576271638e-01
9.715447154471543723e-01
9.690825424216278350e-01
9.863327149041434261e-01
9.986605434366628842e-01
9.952162265595101420e-01
9.684405025868441097e-01
9.947524020694751279e-01
9.949017843754686119e-01
9.773866033755274074e-01
9.829714772243507426e-01
9.703063841274125467e-01
9.887169568020631738e-01
9.517157800739890483e-01
9.819672131147541005e-01
9.945893089960886613e-01
9.689232753062539949e-01
9.834162520729684553e-01
9.904518950437317670e-01
9.904962367648934007e-01
9.868705591597157767e-01
9.880704041720991260e-01
9.674973628691982963e-01
9.751773049645389158e-01
9.830746489283074263e-01
9.730191256830601487e-01
9.697651174412793562e-01
9.859843546284223770e-01
9.838222605694564304e-01
9.775184599156118148e-01
9.819528329019269197e-01
9.705450091855480910e-01
9.746778925883403666e-01
9.943987042785801256e-01
9.963393082554909963e-01
9.908892128279883638e-01
9.774525316455695556e-01
9.830564345991561481e-01
9.823960586397499917e-01
9.688311688311688208e-01
9.868525896414342968e-01
9.917349726775955832e-01
9.723760548523207037e-01
9.754619364375461954e-01
9.806755934266585539e-01
9.859191655801824439e-01
9.746615087040619851e-01
9.868893011750153876e-01
9.712144558061354127e-01
9.751325422873011739e-01
9.854031510658016746e-01
9.893011750154607764e-01
9.844774273345702209e-01
9.800128949065118888e-01
9.842213114754098102e-01
9.772292384232682538e-01
9.845628415300546887e-01
9.884562841530054600e-01
9.848288754673569789e-01
9.801182557280119223e-01
9.877526025719534086e-01
9.817596566523605350e-01
9.722292350416561479e-01
9.950735591847752470e-01
9.871713147410359213e-01
9.912900782630649221e-01
9.928048472607927666e-01
9.797626293365795380e-01
9.840379008746356071e-01
9.718614718614717596e-01
9.783469945355192099e-01
9.838938555413651033e-01
9.830431979368149387e-01
9.717438448781732241e-01
9.622745098039215961e-01
9.790091264667535320e-01
9.796448087431693930e-01
9.951267056530215260e-01
9.775956284153005660e-01
9.787139689578714385e-01
9.908151549942595393e-01
9.611177804455115492e-01
9.836791147994466966e-01
9.910569105691056091e-01
9.744641763625230269e-01
9.937666339823505446e-01
9.943232555172853981e-01
9.905247813411078850e-01
9.851441241685143790e-01
9.784224250325945782e-01
9.934993084370677963e-01
9.943181818181818787e-01
9.649841817658901810e-01
9.820015822784810000e-01
9.848600121728545709e-01
9.828235294117646514e-01
9.950886592677636866e-01
9.780781622075920279e-01
9.709016393442622128e-01
9.844029051077509695e-01
9.876033057851238972e-01
9.786433943522065970e-01
9.558644891348360151e-01
9.758196721311475086e-01
9.894286999550157002e-01
9.527458492975734439e-01
9.682860998650471007e-01
9.679921773142112773e-01
9.885057471264369067e-01
9.722294654498043753e-01
9.767932489451476297e-01
9.817240147636623337e-01
9.611840444332240274e-01
9.827560353876143573e-01
9.803921568627451677e-01
9.936143039591315285e-01
9.848761408083441804e-01
9.881744271988175399e-01
9.695617529880478092e-01
9.927478902953585926e-01
9.691256830601093775e-01
9.670991658943466351e-01
9.833333333333333925e-01
9.930152143845090151e-01
9.546498277841561908e-01
9.721300138312586325e-01
9.904422788605696804e-01
9.956802063185041796e-01
9.986338797814208190e-01
9.824343015214385133e-01
9.796728215095562575e-01
9.516763848396501135e-01
9.873708381171067971e-01
9.420553935860058736e-01
9.690648502909038342e-01
9.678094209744905196e-01
9.709137535429882560e-01
9.881742738589210928e-01
9.746835443037974445e-01
9.791839557399724114e-01
9.868403293291941880e-01
9.785396139829936057e-01
9.770140428677013267e-01
9.722292350416561479e-01
9.817927170868346876e-01
9.828076685219542252e-01
9.825457641549595333e-01
9.789257455873403568e-01
9.896072344445943081e-01
9.877049180327869271e-01
9.859437751004016537e-01
9.863945578231292366e-01
9.869902617163726077e-01
9.747494725738397037e-01
9.716956802063184684e-01
9.787785404118223287e-01
9.761281104893438920e-01
9.623362445414846977e-01
9.722294654498043753e-01
9.628099173553719137e-01
9.771857923497268006e-01
9.845418326693227140e-01
9.887445887445887038e-01
9.610296232384240023e-01
9.954234972677595827e-01
9.642759562841529686e-01
9.769907963185273658e-01
9.905090595340810822e-01
9.825572801182557159e-01
9.653436870865688135e-01
9.861777328957334054e-01
9.917688055755827792e-01
9.701638884997898504e-01
9.707650273224044390e-01
9.756724683544304444e-01
9.529411764705881804e-01
9.885677308024158894e-01
9.932389335374410821e-01
9.916594765602531059e-01
9.842572062084257167e-01
9.836879432624114905e-01
9.853128991060026154e-01
9.870273794002606405e-01
9.718585504116614704e-01
9.515710382513660193e-01
9.919470808167960563e-01
9.787932340318101776e-01
9.941217150760719434e-01
9.938524590163934080e-01
9.747604265083007480e-01
9.691455696202531112e-01
9.737897648686030250e-01
9.816646378575776266e-01
9.732528041415013931e-01
9.969073466296389796e-01
9.845998485231002295e-01
9.867666232073012411e-01
9.687460135221328539e-01
9.686009026434557745e-01
9.564890710382514261e-01
9.636612021857924315e-01
9.823770491803278659e-01
9.695678636640292503e-01
9.763317510548523703e-01
9.820701357466062875e-01
9.687875150060023532e-01
9.593758987633016488e-01
9.848017929682029159e-01
9.764143426294820127e-01
9.886612021857923427e-01
9.934220251293421899e-01
9.930466865332765458e-01
9.845702148925536967e-01
9.927385892116182831e-01
9.662964090079124713e-01
9.815259437108175833e-01
9.963700957676860925e-01
9.847272242230226125e-01
9.830564345991561481e-01
9.785914365746298804e-01
9.940038684719535445e-01
9.846951524237881337e-01
9.813740045890133601e-01
9.860310421286030413e-01
9.912452724471214616e-01
9.868802742616034074e-01
9.872506942691239296e-01
9.896174863387977583e-01
9.782978066110596949e-01
9.988394584139265175e-01
9.587477237708361688e-01
9.916594765602531059e-01
9.694856800119957541e-01
9.915003695491501068e-01
9.649402390438247545e-01
9.608488583835270713e-01
9.847482791199890784e-01
9.831160365058669859e-01
9.757269887046382539e-01
9.722294654498044864e-01
9.876853642811089795e-01
9.529062690200852392e-01
9.919114516815665805e-01
9.798259493670886666e-01
9.689477848101265556e-01
9.938165084843255670e-01
9.647979139504563317e-01
9.753466872110940766e-01
9.777531411677753415e-01
9.909420289855073172e-01
9.865946378551420093e-01
9.649920886075948889e-01
9.854231340261844219e-01
9.700437317784257329e-01
9.792313377679230380e-01
9.730558890222755775e-01
9.675655976676384995e-01
9.849402390438246613e-01
9.962827988338193164e-01
9.943977591036414765e-01
9.909890733645523309e-01
9.855191256830601043e-01
9.775510204081632182e-01
9.733965014577259378e-01
9.614799446749653367e-01
9.909890733645523309e-01
9.655593902789760818e-01
9.832635983263597890e-01
9.761871410561702156e-01
9.839634941329856721e-01
9.903585657370518325e-01
9.832635983263597890e-01
9.905295451513939087e-01
9.616884090568301735e-01
9.531446981369939841e-01
9.875950380152060948e-01
9.705319556065825637e-01
9.818809318377911266e-01
9.911202185792350461e-01
9.865416507207552810e-01
9.956140350877192846e-01
9.863387978142076351e-01
9.796137339055794868e-01
9.893011750154607764e-01
9.793631353337415302e-01
9.794584500466853028e-01
9.634023583549036207e-01
9.823504692533967519e-01
9.795518963422864545e-01
9.843750000000000000e-01
9.834637717748042629e-01
9.969704620045443111e-01
9.918248945147679629e-01
9.874173137762438657e-01
9.614442295293359475e-01
9.879925222893298775e-01
9.888013592832869403e-01
9.982470119521912322e-01
9.738341580446844281e-01
9.914437733678458375e-01
9.886621315192742898e-01
9.558758314855875238e-01
9.899723374827109623e-01
9.719351958157929072e-01
9.749264602885557851e-01
9.928025191183085241e-01
9.502732240437157252e-01
9.741035856573705409e-01
9.800569800569800538e-01
9.799081515499425965e-01
9.897540983606557541e-01
9.836557204978257918e-01
9.920226793248945185e-01
9.786831812255540886e-01
9.827000308928020011e-01
9.808429118773945854e-01
9.928025191183085241e-01
9.897181478285879130e-01
9.834010365597423142e-01
9.801092589998599003e-01
9.912452724471214616e-01
9.803352675693101093e-01
9.790767903364970826e-01
9.759292035398230425e-01
9.931578947368421284e-01
9.974043715846994118e-01
9.834710743801653443e-01
9.905295451513939087e-01
9.932377049180327599e-01
9.889683505782106421e-01
9.857122846337021960e-01
9.690011481056257647e-01
9.914147864339435401e-01
9.610463232912211939e-01
9.707792207792207417e-01
9.686721991701243706e-01
9.738156296396274225e-01
9.832058779427200745e-01
9.939207650273222949e-01
9.911656118143459260e-01
9.822745098039215028e-01
9.726832641770402077e-01
9.704440397814819708e-01
9.857605614792819271e-01
9.881052102529737091e-01
9.604086845466155431e-01
9.728558089902628048e-01
9.941760138050044215e-01
9.896501457725948026e-01
9.812565602039285961e-01
9.889340243731614688e-01
9.842620943049602555e-01
9.715447154471544833e-01
9.905882352941176583e-01
9.740180861114859923e-01
9.792583700146725301e-01
9.802660753880266808e-01
9.797919167667067386e-01
9.793018983466013072e-01
9.838192419825072532e-01
9.776892430278885104e-01
9.875518672199170567e-01
9.637602915373194579e-01
9.411849295369572044e-01
9.883790673264356563e-01
9.528168014758052751e-01
9.657173707652855210e-01
9.792531120331950945e-01
9.700665188470066758e-01
9.827706961759349324e-01
9.865836791147994944e-01
9.789073305670815683e-01
9.798565840938722182e-01
9.986338797814207080e-01
9.973333333333332940e-01
9.718750000000000444e-01
9.857124633244036538e-01
9.782608695652174058e-01
9.786202185792349795e-01
9.830424294025825738e-01
9.793731778425656120e-01
9.839557399723375397e-01
9.291774518262869709e-01
9.890929965556831682e-01
9.756559766763848174e-01
9.798387096774193727e-01
9.723899913718723198e-01
9.829482071713148139e-01
9.786067346308310322e-01
9.858913502109705185e-01
9.436295657175726159e-01
9.759562841530053934e-01
9.722943722943723222e-01
9.676229508196720897e-01
9.560109289617486628e-01
9.762793914246196136e-01
9.705205637043429201e-01
9.905633602951610106e-01
9.846133081387501429e-01
9.765027322404371546e-01
9.897121938904317462e-01
9.558349451966473564e-01
9.681872749099640352e-01
9.803961748633880369e-01
9.798226164079821832e-01
9.469564043730598346e-01
9.891134289439373894e-01
9.834945196647324472e-01
9.834006563998990424e-01
9.899293050553554796e-01
9.765825347550276536e-01
9.721912350597610164e-01
9.747899159663865332e-01
9.978004824748119006e-01
9.845261121856866415e-01
9.840163934426229275e-01
9.849007765314926610e-01
9.874835309617918666e-01
9.883306962025316666e-01
9.911202185792349351e-01
9.878976486860304718e-01
9.692535107169253372e-01
9.881314668289714609e-01
9.874919406834301583e-01
9.956268221574344768e-01
9.863062296012488073e-01
9.975609756097560954e-01
9.953516269305742181e-01
9.781245831665998924e-01
9.584491813407476357e-01
9.992392807745504868e-01
9.642857142857141906e-01
9.755720470006183920e-01
9.897422054258334656e-01
9.816166883963494127e-01
9.827560353876143573e-01
9.829234972677594051e-01
9.761612021857923871e-01
9.582295988934993458e-01
9.728597755067851516e-01
9.635461604831752069e-01
9.960827790096082879e-01
9.654474288028074280e-01
9.732446415373244841e-01
9.746355685131196100e-01
9.843294460641398569e-01
9.728253157371932192e-01
9.958138214843195168e-01
9.860548807917228764e-01
9.836784584411850663e-01
9.848606109110310536e-01
9.782579698546085556e-01
9.799691833590138401e-01
9.791987673343606202e-01
9.847545652538113314e-01
9.874135546334716906e-01
9.654623392529086967e-01
9.776027185665739916e-01
9.884357881923311329e-01
9.977710670117918568e-01
9.913251366120218178e-01
9.837306942570100965e-01
9.700437317784256219e-01
9.769679300291544966e-01
9.898538385128422545e-01
9.851775956284153368e-01
9.723828362751065768e-01
9.708642667040201513e-01
9.632606199770379352e-01
9.824748119767275911e-01
9.831999029597282558e-01
9.889240506329113334e-01
9.863528481012657778e-01
9.777911164465786786e-01
9.983781278962001737e-01
9.868328897604705663e-01
9.770824464311054225e-01
9.921277552856500037e-01
9.767954960438223200e-01
9.704706640876853418e-01
9.808590102707750447e-01
9.915629322268326717e-01
9.811066126855600977e-01
9.890673505196383442e-01
9.731110738817222439e-01
9.756830601092895128e-01
9.875662711436505870e-01
9.803278688524590390e-01
9.809155383623469060e-01
9.889899789029535926e-01
9.853333333333332833e-01
9.886465110345707963e-01
9.683610736242315165e-01
9.811040626265352671e-01
9.843991350015446340e-01
9.898035687509371128e-01
9.804138950480414394e-01
9.784183296378418104e-01
9.775843881856540740e-01
9.833981211532232258e-01
9.573399310241414994e-01
9.897648686030429133e-01
9.776205936920222550e-01
9.769080821712401441e-01
9.832599706549285390e-01
9.805722138930534904e-01
9.890837104072397468e-01
9.926229508196721119e-01
9.634163208852006832e-01
9.914617486338798136e-01
9.772404900064475264e-01
9.817825956037338209e-01
