9.893586425079091695e-01
9.838168923275305566e-01
9.853498542274052863e-01
9.837482710926693796e-01
9.680627538870991700e-01
9.691562932226832627e-01
9.690432833730214801e-01
9.867566216891554554e-01
9.805617147080561979e-01
9.775273224043716791e-01
9.718447961899425724e-01
9.792110117780616907e-01
9.794326241134752031e-01
9.704486626402071270e-01
9.726008908084762261e-01
9.805591031644671496e-01
9.787420704548521755e-01
9.713797814207649761e-01
9.823213393303348306e-01
9.885919165580183687e-01
9.783773440489859086e-01
9.641078838174272914e-01
9.892647513129440018e-01
9.725218658892128554e-01
9.915875754961173127e-01
9.806170886075948889e-01
9.789168278529980505e-01
9.621439280359820323e-01
9.731421121251629947e-01
9.856614929785660895e-01
9.899723374827109623e-01
9.698824984539269334e-01
9.876822157434402838e-01
9.696356275303643635e-01
9.819266837169651208e-01
9.701610583836640656e-01
9.859792924935288916e-01
9.864442778610694740e-01
9.833384053560559890e-01
9.968879668049792642e-01
9.927304255035347413e-01
9.626294820717131717e-01
9.793072424651371177e-01
9.613702623906705824e-01
9.745503252965939112e-01
9.938775510204082009e-01
9.721912350597609054e-01
9.853297614491645096e-01
9.796821112610585303e-01
9.962352941176471077e-01
9.860511935576646847e-01
9.689232753062539949e-01
9.881952781112445239e-01
9.864431486880466116e-01
9.801319538161643585e-01
9.852549019607843572e-01
9.914264597191425610e-01
9.775668679896462043e-01
9.789323736692157052e-01
9.540087463556851111e-01
9.570355191256830762e-01
9.690137130801688148e-01
9.786443148688046545e-01
9.801555907172996296e-01
9.808796750245132312e-01
9.782268578878747789e-01
9.866618075801749654e-01
9.779839883551674218e-01
9.739442231075697842e-01
9.731012658227848888e-01
9.909836065573770503e-01
9.783171028606207908e-01
9.895045632333767660e-01
9.780458860759493334e-01
9.871577574967405067e-01
9.674927113702623815e-01
9.857943177270908075e-01
9.611015243025597954e-01
9.923066540693751270e-01
9.755358462675536302e-01
9.787483702737940217e-01
9.821403557921277727e-01
9.949385882035362005e-01
9.639320029563932524e-01
9.739837398373983879e-01
9.766073679787085071e-01
9.820594904628517918e-01
9.842572062084258278e-01
9.920533560380304650e-01
9.918715846994534679e-01
9.909181211863203886e-01
9.907782276203329630e-01
9.853128991060025044e-01
9.923658775738899429e-01
9.863299351251157976e-01
9.765625000000000000e-01
9.881744271988175399e-01
9.903459993821439600e-01
9.792349726775957386e-01
9.769808743169399179e-01
9.823319300931241393e-01
9.896625316793383753e-01
9.903347807816220705e-01
9.690358374568900368e-01
9.700891573195282724e-01
9.937531234382808165e-01
9.805286911669890415e-01
9.790835181079082794e-01
9.963005485393545690e-01
9.814467766116941050e-01
9.735930735930735658e-01
9.856930759886625149e-01
9.732510288065843174e-01
9.723360655737705027e-01
9.763729246487866664e-01
9.699478487614080491e-01
9.829918032786885140e-01
9.797805842581961411e-01
9.736092367671315140e-01
9.821211199026171901e-01
9.792392005157962709e-01
9.806316641921986044e-01
9.705997392438070470e-01
9.898096909164528778e-01
9.916078431372549185e-01
9.493775933609959194e-01
9.579085573061476566e-01
9.741355463347163290e-01
9.918356933282306276e-01
9.908469945355191655e-01
9.788934426229507491e-01
9.887974085571602512e-01
9.767276855399460445e-01
9.739754098360655643e-01
9.866388631448872459e-01
9.734439834024896099e-01
9.781341107871720508e-01
9.592565597667639388e-01
9.828544949026877253e-01
9.782410225197809561e-01
9.928278688524589946e-01
9.797590698977448609e-01
9.897001303780964543e-01
9.805736636245110383e-01
9.832470520563705296e-01
9.788496652465003001e-01
9.864745011086475390e-01
9.877290836653386252e-01
9.837359967606964517e-01
9.878787878787879118e-01
9.933273354325985460e-01
9.774328984855300551e-01
9.843115282252415943e-01
9.824594973848704837e-01
9.896957123098202302e-01
9.700782268578879153e-01
9.779661016949151575e-01
9.749194068343005615e-01
9.486880466472303874e-01
9.664857359252714275e-01
9.797814207650273888e-01
9.885928961748633448e-01
9.782410225197808451e-01
9.609889340243732425e-01
9.885838352710463184e-01
9.820247339660627128e-01
9.823329076202639287e-01
9.825015216068168078e-01
9.703244837758111530e-01
9.672850158182341174e-01
9.915643136725603712e-01
9.911207907522197047e-01
9.928774928774928288e-01
9.887186036611324003e-01
9.878087649402391701e-01
9.691924990432453368e-01
9.791046553161091293e-01
9.689477848101265556e-01
9.776361819090455541e-01
9.904172099087353853e-01
9.828552803129073645e-01
9.649282920469359759e-01
9.991329865279444666e-01
9.875488917861798832e-01
9.934772829509671555e-01
9.755641521598967802e-01
9.777821729957806296e-01
9.881509862352775286e-01
9.893571732652192141e-01
9.947359896339488250e-01
9.867566216891553443e-01
9.858299595141700733e-01
9.795489564364756596e-01
9.884625527426160740e-01
9.862451108213821094e-01
9.831485587583148611e-01
9.499415204678361979e-01
9.919301053754835396e-01
9.800242947766231172e-01
9.919165580182529585e-01
9.865029018760966828e-01
9.731091244501206550e-01
9.721903303992855960e-01
9.712850502324186230e-01
9.622756107436900574e-01
9.783469945355190989e-01
9.496088657105606901e-01
9.908250455245832811e-01
9.704440397814819708e-01
9.664222030486051551e-01
9.649193010537548965e-01
9.711751662971175314e-01
9.844614729672200859e-01
9.800917802672425294e-01
9.700854700854701917e-01
9.945938818565400741e-01
9.703767615760713339e-01
9.693210617580365618e-01
9.849413298565840025e-01
9.695678636640292503e-01
9.749538810841493763e-01
9.928433268858800620e-01
9.748119767276856029e-01
9.853142076502732216e-01
9.880464480874316946e-01
9.821200510855683241e-01
9.748564224681327550e-01
9.829265039349073252e-01
9.831208852780500829e-01
9.831751509922346255e-01
9.937067773167358453e-01
9.589835934373749371e-01
9.835398230088495675e-01
9.839660626977279057e-01
9.781616688396349568e-01
9.759036144578312477e-01
9.847856154910096249e-01
9.852607709750567100e-01
9.934947299077734328e-01
9.883250101228235884e-01
9.876054852320674815e-01
9.841816558234468548e-01
9.830746489283075373e-01
9.864564007421150471e-01
9.661345987920620937e-01
9.940573770491802907e-01
9.898004434589799949e-01
9.803193724611291016e-01
9.688217033337831463e-01
9.893442622950819887e-01
9.675203414699212745e-01
9.809462180040264823e-01
9.717928286852589581e-01
9.777084601339014469e-01
9.618934599156118148e-01
9.803596127247580228e-01
9.571707953063885999e-01
9.692543684140322302e-01
9.966530054644808789e-01
9.959381044487427559e-01
9.895075206210577345e-01
9.845324251454519171e-01
9.831812255541069190e-01
9.839265212399540550e-01
9.744036105738234088e-01
9.506233366017649011e-01
9.882291198080671579e-01
9.531764705882352917e-01
9.853297614491642875e-01
9.731049562682215770e-01
9.737609329446064166e-01
9.875656472042015910e-01
9.954475416725032666e-01
9.920908829450676425e-01
9.821833495302884076e-01
9.843921568627451713e-01
9.861777328957334054e-01
9.865279445111377887e-01
9.775078722447143598e-01
9.920765027322404617e-01
9.909620991253643707e-01
9.567144719687092902e-01
9.627247579529737420e-01
9.720620842572063047e-01
9.560096494962395663e-01
9.854287556415215477e-01
9.852920577111640155e-01
9.647283755274261852e-01
9.894393741851369439e-01
9.678526404258298577e-01
9.748564224681328660e-01
9.809138640556265276e-01
9.780487804878048586e-01
9.939393939393939004e-01
9.856154910096818211e-01
9.879737609329446446e-01
9.819689239332096697e-01
9.932639722555689499e-01
9.785299806576401860e-01
9.677612835507573008e-01
9.752602571953460364e-01
9.609958506224066666e-01
9.756065400843881852e-01
9.545875810936051975e-01
9.762451073019300374e-01
9.869477911646585833e-01
9.835900025246150369e-01
9.798443679040693688e-01
9.928774928774928288e-01
9.628233555062823967e-01
9.797543528141450242e-01
9.737206085753803420e-01
9.728375527426160740e-01
9.738058551617874148e-01
9.675656984785615533e-01
9.731755147779800330e-01
9.771228902953585926e-01
9.849239280774549909e-01
9.774550484094052250e-01
9.827586206896551380e-01
9.785073839662447037e-01
9.825945241199477431e-01
9.717928286852588471e-01
9.723760932944606195e-01
9.810900201322978464e-01
9.638852672750978234e-01
9.900956284153004106e-01
9.834006563998990424e-01
9.402390438247011373e-01
9.635461604831752069e-01
9.890673505196383442e-01
9.769874476987447931e-01
9.787483702737940217e-01
9.740437158469944512e-01
9.882434301521437758e-01
9.870925684485006846e-01
9.798833819241983267e-01
9.691108112160743415e-01
9.845005740528128824e-01
9.783325835957414895e-01
9.902795515822335748e-01
9.737561115904516118e-01
9.890040621935844989e-01
9.666411532083174496e-01
9.941939890710382866e-01
9.878691983122362963e-01
9.464892830746489683e-01
9.742879746835443333e-01
9.830007390983001025e-01
9.806851311953352912e-01
9.809799147900182259e-01
9.762978142076502719e-01
9.775668679896463154e-01
9.851063829787234383e-01
9.722292350416561479e-01
9.634128055180686268e-01
9.999290478217680578e-01
9.716334661354582014e-01
9.827790096082779092e-01
9.765954641350210741e-01
9.775314116777531481e-01
9.721959778647590866e-01
9.747813411078717349e-01
9.730290456431535118e-01
9.891429393155020122e-01
9.866195405200706148e-01
9.729694092827003704e-01
9.917833231892878576e-01
9.553514478887612515e-01
9.448770491803278881e-01
9.888658367911480340e-01
9.944674965421853585e-01
9.965846994535518810e-01
9.704522738630685375e-01
9.838205897051474080e-01
9.865437158469945178e-01
9.578146611341632477e-01
9.923658775738899429e-01
9.790691074215978063e-01
9.921282798833819250e-01
9.770739630184906988e-01
9.885783858998145046e-01
9.936114732724902199e-01
9.952623906705539980e-01
9.770976327216697177e-01
9.731755147779801440e-01
9.538101319710514669e-01
9.805995130858187192e-01
9.720338983050846871e-01
9.932514509380483414e-01
9.746778925883403666e-01
9.915667166416792799e-01
9.831959020489755563e-01
9.941287623161019216e-01
9.915667166416790579e-01
9.619643370721886466e-01
9.869179600886918147e-01
9.722541140451587127e-01
9.801319538161643585e-01
9.829856584093872307e-01
9.901495542134022276e-01
9.830508474576271638e-01
9.487345412712108184e-01
9.851002109704640741e-01
9.948051948051948035e-01
9.822513159670670513e-01
9.941981747066492847e-01
9.934164448802352831e-01
9.741982507288630133e-01
9.719935213929005169e-01
9.720627631075391406e-01
9.822404371584698701e-01
9.615329306873741100e-01
9.786998616874136303e-01
9.914741035856573514e-01
9.673469387755102566e-01
9.819261037748432397e-01
9.722683264177041096e-01
9.800138312586446077e-01
9.776579352850538474e-01
9.918248945147679629e-01
9.822366388631449396e-01
9.935433517808996973e-01
9.787172011661807725e-01
9.639379184418745972e-01
9.883196721311475752e-01
9.897805327525548424e-01
9.837040469570590417e-01
9.757727088675933746e-01
9.666524762310202412e-01
9.787852987086702594e-01
9.960088691796009641e-01
9.770635605406960966e-01
9.924619640387275510e-01
9.695652173913043015e-01
9.748566093103908647e-01
9.979754352814145246e-01
9.888648940477797744e-01
9.944636266222169896e-01
9.709912536443148223e-01
9.765825347550277646e-01
9.952888476984862454e-01
9.842323651452282718e-01
9.920177383592018172e-01
9.742880280739640853e-01
9.860548807917228764e-01
9.843579234972678060e-01
9.985292057711163682e-01
9.625187406296851211e-01
9.815124771758977351e-01
9.905633602951611216e-01
9.838334353949785838e-01
9.977295302965800694e-01
9.879793061472915694e-01
9.801229508196720452e-01
9.428769017980636047e-01
9.770620945319740125e-01
9.543675839434486718e-01
9.710926694329183873e-01
9.957768924302788927e-01
9.924359153943129730e-01
9.488387978142076573e-01
9.893499308437068152e-01
9.863266814486326695e-01
9.749065286166235245e-01
9.664617486338797914e-01
9.607883817427385065e-01
9.892698069914969139e-01
9.892438070404172556e-01
9.835294117647057632e-01
9.812081558125380631e-01
9.915643136725604823e-01
9.710575139146567780e-01
9.575380359612724046e-01
9.691939890710382643e-01
9.878284923928077887e-01
9.883921568627450638e-01
9.744865416507207945e-01
9.804664723032070484e-01
9.879875826697259722e-01
9.670143415906127249e-01
9.938450899031812114e-01
9.916291854072963874e-01
9.943907156673114089e-01
9.665105718745565788e-01
9.804193037974683334e-01
9.695640437305979020e-01
9.894047779727358494e-01
9.845271441910097288e-01
9.966524650030432753e-01
9.843905207889882547e-01
9.700216864395968530e-01
9.951267056530214150e-01
9.873188405797100886e-01
9.856584093872230445e-01
9.913934426229508157e-01
9.808148734177215555e-01
9.858921161825726642e-01
9.946045824094603693e-01
9.799919967987195113e-01
9.626791542500354737e-01
9.771618625277161962e-01
9.807580174927112981e-01
9.907434402332362389e-01
9.820355191256829874e-01
9.936114732724903309e-01
9.808344198174707707e-01
9.803617222297207334e-01
9.830564345991561481e-01
9.733856282392492343e-01
9.923919659160074236e-01
9.938165084843255670e-01
9.840637450199203329e-01
9.655721226336070329e-01
9.726710426659934683e-01
9.451192082771030512e-01
9.794875031557687128e-01
9.847452816801475217e-01
9.719535783365570447e-01
9.903495748414090638e-01
9.943969743661577043e-01
9.843579234972676950e-01
9.846133081387502539e-01
9.897653194263363874e-01
9.568965517241379004e-01
9.718147828587864190e-01
9.961315280464216881e-01
9.966376582278481111e-01
9.765602530917457669e-01
9.746584699453550993e-01
9.848360655737704583e-01
9.825819672131148597e-01
9.816892327530624129e-01
9.777919682134241786e-01
9.802478134110786945e-01
9.794654498044328417e-01
9.879747588998690766e-01
9.942643724156328133e-01
9.814440797778338776e-01
9.818809318377912376e-01
9.583333333333332593e-01
9.720464135021097407e-01
9.820002801512817125e-01
9.713353199943238758e-01
9.864864864864864025e-01
9.880684657671164883e-01
9.889919604205318349e-01
9.725451743941728733e-01
9.779748706577975348e-01
9.745901639344262124e-01
9.799253034547152907e-01
9.785299806576401860e-01
9.993057308760414648e-01
9.821403557921277727e-01
9.975762214568184572e-01
9.788562508869023127e-01
9.774598461330813448e-01
9.980389410281551577e-01
9.808649062380406791e-01
9.762010347376200992e-01
9.840949255238575777e-01
9.622950819672131395e-01
9.803352675693101093e-01
9.748813291139240000e-01
9.787735849056604653e-01
9.938775510204082009e-01
9.763976793248945185e-01
9.734556660596722644e-01
9.658215436335620963e-01
9.763661202185792698e-01
9.919632606199769720e-01
9.892072708911890944e-01
9.929962179576971026e-01
9.876570583887656074e-01
9.844050258684404753e-01
9.749431961625851795e-01
9.660219213410703443e-01
9.777911164465786786e-01
9.786307053941908363e-01
9.884839650145773593e-01
9.826508483224900559e-01
9.861949956859361599e-01
9.951980792316927893e-01
9.785882352941175366e-01
9.949767581346529166e-01
9.843219029966017164e-01
9.799077733860342976e-01
9.768326417704010778e-01
9.650586701434158421e-01
9.808024158757550071e-01
9.733864541832668582e-01
9.909960159362549703e-01
9.892843474933026293e-01
9.797590698977447499e-01
9.899338510209950703e-01
9.870250231696015009e-01
9.877049180327869271e-01
9.540520070689220145e-01
9.871045134203029203e-01
9.866378728573357293e-01
9.870780590717299630e-01
9.694965582399783788e-01
9.604126370083816422e-01
9.838475738396623704e-01
9.813870868087736232e-01
9.969260758734442840e-01
9.901856360316494410e-01
9.738955823293171665e-01
9.817622950819671068e-01
9.688841201716738016e-01
9.875621890547263693e-01
9.737481441490078993e-01
9.950388265746332728e-01
9.791666666666667407e-01
9.955876173133493268e-01
9.726397679324894074e-01
9.841817658901351740e-01
9.868403293291941880e-01
9.691924990432453368e-01
9.703419894990775729e-01
9.941217150760719434e-01
9.649110519680628162e-01
9.942201373764449901e-01
9.847576211894053522e-01
9.954234972677595827e-01
9.851324337831084410e-01
9.723309488459981331e-01
9.867296446243815078e-01
9.886827458256030043e-01
9.744229990552031317e-01
9.749899959983994169e-01
9.925546448087432250e-01
9.833662714097496371e-01
9.971958584987057339e-01
9.939834024896265774e-01
9.602769679300291461e-01
9.660442600276625269e-01
9.942568987253117552e-01
9.893586005830904417e-01
9.856422468132791659e-01
9.739972337482710740e-01
9.851883807880357224e-01
9.790018259281801916e-01
9.621307750568037775e-01
9.710235131396957042e-01
9.772792637331032539e-01
9.604535024969631518e-01
9.789186160526683889e-01
9.943269365457346742e-01
9.677731673582294913e-01
9.765742128935532840e-01
9.688519937562083406e-01
9.949741315594974322e-01
9.555270616817383988e-01
9.927843137254901418e-01
9.886538730914694595e-01
9.922258019330437717e-01
9.914248871695680032e-01
9.764638346727899654e-01
9.853164942178942454e-01
9.943983402489626755e-01
9.754086069875543830e-01
9.687542178431636231e-01
9.824630801687763704e-01
9.687317784256559428e-01
9.708642667040201513e-01
9.808328230251072144e-01
9.912974683544303334e-01
9.942568987253116441e-01
9.965421853388658491e-01
9.828326180257510591e-01
9.929047821768127724e-01
9.683206615979725873e-01
9.743153114800624515e-01
9.842300556586270899e-01
9.659836065573770281e-01
9.926499032882011297e-01
9.805591031644671496e-01
9.780358495329461999e-01
9.772490221642764485e-01
9.811619211964337506e-01
9.952973720608575547e-01
9.929047821768128834e-01
9.769199622081252699e-01
9.914293426913214358e-01
9.805393586005830553e-01
9.784305378175109924e-01
9.944674965421853585e-01
9.868028948488718477e-01
9.717874274173188276e-01
9.695411392405063333e-01
9.745516877637130371e-01
9.814661134163208400e-01
9.721867461331061833e-01
9.795269770879526661e-01
9.450108124806919641e-01
9.828835582208894639e-01
9.885677308024158894e-01
9.768627450980392757e-01
9.780781622075920279e-01
9.829808096372041337e-01
9.748953974895397945e-01
9.723921568627450496e-01
9.891038039974209273e-01
9.857594936708861111e-01
9.803987267549003626e-01
9.864126628379324968e-01
9.959912536443148445e-01
9.744857594936708889e-01
9.938157081014222793e-01
9.764344262295081567e-01
9.551013570112246720e-01
9.881732168850072551e-01
9.794422310756971672e-01
9.847557086363056822e-01
9.810557684120901900e-01
9.755406118143459260e-01
9.891965916007304793e-01
9.625684723067560178e-01
9.821138211382114402e-01
9.883250101228235884e-01
9.765954641350210741e-01
9.784923928077454702e-01
9.776401564537158251e-01
9.937446074201898849e-01
9.788617886178860861e-01
9.421532282978066775e-01
9.945222154595252384e-01
9.761583445793972080e-01
9.824462768615692676e-01
9.758263824528885522e-01
9.772561863173216956e-01
9.963318660797653159e-01
9.769199622081252699e-01
9.580630213160332698e-01
9.676218126735672831e-01
9.954433117083719695e-01
9.743430152143846001e-01
9.728594991752885779e-01
9.903652574058096070e-01
9.971175166297117087e-01
9.760719225449514536e-01
9.983462755248777576e-01
9.696990147118369485e-01
9.857359252713961961e-01
9.881900391415845419e-01
9.781826360773728801e-01
9.935307456315859431e-01
9.855191256830602153e-01
9.792819543798083615e-01
9.890710382513661081e-01
9.815926370548218038e-01
9.695536147501213620e-01
9.641661594643944344e-01
9.855875831485587657e-01
9.846850733390853927e-01
9.925970388155263002e-01
9.829714772243508536e-01
9.879668049792531548e-01
9.622950819672131395e-01
9.670865197180986694e-01
9.811924769907962585e-01
9.964907544877850132e-01
9.825212579295451443e-01
9.836010257794574052e-01
9.874111831943156448e-01
9.717827004219409259e-01
9.741875179752660374e-01
9.866824894514767408e-01
9.767184035476719206e-01
9.692622950819672623e-01
9.721249474716346928e-01
9.807395993836671710e-01
9.846951524237881337e-01
9.754167250315169957e-01
9.899419729206963003e-01
9.845781466113415759e-01
9.913531936379702536e-01
9.799908703590992642e-01
9.793822276323798093e-01
9.784923928077454702e-01
9.832641770401105985e-01
9.599802371541502621e-01
9.543676662320730308e-01
9.695777111444278118e-01
9.926160337552742963e-01
9.646658152405278575e-01
9.912315400843881852e-01
9.695335481159825797e-01
9.600506869414432431e-01
9.656529278378017667e-01
9.881988396624472593e-01
9.777316735822959570e-01
9.646215139442231301e-01
9.730354391371340839e-01
9.683873549419768079e-01
9.833833083458269897e-01
9.933132010353753483e-01
9.832224685883221849e-01
9.736057896977436954e-01
9.662798194713089206e-01
9.694672131147540339e-01
9.854548034624663888e-01
9.714062721725558180e-01
9.763669301712780690e-01
9.732365145228216718e-01
9.845412712108140285e-01
9.938214396045721433e-01
9.714245692674043919e-01
9.829005250461189114e-01
9.760928961748633892e-01
9.373741731377625008e-01
9.928025191183085241e-01
9.872735116479725015e-01
9.879999999999999893e-01
9.974893487522824564e-01
9.742314070672279946e-01
9.752328249426372997e-01
9.736092367671315140e-01
9.761410788381742476e-01
9.760159362549800655e-01
9.708508738359484802e-01
9.741896758703481041e-01
9.640272456364409326e-01
9.875950380152060948e-01
9.806170886075948889e-01
9.763317510548523703e-01
9.758812615955473335e-01
9.794169253610472969e-01
9.522542498152254398e-01
9.650340823024488035e-01
9.846807936293696661e-01
9.818928788800973528e-01
9.753803596127247344e-01
9.916056551375915795e-01
9.653216374269004696e-01
9.874476987447697862e-01
9.891929035482258659e-01
9.682843763303533580e-01
9.755406118143460370e-01
9.810316389263757930e-01
9.854508196721311064e-01
9.810653875284018888e-01
9.852195423623995030e-01
9.788582099506468737e-01
9.936727063560539808e-01
9.852459016393442237e-01
9.614020150418618460e-01
9.715860379669321034e-01
9.755186721991702115e-01
9.905633602951611216e-01
9.884924312635156030e-01
9.779577147998199660e-01
9.853274643190609305e-01
9.911594007288431207e-01
9.863387978142076351e-01
9.566390041493775254e-01
9.756286266924565354e-01
9.864453665283541284e-01
9.919778699861687699e-01
9.544165054803352977e-01
9.818594104308390191e-01
9.889323795383992977e-01
9.756830601092896238e-01
9.869621903520209294e-01
9.793643945930399219e-01
9.954223081882657143e-01
9.821800367421922306e-01
9.746189243600804630e-01
9.745762711864407457e-01
9.689700130378096077e-01
9.792065314453374247e-01
9.884599811040626349e-01
9.873813093453274181e-01
9.860624737358173464e-01
9.905448942428911607e-01
9.663624511082138380e-01
9.475637737886355438e-01
9.513237148059952020e-01
9.711224634596281602e-01
9.649810897884858463e-01
9.730195177956372232e-01
9.690179806362378967e-01
9.944519418203627836e-01
9.813278008298754740e-01
9.855652595827267826e-01
9.710601289548658199e-01
9.974117647058823311e-01
9.887755102040816091e-01
9.852301694406957466e-01
9.738758929822104449e-01
9.809467299578058519e-01
9.897265336289726712e-01
9.761101363206911019e-01
9.813057233247051148e-01
9.713864306784660840e-01
9.760719225449516756e-01
9.896857923497268672e-01
9.789329882082253853e-01
9.819356540084388518e-01
9.834144856968960458e-01
9.909090909090909616e-01
9.885137974506232883e-01
9.790586916935145601e-01
9.897653194263363874e-01
9.811976727685539634e-01
9.603650586701433234e-01
9.733093417303944062e-01
9.774478218237848681e-01
9.801587301587301182e-01
9.911964785914366693e-01
9.923969587835135275e-01
9.761410788381743586e-01
9.719225449515904725e-01
9.773242630385488017e-01
9.863062296012488073e-01
9.888682745825603249e-01
9.761444229529335770e-01
9.654370970160444099e-01
9.705351386202449859e-01
9.963739451476792963e-01
9.820062977957715322e-01
9.783365570599613648e-01
9.610389610389611370e-01
9.841936774709884039e-01
9.721949852920577229e-01
9.877551020408164018e-01
9.827259475218658169e-01
9.951673903908110352e-01
9.920470262793914529e-01
9.629271437782076504e-01
9.965094917330067359e-01
9.557973219720025115e-01
9.900121473883114476e-01
9.778823529411764248e-01
9.822957839262187463e-01
9.972677595628415270e-01
9.831611174894756555e-01
9.849470595739252543e-01
9.858354903652573054e-01
9.914156138645935368e-01
9.771364317841079172e-01
9.838602107509670791e-01
9.848162338583794639e-01
9.938046647230320829e-01
9.900796328789309708e-01
9.928484479610468760e-01
9.617810760667904191e-01
9.866165611814345926e-01
9.946038251366120519e-01
9.729654013167110538e-01
9.760470654153242664e-01
9.765027322404372656e-01
9.942643724156329244e-01
9.693877551020408934e-01
9.705882352941176405e-01
9.820062977957714212e-01
9.886583679114799850e-01
9.816500910491664511e-01
9.767531665122025641e-01
9.416773094934014487e-01
9.857354028085735242e-01
9.947450980392157360e-01
9.844195007538951714e-01
9.910600255427841621e-01
9.739718147828587691e-01
9.758702531645568889e-01
9.776623026049399146e-01
9.784721284923740825e-01
9.878976486860304718e-01
9.919017411256579875e-01
9.905395417590540097e-01
9.711884753901560696e-01
9.987042436022027792e-01
9.853198400799599854e-01
9.830508474576271638e-01
9.920115642118076948e-01
9.814958091553837027e-01
9.902647429611990404e-01
9.726368159203980790e-01
9.741355463347165511e-01
9.987551867219917057e-01
9.893372924821162151e-01
9.731673582295989888e-01
9.790300546448087449e-01
9.659873127277635030e-01
9.893290649593171615e-01
9.779220779220779702e-01
9.825801565261297332e-01
9.705959915611814814e-01
9.822157434402332132e-01
9.696470588235294175e-01
9.796351824087955462e-01
9.927113702623906466e-01
9.573997233748270386e-01
9.895833333333333703e-01
9.818774445893090341e-01
9.792698826597131534e-01
9.889558232931726645e-01
9.887966804979253510e-01
9.717601547388781125e-01
9.863157894736842568e-01
9.714062721725557070e-01
9.855874316939889912e-01
9.765602530917457669e-01
9.831481949002777165e-01
9.870406189555125387e-01
9.951410446753948813e-01
9.804018445322792985e-01
9.849581382148432374e-01
9.852180339985219248e-01
9.750977835723598774e-01
9.777395075902538535e-01
9.723360655737705027e-01
9.830313488639631503e-01
9.792205924647685578e-01
9.856930759886624038e-01
9.892830746489282845e-01
9.824594973848705948e-01
9.682926829268293512e-01
9.689229459344402828e-01
9.753629904232314907e-01
9.779888785912882465e-01
9.895787139689579126e-01
9.879098360655738098e-01
9.711655508216676669e-01
9.860511935576646847e-01
9.823504692533968630e-01
9.841776642542925391e-01
9.811445147679325185e-01
9.772810777709737273e-01
9.809820193637620589e-01
9.817784256559766165e-01
9.955294117647059959e-01
9.687100893997444562e-01
9.537172011661807502e-01
9.847843137254901347e-01
9.883250101228235884e-01
9.842758806856526377e-01
9.791666666666666297e-01
9.874185136897001280e-01
9.604956268221573890e-01
9.879376780030155736e-01
9.871439873417722222e-01
9.569320278132539270e-01
9.797626293365795380e-01
9.675535846267553364e-01
9.687649402390436926e-01
9.812298641266283816e-01
9.847856154910097359e-01
9.813870868087735122e-01
9.977324263038549468e-01
9.897828863346104233e-01
9.839883551673944684e-01
9.837027379400260507e-01
9.715022566086395361e-01
9.663994169096208342e-01
9.861788617886179109e-01
9.919817470664927805e-01
9.617486338797813783e-01
9.754167250315169957e-01
9.800237341772152222e-01
9.964285714285714413e-01
9.666533279978658522e-01
9.920908829450675315e-01
9.713833764739718823e-01
9.790794979079497917e-01
9.888622115512871735e-01
9.764492753623188470e-01
9.855581050074233573e-01
9.985754985754985436e-01
9.707468879668049722e-01
9.948250728862974013e-01
9.735297869626228229e-01
9.505817513778322958e-01
9.782849239280775322e-01
9.860992039191671665e-01
9.892623716153128299e-01
9.921627840092033246e-01
9.945306725794530456e-01
9.837220602526726143e-01
9.736286919831222963e-01
9.809016061546768084e-01
9.651837524177949712e-01
9.905247813411077740e-01
9.926919256421171678e-01
9.804603027494593892e-01
9.904695783892956129e-01
9.964232689971654899e-01
9.806300553426989808e-01
9.906849698837372209e-01
9.866859403530128247e-01
9.891393442622951060e-01
9.633381924198251012e-01
9.891929035482258659e-01
9.904518329070758353e-01
9.687693259121830103e-01
9.894427786106946288e-01
9.912974683544304444e-01
9.827790096082779092e-01
9.699213018540749909e-01
9.878415300546448119e-01
9.685854255970606230e-01
9.963557835065459667e-01
9.808096372040902011e-01
9.782116918680796580e-01
9.817652901944089461e-01
9.827586206896552490e-01
9.849043715846994562e-01
9.808341206640572851e-01
9.812252964426877444e-01
9.867620206938527705e-01
9.912943717100822782e-01
9.744056283357593884e-01
9.765841959101236869e-01
9.621960784313725590e-01
9.632513661202185551e-01
9.845089903181188928e-01
9.699872286079183059e-01
9.734556660596722644e-01
9.839935974389755202e-01
9.886178861788618155e-01
9.724618924360081129e-01
9.566493263972255523e-01
9.821200510855683241e-01
9.905448942428911607e-01
9.713725490196077894e-01
9.767474436195545673e-01
9.669201013738828454e-01
9.898305084745762095e-01
9.933507170795305985e-01
9.894624516473256026e-01
9.719687092568449760e-01
9.628990509059534020e-01
9.880711941428932388e-01
9.859843546284223770e-01
9.831208852780501939e-01
9.900674662668664805e-01
9.632668144863266724e-01
9.955876173133492157e-01
9.844262295081968039e-01
9.889830508474576343e-01
9.762400489895897149e-01
9.832650273224043946e-01
9.908950833450063111e-01
9.591679506933743493e-01
9.854771784232364551e-01
9.769709543568464438e-01
9.819813740045890693e-01
9.930327868852458773e-01
9.950207468879668227e-01
9.865248226950354971e-01
9.907786885245901676e-01
9.872099156118143704e-01
9.935125115848006949e-01
9.871022551745443074e-01
9.988338192419825567e-01
9.809923969587834858e-01
9.643657817109144714e-01
9.767907162865145931e-01
9.661134163208850989e-01
9.565217391304348116e-01
9.741120218579235601e-01
9.770998174071819919e-01
9.958847736625514591e-01
9.696307094266278792e-01
9.913950456323337157e-01
9.884347949482049644e-01
9.871720116618076801e-01
9.919015225137673974e-01
9.767849912268861123e-01
9.859943977591035802e-01
9.764883520276099738e-01
9.712018990504747151e-01
9.697665002024564718e-01
9.905004633920296842e-01
9.490940465918895619e-01
9.736299161831076798e-01
9.749654218533887473e-01
9.767184035476718096e-01
9.764438768270186086e-01
9.587463556851312241e-01
9.858229598893499812e-01
9.959983993597438801e-01
9.837948874010955524e-01
9.892698069914968029e-01
9.714552487661731739e-01
9.706396801599199708e-01
9.808024158757548960e-01
9.882513661202185773e-01
9.801920768307323950e-01
9.882659713168187032e-01
9.858490566037736436e-01
9.646711012564671561e-01
9.792349726775956276e-01
9.820714642678660677e-01
9.801792968202829304e-01
9.692543684140322302e-01
9.869294605809129095e-01
9.803193724611289905e-01
9.753062540296583149e-01
9.906849698837372209e-01
9.945241199478488392e-01
9.628799551757949438e-01
9.718246292714378676e-01
9.748962655601659533e-01
9.953981592637055620e-01
9.778544722461892658e-01
9.810792349726775718e-01
9.795892333205766800e-01
9.815100154083205020e-01
9.770580296896085315e-01
9.790457769181173386e-01
9.924066135946112421e-01
9.858156028368794122e-01
9.782470119521913254e-01
9.809286898839136848e-01
9.848825587206395671e-01
9.652558016877637037e-01
9.679296154391938689e-01
9.834010365597423142e-01
9.890733056708160831e-01
9.760428882559892827e-01
9.785684269505533495e-01
9.838671270389331980e-01
9.869294605809129095e-01
9.745281680147581671e-01
9.846153846153845590e-01
9.789257455873403568e-01
9.829019607843136885e-01
9.874632301442779481e-01
9.779140295358650370e-01
9.503125398647787048e-01
9.680259499536607581e-01
9.669623059866961912e-01
9.853976531942633121e-01
9.857386121753937136e-01
9.929644808743169904e-01
9.884562841530054600e-01
9.869753003104332345e-01
9.792046936114732203e-01
9.935213929005264344e-01
9.968127490039840888e-01
9.694965582399784898e-01
9.929536957146964937e-01
9.856348470806302053e-01
9.868028948488718477e-01
9.964242239805234380e-01
9.712443584784009598e-01
9.867457712698814998e-01
9.790300546448087449e-01
9.912728820774798777e-01
9.836234687298517354e-01
9.624662977153398691e-01
9.905633602951610106e-01
9.925765960318531089e-01
9.914553859083905518e-01
9.611990474856422217e-01
9.795800977854471903e-01
9.555155395491530257e-01
9.763485477178424077e-01
9.711444179857122716e-01
9.720784313725490122e-01
9.864481339577125807e-01
9.927025355596783562e-01
9.655801825293350849e-01
9.940630797773655214e-01
9.929047821768128834e-01
9.770879526977087615e-01
9.865703873667162060e-01
9.839455272363818450e-01
9.821405544809800325e-01
9.654117647058824137e-01
9.830431979368150497e-01
9.887058823529412122e-01
9.862973760932944867e-01
9.665617034038086475e-01
9.715022566086395361e-01
9.865136538783716436e-01
9.748800807876798480e-01
9.857571214392804038e-01
9.867701404286770561e-01
9.733093417303944062e-01
9.923095409757269891e-01
9.899446618976919243e-01
9.765602530917457669e-01
9.611234294161123959e-01
9.795622362869198518e-01
9.831721470019342268e-01
9.741272783441456973e-01
9.886621315192744008e-01
9.877732240437158140e-01
9.908472479901051511e-01
9.785732133933033872e-01
9.839043824701194652e-01
9.846209912536443287e-01
9.829268292682926678e-01
9.766500202456471769e-01
9.977507872244714138e-01
9.698714023270055273e-01
9.844050258684404753e-01
9.513846622032867684e-01
9.758053072229317948e-01
9.779308585278734256e-01
9.838222605694564304e-01
9.885245901639343469e-01
9.713313896987366691e-01
9.888161898965308616e-01
9.800917802672425294e-01
9.785724421739747658e-01
9.798918776371308148e-01
9.822268326417703532e-01
9.663442940038684537e-01
9.804664723032069373e-01
9.875151842353894205e-01
9.804432855280313941e-01
9.756097560975609539e-01
9.910996835443037778e-01
9.951166180758017621e-01
9.781245831665998924e-01
9.794238683127571843e-01
9.707241910631740911e-01
9.817901666900126223e-01
9.773206751054852592e-01
9.740848720440555830e-01
9.739754098360655643e-01
9.644719687092568883e-01
9.810495626822157700e-01
9.796104686548996465e-01
9.732507288629737019e-01
9.692982456140351033e-01
9.856276371308017037e-01
9.912280701754385692e-01
9.757261410788381495e-01
9.742087644552648307e-01
9.748566093103907537e-01
9.802816901408450967e-01
9.811320754716981174e-01
9.873906705539359230e-01
9.833266639989328706e-01
9.815602836879432358e-01
9.875151842353893095e-01
9.860933730665530916e-01
9.724066390041493646e-01
9.836809990066694986e-01
9.819672131147541005e-01
9.800521512385917955e-01
9.846938775510204467e-01
9.718714121699196795e-01
9.517730496453900013e-01
9.793222683264177775e-01
9.561953352769679837e-01
9.647302904564314385e-01
9.898813146682897690e-01
9.798497267759562757e-01
9.697076023391812960e-01
9.824453551912568638e-01
9.823984526112184978e-01
9.895643647569687396e-01
9.635795382064039627e-01
9.771137026239067325e-01
9.714741035856573337e-01
9.630379367221473252e-01
9.878138395590936316e-01
9.704681719607093360e-01
9.918751797526602632e-01
9.782696720205155128e-01
9.789358600583091263e-01
9.802331170391732629e-01
9.864187763713080370e-01
9.598586215602120664e-01
9.807010075209308120e-01
9.772073626689674608e-01
9.904783325835957442e-01
9.787248232626384326e-01
9.894242891161226794e-01
9.909569442569847730e-01
9.797652147049737970e-01
9.862412881518866081e-01
9.770569620253164445e-01
9.850717079530638687e-01
9.777911164465786786e-01
9.694544484460450029e-01
9.757496740547587644e-01
9.852769679300291683e-01
9.837306942570100965e-01
9.655870445344130193e-01
9.638297872340425565e-01
9.797285977550678204e-01
9.959650856389986595e-01
9.887874837027379460e-01
9.968879668049792642e-01
9.845916795069337146e-01
9.809286898839136848e-01
9.866609904924080743e-01
9.773694390715668145e-01
9.797600210970464074e-01
9.603106125970665152e-01
9.789688818565400741e-01
9.738186462324394110e-01
9.946645324796584697e-01
9.769830559304243378e-01
9.887295081967213406e-01
9.818563502774029228e-01
9.761171032357474076e-01
9.574996452391089097e-01
9.736762020693853215e-01
9.754439681567665943e-01
9.942642405063291111e-01
9.825455668829162770e-01
9.824701195219123218e-01
9.919817470664927805e-01
9.887814313346228179e-01
9.951108213820077930e-01
9.672223000420228090e-01
9.824604743083005243e-01
9.722541140451588237e-01
9.914857386121753713e-01
9.754086069875543830e-01
9.849411764705882089e-01
9.795297372060857155e-01
9.885568513119533662e-01
9.742629482071712976e-01
9.678285857071464715e-01
9.818928788800973528e-01
9.777689243027889443e-01
9.837812789620017373e-01
9.738880559720139996e-01
9.641856742697079152e-01
9.817563388991960016e-01
9.631603336422613904e-01
9.816735822959890001e-01
9.875031557687452555e-01
9.948087431693989346e-01
9.804852320675105926e-01
9.780048247481197832e-01
9.527736131934032571e-01
9.797600210970464074e-01
9.772432782636863990e-01
9.922958397534669128e-01
9.627981947130883622e-01
9.632878931029829062e-01
9.800669506999392100e-01
9.639622400816429959e-01
9.885235332043842416e-01
9.655195411497932145e-01
9.998681434599155926e-01
9.861049519586104761e-01
9.764344262295081567e-01
9.912452724471214616e-01
9.936008052919182987e-01
9.770879526977088725e-01
9.781420765027322162e-01
9.738562091503267792e-01
9.634596282105860610e-01
9.669040084388185186e-01
9.908093914118010215e-01
9.829918032786885140e-01
9.809820193637621699e-01
9.818181818181818121e-01
9.796768492804848183e-01
9.671448087431693263e-01
9.457146965775093950e-01
9.614272671941570536e-01
9.813603164942179546e-01
9.771865889212827394e-01
9.885949520853016814e-01
9.758800521512386306e-01
9.910337552742616296e-01
9.844783371575112074e-01
9.823529411764706509e-01
9.712431693989070913e-01
9.733606557377049162e-01
9.801186569048220276e-01
9.928679626356979870e-01
9.835082458770614267e-01
9.830340839926963170e-01
9.842842716485735721e-01
9.708386547467007244e-01
9.765295358649789259e-01
9.786324786324787084e-01
9.778852353320438562e-01
9.925084955205436543e-01
9.956634205721242026e-01
9.719848718307886326e-01
9.575619295958278654e-01
9.668646241058173052e-01
9.959699453551912329e-01
9.755568006723631669e-01
9.861049519586104761e-01
9.800834052343975200e-01
9.873840445269016497e-01
9.761449164434238268e-01
9.715524939405536520e-01
9.791574279379157142e-01
9.826311899482631507e-01
9.670115459589143647e-01
9.783095991561181481e-01
9.948204909890734360e-01
9.858646044624745919e-01
