9.585130859936726866e-01
9.714377820760800031e-01
9.590379008746356959e-01
9.810511756569848529e-01
9.947471634682728547e-01
9.736514522821576589e-01
9.527244712144559147e-01
9.830709645177411193e-01
9.587583148558758150e-01
9.551229508196721341e-01
9.308726712424709726e-01
9.647367674187596887e-01
9.759509993552546447e-01
9.879925222893298775e-01
9.906195168038871568e-01
9.678586632609621487e-01
9.498582804696988902e-01
9.989071038251365886e-01
9.242253873063468461e-01
9.295383300085494627e-01
