9.792924935289041288e-01
9.810444874274660831e-01
9.999271137026238820e-01
9.615491009681880197e-01
9.685530186300602695e-01
9.456431535269709254e-01
9.498529205771115702e-01
9.458395802098951144e-01
9.473022912047301958e-01
9.793032786885245145e-01
9.768174814399777084e-01
9.687100893997445672e-01
9.797549967762734235e-01
9.768478573482887173e-01
9.473613173167769741e-01
9.636015325670497234e-01
9.358887839114590212e-01
9.510245901639343691e-01
9.785732133933032761e-01
9.597783572359842585e-01
9.647914274779946231e-01
9.705394190871369231e-01
9.789156626506023695e-01
9.992711370262390425e-01
9.708081679608857595e-01
9.611682489451476297e-01
9.420373952288845221e-01
9.952523738130935049e-01
9.719035202086049319e-01
9.476718403547671477e-01
9.547717842323651949e-01
9.869511440940011981e-01
9.306122448979592399e-01
9.610886189833557358e-01
9.771526001705029829e-01
9.059534081104400061e-01
9.149410411274087052e-01
9.254122938530734421e-01
9.488740109555691138e-01
9.721991701244813155e-01
9.885954381752700693e-01
9.948207171314740194e-01
9.810316389263757930e-01
9.535957240038872573e-01
9.401071565250669337e-01
9.469387755102041115e-01
9.594422310756972605e-01
9.509503763235107598e-01
9.646873594242015848e-01
9.820392156862745026e-01
9.657750934713833502e-01
9.921985815602837322e-01
9.383086567960517987e-01
9.563411078717201086e-01
9.777327935222671629e-01
9.639215686274509309e-01
9.870657797487065732e-01
9.555651423641069453e-01
9.011096116359275099e-01
9.719387755102041337e-01
9.843579234972676950e-01
9.605748945147679629e-01
9.781341107871719398e-01
9.881988396624472593e-01
9.170752206191342681e-01
9.677314211212516559e-01
9.693877551020408934e-01
9.843522561863172760e-01
9.514741035856573159e-01
9.182489451476792963e-01
9.906420765027321718e-01
9.448417528910529883e-01
9.725554106910039298e-01
9.990110759493671111e-01
9.291395045632333538e-01
9.739795918367347705e-01
9.995331465919701230e-01
9.521138912855909853e-01
9.848832501012282359e-01
9.521803399852181160e-01
9.771186440677965823e-01
9.888639865527384387e-01
9.578890538534214905e-01
9.665188470066519155e-01
9.826311899482631507e-01
9.748564224681328660e-01
9.241029745231426062e-01
9.768662232076866792e-01
9.719029374201787475e-01
9.790300546448087449e-01
9.523910884064140658e-01
9.962513120407856526e-01
9.967361998013338775e-01
9.796890320773217198e-01
9.764442384924312268e-01
9.230902777777777457e-01
9.494456762749445833e-01
9.434661723818350554e-01
9.858606557377048718e-01
9.469945355191257130e-01
9.801632861334352853e-01
9.621848739495798553e-01
9.435495167390390847e-01
9.489428699955015922e-01
9.485907391429393432e-01
9.527111444277861496e-01
9.591231463571888716e-01
9.767923133776792444e-01
9.555427988263809347e-01
9.569590204897551189e-01
9.518862090290661770e-01
9.787420704548521755e-01
9.652334326663828401e-01
9.879098360655738098e-01
9.291187739463601103e-01
9.517601043024771501e-01
9.688524590163933858e-01
9.594973848705191655e-01
9.679112310691257992e-01
9.401247717589774622e-01
9.938104448742746122e-01
9.753677959238763462e-01
9.494784876140809349e-01
9.716560939398030117e-01
9.519215686274509203e-01
9.989626556016597547e-01
9.734321902996602160e-01
9.690179806362378967e-01
9.300931241229749569e-01
9.708333333333333259e-01
9.463797814207650649e-01
9.846133081387501429e-01
9.943947779196821157e-01
9.561475409836065475e-01
9.621563175780043498e-01
9.856846473029046152e-01
9.051020408163265030e-01
9.747813411078717349e-01
9.859437751004016537e-01
1.000000000000000000e+00
9.703551912568305626e-01
9.869729654013167375e-01
9.656453715775750180e-01
9.147979139504563983e-01
9.988495829738279763e-01
9.554930006086427285e-01
9.422025129342201932e-01
9.192828685258964683e-01
9.456741800512890039e-01
9.839615668883961996e-01
9.421952316689158335e-01
9.517918728445043941e-01
9.741560442639025652e-01
9.614108942467151087e-01
9.333333333333333481e-01
9.676010430247719007e-01
9.772490221642764485e-01
9.296582849774339685e-01
9.591107871720117029e-01
9.862408482706387369e-01
9.864754098360655199e-01
9.520491803278687826e-01
9.884357881923311329e-01
9.240790026614371655e-01
9.579072699257599188e-01
9.657031924072475570e-01
9.689938981126721140e-01
9.987066342057212553e-01
9.716814159292035402e-01
9.698734541271211151e-01
9.665946821433392122e-01
9.399396883900150712e-01
9.517918728445043941e-01
9.680715197956576423e-01
9.659760956175298396e-01
9.343028447506059875e-01
9.746993689724966492e-01
9.829245780590717407e-01
9.635182408795601727e-01
9.868970013037809963e-01
9.867014341590613080e-01
9.613428943937418758e-01
9.474456449246364542e-01
9.296610169491524855e-01
9.230019493177388235e-01
9.894906511927787918e-01
9.285996835443037778e-01
9.328082872144174420e-01
9.787143465304384282e-01
9.727081308713962926e-01
9.532108945527235644e-01
9.396461238566502505e-01
9.372461129009665992e-01
9.535205696202531112e-01
9.568448500651890454e-01
9.553584626755359244e-01
9.705263157894736814e-01
9.787915166066425421e-01
9.958158995815900028e-01
9.507822685788787087e-01
9.095694425698475083e-01
9.588477366255143686e-01
9.780584258196198810e-01
9.415954415954416179e-01
9.608584154406801803e-01
9.703551912568306737e-01
9.364406779661016422e-01
9.502731474996498617e-01
9.786384647709762685e-01
9.444204774230657851e-01
9.654528478057888830e-01
9.504804138950480041e-01
9.962395345537108371e-01
9.494533675259819727e-01
9.460938671464986793e-01
9.773866033755274074e-01
9.614610296232384279e-01
9.552487661731359214e-01
9.938722294654498413e-01
9.607425441265976529e-01
9.427415921668795828e-01
9.598968407479044895e-01
9.730381722718887127e-01
9.769125683060109200e-01
9.790300546448087449e-01
9.975166737618845758e-01
9.262501750945510981e-01
9.767240229425103726e-01
9.900546294999299501e-01
9.402502157031924490e-01
9.762102351313969306e-01
9.579164999333066310e-01
9.754572271386430238e-01
9.797238999137187765e-01
9.788135593220339548e-01
9.485634847080630649e-01
9.851313969571230400e-01
9.553154595171401420e-01
9.826251646903820802e-01
9.609933864219193378e-01
9.597178270042193704e-01
9.560530679933665343e-01
9.555062823355506829e-01
9.673469387755102566e-01
9.672850158182340063e-01
9.715163934426229719e-01
9.776792313377680177e-01
9.783583134892842592e-01
9.576191118909433975e-01
9.719945355191256242e-01
9.981992797118847127e-01
9.511072763876906588e-01
9.505976095617529875e-01
9.888161898965307506e-01
9.571466244725738148e-01
9.556708160442600741e-01
9.513037809647978404e-01
9.705882352941177516e-01
9.484289617486338919e-01
9.330109606705351277e-01
9.664604560892771090e-01
9.809848162338583588e-01
9.389178617992177678e-01
9.647914274779947341e-01
9.220502901353965219e-01
9.587477237708362798e-01
9.071824861298545262e-01
9.451764705882353956e-01
9.716162775864267687e-01
9.631924198250728653e-01
9.852607709750567100e-01
9.837040469570590417e-01
9.464210673763833181e-01
9.213402358354904065e-01
9.829931972789115457e-01
9.908235294117647696e-01
9.397248169654127681e-01
9.043617446978791108e-01
9.885290148448042657e-01
9.523907103825135501e-01
9.731778425655976950e-01
9.666232073011733483e-01
9.500691562932226386e-01
9.549889135254989725e-01
9.800624379168441092e-01
9.693101225016118594e-01
9.708642667040201513e-01
9.509493670886075556e-01
9.616688396349413193e-01
9.844516038660876545e-01
9.914553859083905518e-01
9.943947779196821157e-01
9.467849223946784853e-01
9.429400386847195392e-01
9.804979253112032778e-01
9.899416909620991634e-01
9.657931354359925447e-01
9.450446845404829599e-01
9.759509993552546447e-01
9.099565152196731344e-01
9.662584200857318173e-01
9.645919778699861835e-01
9.893196202531645556e-01
9.569817732468334226e-01
9.153731947631258414e-01
9.399907321594068721e-01
9.586594294370108793e-01
9.618573797678274806e-01
9.718848403058928387e-01
9.804878048780487632e-01
9.680793629369685016e-01
9.732365145228215608e-01
9.851002109704641851e-01
9.417985712284633326e-01
9.494467496542184914e-01
9.819302423308586825e-01
9.545094936708861111e-01
9.809820193637620589e-01
9.791839557399723004e-01
9.821910032638001553e-01
9.720464135021097407e-01
9.680573663624510994e-01
9.697211155378486769e-01
9.935860058309038401e-01
9.669255104975553738e-01
9.404823989569751630e-01
9.584016393442622572e-01
9.678111587982832775e-01
9.823107569721115651e-01
9.623957434570030722e-01
9.968956674315022637e-01
9.844783371575112074e-01
9.574315514993481102e-01
9.635245901639344357e-01
9.750345781466113193e-01
9.776401564537158251e-01
9.401603498542274728e-01
9.614634877792772594e-01
9.524174001785942201e-01
9.561403508771929571e-01
9.920533560380303539e-01
9.437014667817084090e-01
9.750665359294018453e-01
9.672789896670493937e-01
9.527322404371585396e-01
9.911656118143460370e-01
9.608277900960828788e-01
9.805511603375527407e-01
9.841832963784182819e-01
9.803935860058309304e-01
8.848904443091905048e-01
9.713114754098360892e-01
9.928817946505608116e-01
9.706640876853642741e-01
9.868720020196919407e-01
9.607137501874343233e-01
9.621824890024123222e-01
9.760956175298804993e-01
9.793791574279380185e-01
9.510812236286919630e-01
9.475979305247597129e-01
9.584289377783775654e-01
9.658892128279883416e-01
9.204702627939141957e-01
9.930974978429680800e-01
9.847891946478162239e-01
9.291930379746834445e-01
9.365489957395009002e-01
9.406812093379257611e-01
9.586065573770491399e-01
9.576071922544950876e-01
9.585753803596127609e-01
9.426912568306011764e-01
9.359695152423788134e-01
9.851324337831084410e-01
9.838114754098360448e-01
9.616874135546333857e-01
9.696736237568287509e-01
9.772243507875690849e-01
9.739795918367346594e-01
9.781359320339830798e-01
9.567486085343227531e-01
9.545632333767926081e-01
9.508017492711370311e-01
9.682728673483681492e-01
9.755568006723630559e-01
9.839648077195969345e-01
9.776323797930615012e-01
9.627118644067796938e-01
9.529626130381968485e-01
9.687460135221328539e-01
9.760744627686157582e-01
9.586456771614192407e-01
9.509380483196112621e-01
9.815717141429285419e-01
9.420477423065861666e-01
9.665927568366593503e-01
9.385763490241102458e-01
9.634877792772529315e-01
9.309647979139504814e-01
9.771354616048317787e-01
9.827900912646674314e-01
9.713114754098360892e-01
9.555643459915611482e-01
9.522572665429807071e-01
9.580915103252800602e-01
9.556714471968710267e-01
9.721949852920577229e-01
9.624635568513120187e-01
9.653799433121877938e-01
9.223115193264447287e-01
9.342213114754098768e-01
9.667817083692837876e-01
9.521438450899032402e-01
9.510756972111553686e-01
9.265306122448979664e-01
9.859943977591035802e-01
9.565698478561548423e-01
9.620331950207469118e-01
9.628799551757949438e-01
9.684203586497890370e-01
9.996910719802286627e-01
9.569320278132539270e-01
9.728134110787172162e-01
9.675897748021911049e-01
9.469945355191256020e-01
9.975707823756072568e-01
9.605344454742045235e-01
9.568767714941287528e-01
9.428125443451114140e-01
9.785014899957428236e-01
9.949741315594973212e-01
9.017112453264308769e-01
9.728907330567081457e-01
9.567054500918554805e-01
9.586501267173535012e-01
9.381832905925225896e-01
9.728708327709542081e-01
9.623764733896893464e-01
9.758017492711370533e-01
9.836010257794574052e-01
9.757491504479456346e-01
9.477178423236514160e-01
9.433111603843310489e-01
9.586313942502361352e-01
9.827560353876143573e-01
9.344262295081967595e-01
9.392071718728113305e-01
9.340329835082458176e-01
9.643183201460743259e-01
9.743862636582942827e-01
9.470912431108389207e-01
9.836100468284375564e-01
9.364729153986610655e-01
9.631147540983606703e-01
9.704702627939142401e-01
9.039233858510966613e-01
9.691996970462004590e-01
9.676348547717842363e-01
9.427091633466134768e-01
9.541252276229164053e-01
9.987704918032785928e-01
9.643153526970954514e-01
8.942350332594235507e-01
9.680040264595916044e-01
9.691256830601092664e-01
9.695020746887966778e-01
9.979079497907950014e-01
9.841590612777053604e-01
9.732549019607843466e-01
9.961199026171637660e-01
9.845458226481306196e-01
9.549783549783549264e-01
9.558091286307054402e-01
9.529371584699454223e-01
9.797372060857537646e-01
9.852549019607843572e-01
9.722541140451588237e-01
9.553935860058309082e-01
9.563368875691726778e-01
9.589960886571056164e-01
9.403872752420470160e-01
9.718890554722638964e-01
9.650548033526756830e-01
9.452958705832268382e-01
9.742220464135020741e-01
8.766365231475232722e-01
9.636253205560804114e-01
9.765239429104974889e-01
9.776323797930615012e-01
9.829005250461189114e-01
9.797168006123230244e-01
9.453441295546558543e-01
9.572088955522238818e-01
9.788135593220339548e-01
9.525273224043716569e-01
9.175237341772152222e-01
9.834716459197787586e-01
9.849963045084996205e-01
9.719887955182073824e-01
9.930466865332765458e-01
9.655580192165558184e-01
9.758017492711370533e-01
9.620991253644314289e-01
9.964480874316939962e-01
9.408735332464145396e-01
9.782920469361147120e-01
9.448643541638547250e-01
9.773206751054852592e-01
9.768875192604006275e-01
9.281040779062690316e-01
9.446361806154730534e-01
9.888446215139441442e-01
9.526721393868319288e-01
9.700201969199697682e-01
9.970010496326285887e-01
9.669275435496086368e-01
9.550163190009932634e-01
9.847195357833655738e-01
9.623430962343095807e-01
9.533548115982630744e-01
9.950136612021858173e-01
9.660547982183831373e-01
9.831812255541068080e-01
9.625187406296851211e-01
9.664941041127408372e-01
9.709219858156028504e-01
9.746176160337552963e-01
9.645527753810756444e-01
9.579234972677594939e-01
9.813524590163934525e-01
9.970628415300546443e-01
9.991618310767247380e-01
9.841776642542925391e-01
9.636297376093294620e-01
9.533246414602346563e-01
9.726753184902965366e-01
9.697212218220621072e-01
9.650971976773542460e-01
9.721742881794650515e-01
9.632683658170914098e-01
9.431698312236286297e-01
9.897744782182379408e-01
9.456506314743862163e-01
9.563638528396237737e-01
9.410919540229885083e-01
9.560915275200989605e-01
9.943269365457346742e-01
9.595713229859571536e-01
9.239754098360655199e-01
9.185007336267840827e-01
9.442940038684719539e-01
9.697677354203483313e-01
9.059392071718728179e-01
9.616660288302079085e-01
9.778629203916560098e-01
9.342016466459711621e-01
9.599383667180277913e-01
9.969383849980865131e-01
9.827790096082779092e-01
9.666750820499873109e-01
9.622267759562841416e-01
9.618955512572533451e-01
9.599815400843881852e-01
9.851643335362142428e-01
9.779883381924198149e-01
9.792985232067510371e-01
9.530046224961479240e-01
9.708642667040201513e-01
9.609289617486338475e-01
9.642811583110091345e-01
9.624463519313305460e-01
9.648410141476396751e-01
9.223207686622320045e-01
9.750923872875092435e-01
9.349280484726079088e-01
9.391360412637008714e-01
9.823262638388688961e-01
9.682572614107883835e-01
9.658892128279883416e-01
9.453374154866692747e-01
9.683635317802703479e-01
9.457783113245297191e-01
9.831372549019607998e-01
9.766831608936872300e-01
9.462465245597775354e-01
9.491930171277997985e-01
9.719917012448133775e-01
9.683833116036505428e-01
9.819528329019269197e-01
9.548207171314740949e-01
8.992031872509960166e-01
9.600714376833779928e-01
9.625297660736797933e-01
9.821685360943341880e-01
9.855576150756873988e-01
9.834699453551912773e-01
9.747538500378691850e-01
9.485680011995800687e-01
9.319071399649075937e-01
9.129746835443037778e-01
9.758401943582130089e-01
9.920051579626046889e-01
9.841112869198311852e-01
9.572134692616620644e-01
9.292247713300345602e-01
9.719263542300669023e-01
9.986098239110287045e-01
9.672131147540983243e-01
9.429437010855844514e-01
9.977037887485649126e-01
9.753677959238764572e-01
9.593758987633017599e-01
9.571038251366120742e-01
9.472615212214595681e-01
9.941983122362869629e-01
9.416882369859074231e-01
9.685517613713051643e-01
9.761449164434239378e-01
9.616148715765573396e-01
9.484094052558783572e-01
9.537750385208012549e-01
9.478974702630256211e-01
9.763243378310845211e-01
9.467896174863388303e-01
9.710769615192403892e-01
9.685517613713051643e-01
1.000000000000000000e+00
9.826839826839827152e-01
9.663922256714805314e-01
9.761904761904761640e-01
9.700136612021857951e-01
9.570158102766799235e-01
9.697296519988496399e-01
9.516597510373444591e-01
9.403061224489795977e-01
9.583679114799446008e-01
9.855021711724331057e-01
9.592565597667638277e-01
9.543353410841854956e-01
9.842323651452281608e-01
9.589444923784871122e-01
9.895009129640901513e-01
9.755743499116384942e-01
9.491701244813277594e-01
9.868421052631578538e-01
9.771224186799838396e-01
9.146939347247513563e-01
9.462109539151142279e-01
9.715767634854771684e-01
9.677661169415292530e-01
9.964523910884064417e-01
9.873614190687360903e-01
9.500607369415575709e-01
9.811764705882353166e-01
9.618994256898725226e-01
9.832609609188961430e-01
9.769181173436491950e-01
9.366628396479143026e-01
9.627967133292757440e-01
9.544951590594743518e-01
9.864297495876444000e-01
9.979079497907950014e-01
9.723760548523207037e-01
9.698250728862973791e-01
9.684129429892140983e-01
9.394366197183099398e-01
9.513449367088607778e-01
9.377363776439276988e-01
9.781466113416321662e-01
9.449002777076496162e-01
9.765857811834823821e-01
9.893290649593171615e-01
9.682134241521214157e-01
9.871985157699443292e-01
9.704234972677595605e-01
9.697614442295293680e-01
9.765148290052504398e-01
9.860515021459227425e-01
9.571707953063884888e-01
9.539114178889847029e-01
9.519363762102350801e-01
9.816233858379451727e-01
9.439870427858010338e-01
9.800242947766230062e-01
9.478862973760933119e-01
9.576415495955725721e-01
9.672199170124481382e-01
9.763019724705548352e-01
9.246402423630396550e-01
9.852979957805907407e-01
9.857594936708861111e-01
9.914246196403871947e-01
9.834681424719738940e-01
9.220251293422025984e-01
9.537380290392338811e-01
9.558970514742628488e-01
9.773511647972390470e-01
9.898823529411765465e-01
9.918055750105057022e-01
9.631601064574870641e-01
9.788095559454716987e-01
9.573333333333333695e-01
9.535783365570599246e-01
9.461366033755274074e-01
9.567766795108058053e-01
9.902647429611990404e-01
9.859329446064140079e-01
9.843090717299578518e-01
9.730364873222016042e-01
9.678278688524589723e-01
9.724409448818898127e-01
9.948447355652595414e-01
9.506772908366534214e-01
9.830973338436025388e-01
9.752376897970768121e-01
9.429061181434599259e-01
9.706329884357881577e-01
9.792300669506999178e-01
9.660014781966000941e-01
9.547847212849237541e-01
9.278085443037974445e-01
9.538035961272475216e-01
9.774445893089961368e-01
9.431981593327581903e-01
9.432372505543237251e-01
9.593759654000617587e-01
9.945982958003651841e-01
9.490928175138702017e-01
9.470264867566217104e-01
9.946709916589434597e-01
9.887190684133916330e-01
9.648526077097505649e-01
9.711836955054663489e-01
9.874111831943157558e-01
9.066523605150215159e-01
9.953660797034291630e-01
9.307745504840940765e-01
9.295996401259558617e-01
9.713114754098360892e-01
9.906873614190687682e-01
9.510373443983403119e-01
9.890710382513661081e-01
9.778647590767984843e-01
9.742489270386266442e-01
9.379808341206641309e-01
9.765332133753186206e-01
9.972655728958249588e-01
9.980191256830601709e-01
9.059252260763934750e-01
9.600230083405234538e-01
9.717887154861943877e-01
9.650655021834060321e-01
9.987827145465612011e-01
9.856614929785662005e-01
9.595197008915732351e-01
9.465786314525810319e-01
9.801333900950758293e-01
9.475795297372060499e-01
9.578551912568306070e-01
9.459439196281300699e-01
9.775910364145659059e-01
1.000000000000000000e+00
9.508030773383722156e-01
9.607909299500607680e-01
9.324219956750077198e-01
9.434335443037974445e-01
9.634023583549036207e-01
9.862209915611814814e-01
9.386548410938654330e-01
9.588797814207650205e-01
9.100714385768314818e-01
9.991595461549236390e-01
9.502123938030985206e-01
9.910351589858523713e-01
9.647324306898774626e-01
9.459889349930843405e-01
9.529159303206260478e-01
9.842513694461351159e-01
9.650030432136336156e-01
9.875518672199169457e-01
9.912863070539419397e-01
9.905303030303030942e-01
9.612777053455019427e-01
9.449650174912543887e-01
9.872758438818565185e-01
9.807010075209308120e-01
9.589926160337552963e-01
9.399075500770416314e-01
9.916633319994664353e-01
9.497799119647859500e-01
9.781118143459915926e-01
9.540802213001383647e-01
9.538645418326694436e-01
9.655413923518700869e-01
9.437775110044017701e-01
9.140429785107446747e-01
9.334915156744318931e-01
9.662232076866222874e-01
9.814105293032495680e-01
9.419084461637652339e-01
9.587431693989071357e-01
9.410387398893146349e-01
9.296863913722150929e-01
9.367588932806324431e-01
9.291147994467496840e-01
9.882082254817370348e-01
9.852486870559160614e-01
9.656814679927160361e-01
9.549453668227614322e-01
9.697404371584700256e-01
9.630428530342248772e-01
9.676113360323886914e-01
9.828875467356916751e-01
9.605490196078431131e-01
9.631010346926354160e-01
9.866054343666283977e-01
9.686867323525442108e-01
9.347728295096715545e-01
9.652143845089903307e-01
9.654183266932270246e-01
9.751881617553259662e-01
9.399759903961585339e-01
9.855967078189299402e-01
9.693210617580365618e-01
9.444224683544303334e-01
9.603111814345991482e-01
9.478664192949907141e-01
9.851531920637062179e-01
9.968957871396895154e-01
9.527265841959100534e-01
9.654474288028073170e-01
9.714698721850274499e-01
9.742738589211618061e-01
9.933728856349407499e-01
9.620467836257310390e-01
9.717910649210419471e-01
9.740129935032484365e-01
9.894990776216829875e-01
9.623549578059071852e-01
9.365721997300944235e-01
9.776639344262294529e-01
9.677480434233779460e-01
9.466295609152751700e-01
9.324396425236761710e-01
9.802991084268047883e-01
9.211065573770491621e-01
9.995742869306087908e-01
9.881812614819350804e-01
9.988243430152143887e-01
9.518944231587910254e-01
9.177479147358665879e-01
9.708352076773130168e-01
9.961984793917566527e-01
9.265757862059658123e-01
9.659188955996549364e-01
9.373443983402489632e-01
9.707285622179239182e-01
9.800829875518672907e-01
9.746887966804979042e-01
9.608639587362991508e-01
9.841269841269841834e-01
9.657848562559050443e-01
9.575136612021857285e-01
9.940026075619295964e-01
9.485907391429393432e-01
9.544165054803351866e-01
9.662584200857317063e-01
9.759850445786597550e-01
9.611290096652193027e-01
9.366362451108214415e-01
9.864140834290088256e-01
9.561344310973141081e-01
9.751999000499750325e-01
9.263202129149740172e-01
9.747163468272868059e-01
9.601043024771838130e-01
9.348765015521662836e-01
9.618994256898726336e-01
9.678586632609620377e-01
9.751365737498248754e-01
9.360250031891823586e-01
9.808437067773168039e-01
9.280251911830859068e-01
9.978561549100968264e-01
9.716763706938380540e-01
9.507422402159244612e-01
9.461960784313725448e-01
9.397959183673469941e-01
9.716599190283401466e-01
9.952374282112340653e-01
9.874736286919831851e-01
1.000000000000000000e+00
9.464840059387231719e-01
9.998561978717284138e-01
9.805309734513274478e-01
9.503457814661134817e-01
9.815573770491803351e-01
9.631866551624963524e-01
9.928138185654008518e-01
9.903377967133293325e-01
9.813668600902643036e-01
9.472615212214595681e-01
9.778680487463230486e-01
9.681877444589308546e-01
9.728962679154249393e-01
9.462190352020860562e-01
9.418953366321787257e-01
9.763272166970164978e-01
1.000000000000000000e+00
9.565826330532213317e-01
9.511804721888755809e-01
9.932226832641769532e-01
9.600968188105117873e-01
9.342403628117914582e-01
9.796367248474527889e-01
9.764996907854049946e-01
9.119277885235331782e-01
9.514170040485829816e-01
9.564152159896840422e-01
9.403349156118143704e-01
9.298995351626930805e-01
9.757575757575757125e-01
9.551638837353123579e-01
9.687208216619981327e-01
9.436895923798851449e-01
9.645043731778425444e-01
9.302478134110787611e-01
9.793388429752065694e-01
9.337482710926694462e-01
9.883945841392649534e-01
9.292100428658909284e-01
9.945222154595252384e-01
9.574166554190848277e-01
9.009411764705882453e-01
9.214426877470356381e-01
9.632513661202185551e-01
9.397882382957010172e-01
9.778032912361270812e-01
9.668536094334196918e-01
9.684969225785552416e-01
9.697651174412793562e-01
9.361077764439109661e-01
9.158507166170001268e-01
9.123906705539359674e-01
9.426373329734106798e-01
9.767954960438223200e-01
9.582560296846011072e-01
9.485100210970464074e-01
9.569672131147540783e-01
9.455105757108839271e-01
9.340243731615072154e-01
9.273907103825136389e-01
9.660530879018274231e-01
9.930758017492711254e-01
9.659197012138189820e-01
9.511171090118458737e-01
9.792531120331949834e-01
9.781482000280151690e-01
9.476367006487488309e-01
9.686391372215126250e-01
9.552106430155211658e-01
9.581176470588235183e-01
9.656558887585859896e-01
9.780757769263516144e-01
9.419758412424504845e-01
9.869462025316455556e-01
9.464165204481036486e-01
9.584964232689971997e-01
9.682572614107882725e-01
9.870427858010527578e-01
9.795269770879526661e-01
9.491129785247431894e-01
9.705215419501134200e-01
9.840079960019990635e-01
9.784876140808344003e-01
9.769476567255021004e-01
9.457124435847839017e-01
9.654713545314470569e-01
9.198239571373899581e-01
9.246196403872751768e-01
9.873443983402490076e-01
9.844108516668915732e-01
9.830567081604426605e-01
9.671448087431693263e-01
9.714536374679443309e-01
9.182339602507669785e-01
9.918367346938775642e-01
9.392830093410754477e-01
9.761998945147679629e-01
9.971574344023322878e-01
9.321568627450981248e-01
9.603948025987006920e-01
9.615160349854227073e-01
9.568464730290456854e-01
9.689477848101265556e-01
9.952411994784875482e-01
9.777705345501955803e-01
9.549737411183194524e-01
9.697014051522248046e-01
