9.802272073626689952e-01
9.880722114764668440e-01
9.893586005830903307e-01
9.847856154910097359e-01
9.829808096372041337e-01
9.781466113416321662e-01
9.707942288835971212e-01
9.738255872063967811e-01
9.829268292682926678e-01
9.810109289617486850e-01
9.897744782182378298e-01
9.733929331630479798e-01
9.914248871695678922e-01
9.867702041990221717e-01
9.899446618976919243e-01
9.894281254434511563e-01
9.838709677419354982e-01
9.778688524590163356e-01
9.792603698150925684e-01
9.874837027379399501e-01
9.890292129098099405e-01
9.830567081604426605e-01
9.869477911646585833e-01
9.758746355685130602e-01
9.907247627264883505e-01
9.729694092827004814e-01
9.901353965183752326e-01
9.819465267366316308e-01
9.777053455019557582e-01
9.904656319290465749e-01
9.883817427385891419e-01
9.900432900432900585e-01
9.927842565597667646e-01
9.873294346978557234e-01
9.763853367433930064e-01
9.766321541558814490e-01
9.780701754385965341e-01
9.887556221889055585e-01
9.817407181984175724e-01
9.819502074688797322e-01
9.788582099506468737e-01
9.713147410358566880e-01
9.756335282651072971e-01
9.744088111435050825e-01
9.732108687332567953e-01
9.832361516034985316e-01
9.856573705179282330e-01
9.746141089424671389e-01
9.849302744039586388e-01
9.814117647058823168e-01
9.847569744032211858e-01
9.749838813668600945e-01
9.865279445111378998e-01
9.863702623906706046e-01
9.872544609386716408e-01
9.846274509803921715e-01
9.736141906873613250e-01
9.782858786310036914e-01
9.808067176488228789e-01
9.911078717201166066e-01
9.743169398907103318e-01
9.816719409282700370e-01
9.770408163265307255e-01
9.836497890295358149e-01
9.910351589858522603e-01
9.902216427640158081e-01
9.816326530612243806e-01
9.889616690926734677e-01
9.898007968127490175e-01
9.638053797468354444e-01
9.756147540983605149e-01
9.850121728545344624e-01
9.810951760104302810e-01
9.734309071729958518e-01
9.884615384615385025e-01
9.866618075801749654e-01
9.832599706549286500e-01
9.768478573482888283e-01
9.849507355918478702e-01
9.738359201773835183e-01
9.793350717079529755e-01
9.862725871970864366e-01
9.788095559454718098e-01
9.713229859571324010e-01
9.655580192165558184e-01
9.875332679647009781e-01
9.875283446712017632e-01
9.869918699186992495e-01
9.859514687100894292e-01
9.852459016393443347e-01
9.662977153398609742e-01
9.877792772529614407e-01
9.798495813821483935e-01
9.844516038660876545e-01
9.761353104726598895e-01
9.835937500000000444e-01
9.661492978566148526e-01
9.845535990114303582e-01
9.837431693989071579e-01
9.829918032786885140e-01
9.778032912361270812e-01
9.863278644791250160e-01
9.923658775738900539e-01
9.770580296896086425e-01
9.860511935576646847e-01
9.761994002998501951e-01
9.801418439716311770e-01
9.861788617886179109e-01
9.900497512437811398e-01
9.772613693153423542e-01
9.770562770562770671e-01
9.901471183695504941e-01
9.837519511849014409e-01
9.828551912568305182e-01
9.838938555413651033e-01
9.778357235984354023e-01
9.863387978142076351e-01
9.742314070672279946e-01
9.802069275753485522e-01
9.901095556908094952e-01
9.942617666021921208e-01
9.863679308948576363e-01
9.711212516297261788e-01
9.829261708732622838e-01
9.863529411764705435e-01
9.773858921161825419e-01
9.736638863144886358e-01
9.803596127247580228e-01
9.833524684270952276e-01
9.718579234972677394e-01
9.734972677595628010e-01
9.767175057362665891e-01
9.641691499929048170e-01
9.829234972677595161e-01
9.847852950262588889e-01
9.726832641770400967e-01
9.749271137026237488e-01
9.738338192419825345e-01
9.724281742354031755e-01
9.847078514911746794e-01
9.899590163934426368e-01
9.771676705420927478e-01
9.702086049543676705e-01
9.814211212516297245e-01
9.871297095197009153e-01
9.904899573950091130e-01
9.697708795269771587e-01
9.833466135458167612e-01
9.787420704548521755e-01
9.845528455284553448e-01
9.868795921427500062e-01
9.789323736692158162e-01
9.897044403978149107e-01
9.770378874856486817e-01
9.884508990318118249e-01
9.697522816166884718e-01
9.831160365058669859e-01
9.814313346228239476e-01
9.907434402332361278e-01
9.678111587982832775e-01
9.857240437158469870e-01
9.739071038251366774e-01
9.764150943396225912e-01
9.768174814399774863e-01
9.802493346407060715e-01
9.830313488639631503e-01
9.795657726692209577e-01
9.870663420572124425e-01
9.799999999999999822e-01
9.909404659188956188e-01
9.813740045890133601e-01
9.925448148768637457e-01
9.889038836407256783e-01
9.786433943522064860e-01
9.908366533864542136e-01
9.832249011353488832e-01
9.811882366948445622e-01
9.701344936708860001e-01
9.936906546726637091e-01
9.853324641460233790e-01
9.613428943937418758e-01
9.854628422425032452e-01
9.852607709750567100e-01
9.816166883963494127e-01
9.715099715099714262e-01
9.876853642811089795e-01
9.925501054852320371e-01
9.819071945508727195e-01
9.892152689087555517e-01
9.873663751214771800e-01
9.825087456271863751e-01
9.838056680161942902e-01
9.691133211934443992e-01
9.637394514767932963e-01
9.856584093872230445e-01
9.770140428677013267e-01
9.869590643274854802e-01
9.723889555822328168e-01
9.828586853826426495e-01
9.808996088657104817e-01
9.835335402888378820e-01
9.825457641549595333e-01
9.732108687332567953e-01
9.783325835957414895e-01
9.732757457146713476e-01
9.827868852459016313e-01
9.852020860495437349e-01
9.782882756688611181e-01
9.924359153943129730e-01
9.869859073914293290e-01
9.803921568627450567e-01
9.936437546193644943e-01
9.848162338583794639e-01
9.823862869483060978e-01
9.886789623631728752e-01
9.798918776371308148e-01
9.910123669830314119e-01
9.779911964785913403e-01
9.817470664928292789e-01
9.846317711503347336e-01
9.862352774230169761e-01
9.860735009671179885e-01
9.859514687100894292e-01
9.763661202185791588e-01
9.812158469945355677e-01
9.783595856392791612e-01
9.791987673343605092e-01
9.801920768307322840e-01
9.792688051547835393e-01
9.691544434857636281e-01
9.816044260027663171e-01
9.756569294384419555e-01
9.880825958702064149e-01
9.729651998849583316e-01
9.662320730117339718e-01
9.859437751004016537e-01
9.809128630705393759e-01
9.795251433906896343e-01
9.874011857707509776e-01
9.780672155486570540e-01
9.778481012658227778e-01
9.756984309223115659e-01
9.780487804878048586e-01
9.876932591218305912e-01
9.837503595053206373e-01
9.650273224043716125e-01
9.771618625277161962e-01
9.843815660456647354e-01
9.809690916452962206e-01
9.903005464480874043e-01
9.863278644791249050e-01
9.787172850158183390e-01
9.849402390438246613e-01
9.805234327449786624e-01
9.698707805907172963e-01
9.797372060857537646e-01
9.840938722294654273e-01
9.819927971188474602e-01
9.823770491803278659e-01
9.878787878787878007e-01
9.766496846191170533e-01
9.807010075209310340e-01
9.694263363754890284e-01
9.807373389462942237e-01
9.801418439716311770e-01
9.925059532147360031e-01
9.860548807917228764e-01
9.649411764705881911e-01
9.767827529021559929e-01
9.903790087463556491e-01
9.735989633948818334e-01
9.811553907939449815e-01
9.869029275808937074e-01
9.856197871728502591e-01
9.834791059280854064e-01
9.859607843137253580e-01
9.845367331481948980e-01
9.790582899826597574e-01
9.895036737142000050e-01
9.855874316939891022e-01
9.873177842565598050e-01
9.889830508474576343e-01
9.829183955739971834e-01
9.807095343680709565e-01
9.793529161345252421e-01
9.836879432624113795e-01
9.646309006863706959e-01
9.831882911392405555e-01
9.853324641460234901e-01
9.834010365597423142e-01
9.907550077041602510e-01
9.901376472257698014e-01
9.861049519586105871e-01
9.887169568020632848e-01
9.807053941908713268e-01
9.888483965014577270e-01
9.831284786641930618e-01
9.829265039349073252e-01
9.793681495809155590e-01
9.702354176038385791e-01
9.879363135333740775e-01
9.840940525587827947e-01
9.783095991561182592e-01
9.820049428483162979e-01
9.698339856930761060e-01
9.596076614148901784e-01
9.732390810401413406e-01
9.845643576986859991e-01
9.730094466936571873e-01
9.818920916481892469e-01
9.826562289107841908e-01
9.806362378976486438e-01
9.832542194092827037e-01
9.689032077321754199e-01
9.874135546334716906e-01
9.878834570668161286e-01
9.832542194092827037e-01
9.887275242047026680e-01
9.807053941908714378e-01
9.813395771250177368e-01
9.740901898734177777e-01
9.582138200782268633e-01
9.713147410358565770e-01
9.920553935860058070e-01
9.818090307736554445e-01
9.767926988265972499e-01
9.852459016393443347e-01
9.799924261550113647e-01
9.850199203187250951e-01
9.825280414150130426e-01
9.819813740045889583e-01
9.802942367391010992e-01
9.743807040417209464e-01
9.758196721311475086e-01
9.725449515905947306e-01
9.848761408083441804e-01
9.706268221574344546e-01
9.782576098365572959e-01
9.859038142620232259e-01
9.919778077672813943e-01
9.756634028664679104e-01
9.797958009778544586e-01
9.792688051547836503e-01
9.807373389462941127e-01
9.844945355191255798e-01
9.843750000000000000e-01
9.831485587583148611e-01
9.908359704641349630e-01
9.816703621581669426e-01
9.871720116618075691e-01
9.821211199026173011e-01
9.847677595628415714e-01
9.624676445211388653e-01
9.849774339136041501e-01
9.848523100227215554e-01
9.808816914080071836e-01
9.846743295019158015e-01
9.809561752988047445e-01
9.855875831485586547e-01
9.882647679324895185e-01
9.797487065779748594e-01
9.844108516668916842e-01
9.806851311953351802e-01
9.826417704011064513e-01
9.790767903364969715e-01
9.721030042918454850e-01
9.730353375527426296e-01
9.845556908094947879e-01
9.794616660288302246e-01
9.801912568306010431e-01
9.791147994467497284e-01
9.827109266943292454e-01
9.703551912568304516e-01
9.745752123938031808e-01
9.860069965017491667e-01
9.726775956284152702e-01
9.753112033195020514e-01
9.762571788765933567e-01
9.914147864339436511e-01
9.807580174927112981e-01
9.823213393303349417e-01
9.784902597402597157e-01
9.777705345501955803e-01
9.774052478134110933e-01
9.708642667040201513e-01
9.784283513097071783e-01
9.819071945508727195e-01
9.767194157029823742e-01
9.960234680573663013e-01
9.823188014576866856e-01
9.870519198877407696e-01
9.797601199400298722e-01
9.732008995502248183e-01
9.949385882035363116e-01
9.826961519240380305e-01
9.828875467356917861e-01
9.867701404286769451e-01
9.781859931113663364e-01
9.849302744039586388e-01
9.788787483702737768e-01
9.764164509634742917e-01
9.766623207301172727e-01
9.768478573482888283e-01
9.900448312236287407e-01
9.866419294990723676e-01
9.924416250506141735e-01
9.863102998696218204e-01
9.754167250315169957e-01
9.760204081632652962e-01
9.847482791199891894e-01
9.792065314453374247e-01
9.804644808743169238e-01
9.792205924647685578e-01
9.834024896265560756e-01
9.754581673306773615e-01
9.723760932944605084e-01
9.785914365746298804e-01
9.863762102351314454e-01
9.805670816044259608e-01
9.784983891301303194e-01
9.916271097046414074e-01
9.833178869323447868e-01
9.915566907904073135e-01
9.882653061224488944e-01
9.885118685331710786e-01
9.857923497267759849e-01
9.763779527559054427e-01
9.859437751004015427e-01
9.767175057362667001e-01
9.802043422733077715e-01
9.829714772243507426e-01
9.889135254988913326e-01
9.849007765314927720e-01
9.829875518672198664e-01
9.887323943661971981e-01
9.870614912631719973e-01
9.808341206640570631e-01
9.661897691996220727e-01
9.889867841409691884e-01
9.916909620991254393e-01
9.781347010392765773e-01
9.775254865616311850e-01
9.874827109266943737e-01
9.859571322985957176e-01
9.862329599136184788e-01
9.782576098365571848e-01
9.777322404371585618e-01
9.848718307886259460e-01
9.733258370814593663e-01
9.804473524041388277e-01
9.890733645522917783e-01
9.864666258420085043e-01
9.738186462324393000e-01
9.891965916007303683e-01
9.748633879781419820e-01
9.894882434301521812e-01
9.865616311399444394e-01
9.720398889169401535e-01
9.836099585062241246e-01
9.743426294820717315e-01
9.836811878414343235e-01
9.915300546448087005e-01
9.802213001383126567e-01
9.881005173688101051e-01
9.768478573482888283e-01
9.879098360655738098e-01
9.794605809128630325e-01
9.792819543798083615e-01
9.792698826597131534e-01
9.883921568627450638e-01
9.803712720632988820e-01
9.751653394520177764e-01
9.780457637600494802e-01
9.827800829875518174e-01
9.737021857923496837e-01
9.890733056708160831e-01
9.874509803921568407e-01
9.815665263426457399e-01
9.781341107871719398e-01
9.868403293291941880e-01
9.765319426336376285e-01
9.825726141078837683e-01
9.787606196901549316e-01
9.709219858156027394e-01
9.861643252447850339e-01
9.820675105485232592e-01
9.710487245242273024e-01
9.864354163854770485e-01
9.887955182072828419e-01
9.825776019476568646e-01
9.936143039591316395e-01
9.825870646766169392e-01
9.768331084120558394e-01
9.901299350324838100e-01
9.880704041720992370e-01
9.787568306010929753e-01
9.877373417721518889e-01
9.704702627939143511e-01
9.874353288987435251e-01
9.828598105909031046e-01
9.821910032638001553e-01
9.842572062084258278e-01
9.814868804664722557e-01
9.833090379008745385e-01
9.806693989071038065e-01
9.728813559322033733e-01
9.893741851368970108e-01
9.838034822513159749e-01
9.802874472573840370e-01
9.859924359153942053e-01
9.893487522824102598e-01
9.807305148116193250e-01
9.928286852589641720e-01
9.823253476294186992e-01
9.854834637717748702e-01
9.867296446243813968e-01
9.826432719010351757e-01
9.791400595998297485e-01
9.824629271437781419e-01
9.792819543798082504e-01
9.878134192463929875e-01
9.836065573770492731e-01
9.844108516668916842e-01
9.884615384615385025e-01
9.783858070964517317e-01
9.669974115616911670e-01
9.704706640876853418e-01
9.757383966244725926e-01
9.892148403796375833e-01
9.851092896174863389e-01
9.849726775956284541e-01
9.820355191256830985e-01
9.734364925854287476e-01
9.789981552433659751e-01
9.875364431486880479e-01
9.904172099087353853e-01
9.864864864864864025e-01
9.807256235827664925e-01
9.686316586720524757e-01
9.825280414150129316e-01
9.934407796101948351e-01
9.783755274261602963e-01
9.835411122005882634e-01
9.787852987086703704e-01
9.883319442790807763e-01
9.770114942528735913e-01
9.794681508967223449e-01
9.852920577111640155e-01
9.821877309682188750e-01
9.836065573770491621e-01
9.800586901427237319e-01
9.813668600902644146e-01
9.839686947740471368e-01
9.780781622075921389e-01
9.894756984309224235e-01
9.825457641549595333e-01
9.908219732757457265e-01
9.843115282252415943e-01
9.810562571756601402e-01
9.816703621581669426e-01
9.792981570310527184e-01
9.750000000000000888e-01
9.711154094132816716e-01
9.625527426160337408e-01
9.815124771758977351e-01
9.956268221574342547e-01
9.839135021097046296e-01
9.864827006583555269e-01
9.845916795069338256e-01
9.758196721311476196e-01
9.808011225921673404e-01
9.732390810401413406e-01
9.805294859223979698e-01
9.940872135994087699e-01
9.788617886178863081e-01
9.703357737944963146e-01
9.789813023855576946e-01
9.858610110710951391e-01
9.915629322268326717e-01
9.843294460641399679e-01
9.753157290470724217e-01
9.817371297095196514e-01
9.931305855675602867e-01
9.825098039215686141e-01
9.827560353876143573e-01
9.857893110905159295e-01
9.725790513833992845e-01
9.942600276625171984e-01
9.894393741851369439e-01
9.819528329019269197e-01
9.900398406374502080e-01
9.892430278884462025e-01
9.904324531190202840e-01
9.888639865527385497e-01
9.892148403796375833e-01
9.795335186901451552e-01
9.841530054644808123e-01
9.722923504165614794e-01
9.892037786774628971e-01
9.835335402888378820e-01
9.794303797468354444e-01
9.857605614792820381e-01
9.726627981947131296e-01
9.832542194092827037e-01
9.813098548038308166e-01
9.885290148448042657e-01
9.805995130858186082e-01
9.846308310163732758e-01
9.836065573770491621e-01
9.839686947740470258e-01
9.735297869626227119e-01
9.805641787015790811e-01
9.869140063272936469e-01
9.794398907103825103e-01
9.870430032217397676e-01
9.860891350210970741e-01
9.827437446074201999e-01
9.795518963422863434e-01
9.707233065442021358e-01
9.689229459344401718e-01
9.810511756569847419e-01
9.735257038800951834e-01
9.872675490031831425e-01
9.798225887056472017e-01
9.733606557377050272e-01
9.861319340329834926e-01
9.908894587663652498e-01
9.827560353876143573e-01
9.797773654916512864e-01
9.852881630449452643e-01
9.889955982392957257e-01
9.851775956284153368e-01
9.806488801054017435e-01
9.854040839804428797e-01
9.822959889349930362e-01
9.821428571428572063e-01
9.900414937759336453e-01
9.492225801933044105e-01
9.768950437317784896e-01
9.726152122145959034e-01
9.798063623789765586e-01
9.788610871440898142e-01
9.780888618381010646e-01
9.828957334006563906e-01
9.846473029045643699e-01
9.894305435720448516e-01
9.850857065730868056e-01
9.888639865527385497e-01
9.857122846337023070e-01
9.810511756569847419e-01
9.898175912043978286e-01
9.903505037604655170e-01
9.813008130081301017e-01
9.831286273451208535e-01
9.840000000000000968e-01
9.763972545174394169e-01
9.689032077321753089e-01
9.787878787878787623e-01
9.828421992601096280e-01
9.734479610468654842e-01
9.730290456431535118e-01
9.823061928325087511e-01
9.746254555270617015e-01
9.867484177215190000e-01
9.829446064139941708e-01
9.843115282252415943e-01
9.753214941824863704e-01
9.837157172995780741e-01
9.814399775878974719e-01
9.797372060857538756e-01
9.830850795253722740e-01
9.853128991060026154e-01
9.799919967987195113e-01
9.787852987086703704e-01
9.834879406307978078e-01
9.795765027322402840e-01
9.839458413926499558e-01
9.699162764296862527e-01
9.736177732895733294e-01
9.733376792698825719e-01
9.810181190681622754e-01
9.843015214384508438e-01
9.837519511849013298e-01
9.781347010392766883e-01
9.823862869483060978e-01
9.751457725947521027e-01
9.771533986093373647e-01
9.698478561549100929e-01
9.754505463317723057e-01
9.785407725321888517e-01
9.772547468354431111e-01
9.804193037974683334e-01
9.779391424619640061e-01
9.890733645522916673e-01
9.848484848484848619e-01
9.775254865616310740e-01
9.825087456271863751e-01
9.815214265171124941e-01
9.839999999999998748e-01
9.629499929962179738e-01
9.800392211794368702e-01
9.692266162775002858e-01
9.838431372549020226e-01
9.899419729206963003e-01
9.893855485232067037e-01
9.737812028815546750e-01
9.827706961759349324e-01
9.743440233236151382e-01
9.885284810126582222e-01
9.787260358688929518e-01
9.835382513661201642e-01
9.721896465069524984e-01
9.642163998059195551e-01
9.771314741035855844e-01
9.786962622783518251e-01
9.883638427699730222e-01
9.791007383966245925e-01
9.847078514911746794e-01
9.865337796713329332e-01
9.835181079083518130e-01
9.841409097044135912e-01
9.779140295358649260e-01
9.738589211618257080e-01
9.898305084745762095e-01
9.790767903364969715e-01
9.817442719881743773e-01
9.810009267840592573e-01
9.790779062690201373e-01
9.841805368121157027e-01
9.680159920039980159e-01
9.813098548038307056e-01
9.845342066957787353e-01
9.852607709750567100e-01
9.798893237953839597e-01
9.862527031201729910e-01
9.878818480181772443e-01
9.802286067346308585e-01
9.807745504840940098e-01
9.872544609386715297e-01
9.871297095197009153e-01
9.738359201773836293e-01
9.828492392807745004e-01
9.863387978142077461e-01
9.908894587663652498e-01
9.760792729108811461e-01
9.830611418545012192e-01
9.740590793222372312e-01
9.849273042550353852e-01
9.887295081967213406e-01
9.892698069914968029e-01
9.919470808167961673e-01
9.875950380152060948e-01
9.922367782629791799e-01
9.765672550213024827e-01
9.800443458980043765e-01
9.878487201610584023e-01
9.839269040949714107e-01
9.758762594011636260e-01
9.785615491009681532e-01
9.816939890710382199e-01
9.898035687509372238e-01
9.814592503668132517e-01
9.830611418545013303e-01
9.855581050074234684e-01
9.840059387231744337e-01
9.888013592832870513e-01
9.887921940928270370e-01
9.558527466206500067e-01
9.744857594936708889e-01
9.850702143385070553e-01
9.857240437158469870e-01
9.764672923378624469e-01
9.856422468132791659e-01
9.838205897051474080e-01
9.829107718167811036e-01
9.937459703417149681e-01
9.760027662517288816e-01
9.871244635193133776e-01
9.855447352404138606e-01
9.732197200243457580e-01
9.893499308437068152e-01
9.815352697095436341e-01
9.814723320158103004e-01
9.917861799217730923e-01
9.840079960019989525e-01
9.934071729957806296e-01
9.870867035617993945e-01
9.692114978902954814e-01
9.840313769435494740e-01
9.819927971188475713e-01
9.761904761904762751e-01
9.761339662447258148e-01
9.785615491009681532e-01
9.864541832669323496e-01
9.863426250175094667e-01
9.719221021742030509e-01
9.790729635182409130e-01
9.915156744319816307e-01
9.896526237989653474e-01
9.869447992053356211e-01
9.896840747904578350e-01
9.849726775956284541e-01
9.816943380161771149e-01
9.884347949482048534e-01
9.831192358366270811e-01
9.714384508990318023e-01
9.777106701179177906e-01
9.840902069817731856e-01
9.798991455385909211e-01
9.662267631616291430e-01
9.757513661202186217e-01
9.747627264883520493e-01
9.804318488529015774e-01
9.887834339948230467e-01
9.792156862745098334e-01
9.847078514911746794e-01
9.859038142620232259e-01
9.852881630449453754e-01
9.724846303793671654e-01
9.891424619640386551e-01
9.862151394422310480e-01
9.860951651996427980e-01
9.831932773109243184e-01
9.743153114800624515e-01
9.855942376950780348e-01
9.754087552742616296e-01
9.802874472573839260e-01
9.832405689548546768e-01
9.838709677419354982e-01
9.826311899482630396e-01
9.871875788942185981e-01
9.854231340261843108e-01
9.756542909312235778e-01
9.732365145228215608e-01
9.808760414036858943e-01
9.893567251461988787e-01
9.845458226481306196e-01
9.686406796601699787e-01
9.701291329643819683e-01
9.814741561181434815e-01
9.881541460488828532e-01
9.822404371584699811e-01
9.773415804089876646e-01
9.770562770562770671e-01
9.888622115512871735e-01
9.812338222605694327e-01
9.895491803278688714e-01
9.756634028664680214e-01
9.775260257195346192e-01
9.771092669432919209e-01
9.946076344543777203e-01
9.920451034908867038e-01
9.823061928325086400e-01
9.977991196478590563e-01
9.826562289107841908e-01
9.851164797239000404e-01
9.860995850622406023e-01
9.799484203739522448e-01
9.871369294605809586e-01
9.782157676348548492e-01
9.823339780786588538e-01
9.916633319994664353e-01
9.802942367391010992e-01
9.773224043715846854e-01
9.848109517601043583e-01
9.701610583836640656e-01
9.827208252740168293e-01
9.894672382118799847e-01
9.809462180040264823e-01
9.875332679647008671e-01
9.842242503259451825e-01
9.871157035336139973e-01
9.933189364286678646e-01
9.863193403298350370e-01
9.840313769435494740e-01
9.855021711724331057e-01
9.821382007822685445e-01
9.897422054258333546e-01
9.800392211794368702e-01
9.888605080175961737e-01
9.871130410421626866e-01
9.783135604031126809e-01
9.845781466113415759e-01
9.916029389713600928e-01
9.840940525587829057e-01
9.739810771470159834e-01
9.791572949467686193e-01
9.912941176470588811e-01
9.771137026239067325e-01
9.892037786774628971e-01
9.667320352990615984e-01
9.695411392405062223e-01
9.832224685883221849e-01
9.811715481171547903e-01
9.809462180040264823e-01
9.840707964601769220e-01
9.735822959889350869e-01
9.793715846994535124e-01
9.707362668967500774e-01
9.874077004219409259e-01
9.901856360316495520e-01
9.934235976789167477e-01
9.753466872110939656e-01
9.690432833730213691e-01
9.797913950456322851e-01
9.811976727685540745e-01
9.850065189048240466e-01
9.827560353876143573e-01
9.901947051407760103e-01
9.835600907029479201e-01
9.829931972789115457e-01
9.863278644791250160e-01
9.875518672199169457e-01
9.891424619640386551e-01
9.780531260123096482e-01
9.890733645522917783e-01
9.750154607297464304e-01
9.862669245647969207e-01
9.808067176488228789e-01
9.753062540296583149e-01
9.674314345991562591e-01
9.813315339631129008e-01
9.825918762088974301e-01
9.821892393320964532e-01
9.903294651193811360e-01
9.804594481019750507e-01
9.838192419825072532e-01
9.875364431486880479e-01
9.877433814259699574e-01
9.735822959889349759e-01
9.789813023855576946e-01
9.878750765462339656e-01
9.813603164942179546e-01
9.759076798488325322e-01
9.632941176470587452e-01
9.718379446640316166e-01
9.870901639344261680e-01
9.826508483224900559e-01
9.839265212399540550e-01
9.915156744319816307e-01
9.884191771946874150e-01
9.846326836581709152e-01
9.702547685740962047e-01
9.865900383141762431e-01
9.840379008746354961e-01
9.833985693075988355e-01
9.787735849056603543e-01
9.808905380333952095e-01
9.804193037974684444e-01
9.875000000000000444e-01
9.848017929682028049e-01
9.847317551477797748e-01
9.817622950819671068e-01
9.751900760304121896e-01
9.726676384839650913e-01
9.828598105909031046e-01
9.826060878692458589e-01
9.718533886583679005e-01
9.841014147639725040e-01
9.882607352486870722e-01
9.769405420746416491e-01
9.847745750184774272e-01
9.756078431372549042e-01
9.779695091305077304e-01
9.770114942528735913e-01
9.874173137762439767e-01
9.820675105485232592e-01
9.887974085571601401e-01
9.779322445674180075e-01
9.848547717842323079e-01
9.915643136725604823e-01
9.818920916481892469e-01
9.803254635187408361e-01
9.831551668286362400e-01
9.869440279860069998e-01
9.752933507170795657e-01
9.798387096774192617e-01
9.864603481624758530e-01
9.879534948872392697e-01
9.761449164434239378e-01
9.812586445366527910e-01
9.822268326417704642e-01
9.905520313132677446e-01
9.813969571230982680e-01
9.894125683060108756e-01
9.834660547982184697e-01
9.935307456315859431e-01
9.734075448361162453e-01
9.786670032819995146e-01
9.842431434599157036e-01
9.900874635568512883e-01
9.799215686274509451e-01
9.850699650174912225e-01
9.917638483965014462e-01
9.705394190871369231e-01
9.862209915611814814e-01
9.861799217731421763e-01
9.913298565840940046e-01
9.733549582947172985e-01
9.749654218533886363e-01
9.790457769181173386e-01
9.843859649122808086e-01
9.751667376188449810e-01
9.899590163934426368e-01
9.897181478285879130e-01
9.709038121686444089e-01
9.715667311411992912e-01
9.814414900796327723e-01
9.865777338603425317e-01
9.772953029658010271e-01
9.799704360679970527e-01
9.930899608865710881e-01
9.835438193647149108e-01
9.752049180327868605e-01
9.788610871440895922e-01
9.792205924647685578e-01
9.853556485355647876e-01
9.830007390982999915e-01
9.851384105115449374e-01
9.861788617886179109e-01
9.729672200936568816e-01
9.840129749768303791e-01
9.828544949026875033e-01
9.857354028085736353e-01
9.840163934426228165e-01
9.815124771758977351e-01
9.847569744032211858e-01
9.843815660456647354e-01
9.922662125727259586e-01
9.808808016877638147e-01
9.808328230251072144e-01
9.705394190871369231e-01
9.766763848396501357e-01
9.821176470588235397e-01
9.805591031644671496e-01
9.703352769679300938e-01
9.833725490196078001e-01
9.879875826697260832e-01
9.787420704548522865e-01
9.759361814345991482e-01
9.870273794002607515e-01
9.712099125364432872e-01
9.928798793767800168e-01
9.863528481012657778e-01
9.872995600964949992e-01
9.804473524041388277e-01
9.784922394678492452e-01
9.841434262948207667e-01
9.787785404118224397e-01
9.726141078838174137e-01
9.870250231696015009e-01
9.852607709750568210e-01
9.726124592024975035e-01
9.860504609412905630e-01
9.820078226857887893e-01
9.856866537717601240e-01
9.857142857142856540e-01
9.848484848484848619e-01
9.816166883963495238e-01
9.715846994535519698e-01
9.787785404118224397e-01
9.910337552742616296e-01
9.717201166180757799e-01
9.785914365746298804e-01
9.887115329306873646e-01
9.702329594477997476e-01
9.782696720205156238e-01
9.832599706549286500e-01
9.882558720639680327e-01
9.680118774463489784e-01
9.901034637876742206e-01
9.788381742738588853e-01
9.786443148688046545e-01
9.776119402985075091e-01
9.800979791794243168e-01
9.836099585062240136e-01
9.781996325780771828e-01
9.915299453114579942e-01
9.720304860511935763e-01
9.845528455284552338e-01
9.790249433106577026e-01
9.778481012658227778e-01
9.890673505196383442e-01
9.784010315925208978e-01
9.809766763848396520e-01
9.791400595998297485e-01
9.904232313870868776e-01
9.812547336531179942e-01
9.751653394520178875e-01
9.802043422733077715e-01
9.808096372040902011e-01
9.756542909312233558e-01
9.905737704918032849e-01
9.745626822157433811e-01
9.815717141429285419e-01
9.762148337595907277e-01
9.726654298082868522e-01
9.817591204397800864e-01
9.901107594936708889e-01
9.741315594974131464e-01
9.845938375350139493e-01
9.883196721311475752e-01
9.859767299448868316e-01
9.865703873667160950e-01
9.869029275808937074e-01
9.730920347660435565e-01
9.716191287072513116e-01
9.873705122747268303e-01
9.827185792349726334e-01
9.834660547982183587e-01
9.809782608695651884e-01
9.870663420572125535e-01
9.856930759886624038e-01
9.616084425036389716e-01
9.876925018934612499e-01
9.874509803921567297e-01
9.757513661202185107e-01
9.825034578146610853e-01
9.810557684120901900e-01
9.785684269505532384e-01
9.829931972789115457e-01
9.779009608277901000e-01
9.690825424216278350e-01
9.886621315192744008e-01
9.841067120760607079e-01
9.702339263202128805e-01
9.966274509803921822e-01
9.810897884857823215e-01
9.758570094704548392e-01
9.818774445893090341e-01
9.879400260756192598e-01
9.833933573429370911e-01
9.832464146023468521e-01
9.928098935864251295e-01
9.893335016409997573e-01
9.818122555410692121e-01
9.866928141196246171e-01
9.790729635182409130e-01
9.776053215077605829e-01
9.852920577111641265e-01
9.782786885245901010e-01
9.868318122555410632e-01
9.903245560318432172e-01
9.917349726775954721e-01
9.782882756688612291e-01
9.775878974646309283e-01
9.848547717842324190e-01
9.869986168741355925e-01
9.841409097044134802e-01
9.805327868852458106e-01
9.863070539419086513e-01
9.905867182462926301e-01
9.846994535519124625e-01
9.746176160337552963e-01
9.806147667593451134e-01
9.893419833178869194e-01
9.749999999999999778e-01
9.750566893424036374e-01
9.869616519174041480e-01
9.860610911031079118e-01
9.799446749654218136e-01
9.780109945027486429e-01
9.836748633879781600e-01
9.741326841144247739e-01
9.850290903930751796e-01
9.846128927761580441e-01
9.775749674054758920e-01
9.836809990066693876e-01
9.844752186588920928e-01
9.821023647554258940e-01
9.778647590767984843e-01
9.756569294384420665e-01
9.833189531205063227e-01
9.865692153923039109e-01
9.894047779727358494e-01
9.786839666357738388e-01
9.734685073339085504e-01
9.778207607994842121e-01
9.850622406639005790e-01
9.813747228381375365e-01
9.684262806868171314e-01
9.851311953352769324e-01
9.867219917012448605e-01
9.836601307189541954e-01
9.778606208155812274e-01
9.846807936293695551e-01
9.813258636788048106e-01
9.856946526736631853e-01
9.851883807880356114e-01
9.777322404371584508e-01
9.601840736294519063e-01
9.754889178617992540e-01
9.834144856968958237e-01
9.858093126385809590e-01
9.849043715846993452e-01
9.910669665167416431e-01
9.899145538590838900e-01
9.829265039349073252e-01
9.680497925311203344e-01
9.779380865667460787e-01
9.917472598323662236e-01
9.721249474716346928e-01
9.852672750977835570e-01
9.797590698977448609e-01
9.840747904577691330e-01
9.819502074688797322e-01
9.637855142056822588e-01
9.843255680184066492e-01
9.849726775956284541e-01
9.815027426967726232e-01
9.859223980949711752e-01
9.863547758284600953e-01
9.769825918762088390e-01
9.858542559706062747e-01
9.838813668600902007e-01
9.763346613545816899e-01
9.780584258196197700e-01
9.821964017991005047e-01
9.752768987341772222e-01
9.881509862352773066e-01
9.812298641266283816e-01
9.829875518672198664e-01
9.873513151281620992e-01
9.850819442498949252e-01
9.804738659364209408e-01
9.786998616874136303e-01
9.817652901944089461e-01
9.914602346805736488e-01
9.832623250152161543e-01
9.813333333333333908e-01
9.771676705420927478e-01
9.837157172995780741e-01
9.789513968618445139e-01
9.861754711152300734e-01
9.832224685883221849e-01
9.828552803129074755e-01
9.882219384135093598e-01
9.907103825136611697e-01
9.782786885245902120e-01
9.647050884059927833e-01
9.793350717079530865e-01
9.782696720205156238e-01
9.839043824701195762e-01
9.906870022945066800e-01
9.833189531205062117e-01
9.810009267840593683e-01
9.615439193983255084e-01
9.819689592209372986e-01
9.901353965183752326e-01
9.909745013885382647e-01
9.898907103825136389e-01
9.787852987086702594e-01
9.849129593810445060e-01
9.897119341563787032e-01
9.882928905917411910e-01
9.707787825617492095e-01
9.812999019470513007e-01
9.837512256618573536e-01
9.834627552487776869e-01
9.871948779511804384e-01
9.883125864453665699e-01
9.808096372040903121e-01
9.851764705882353201e-01
9.902085994040017436e-01
9.851576994434136925e-01
9.888526727509778791e-01
9.786023500309215528e-01
9.874414644529587726e-01
9.823355506282335226e-01
9.767849912268862234e-01
9.833208395802099933e-01
9.860735009671178775e-01
9.912156862745097330e-01
9.892327530625403265e-01
9.730980392156862724e-01
9.889941690962098519e-01
9.865796971060128984e-01
9.917472598323662236e-01
9.768805495057798494e-01
9.813809644029285462e-01
9.883183408295852512e-01
9.833702882483369434e-01
9.853801169590643561e-01
9.858807978851237275e-01
9.829261708732622838e-01
9.739718147828587691e-01
9.762749445676275339e-01
9.893855485232069258e-01
9.834945196647324472e-01
9.812326227988878991e-01
9.853941576630651511e-01
9.683743169398907336e-01
9.818181818181818121e-01
9.801349325337331830e-01
9.811952191235059351e-01
9.702623906705538648e-01
9.855136733185513309e-01
9.810365771359158549e-01
9.854550907182485497e-01
9.799755052051438708e-01
9.820399113082040055e-01
9.877510651247717322e-01
9.883638427699730222e-01
9.836713866564612552e-01
9.787891860799540211e-01
9.863387978142077461e-01
9.775672173631356765e-01
9.781649421789408994e-01
9.767175057362668111e-01
9.771533986093372537e-01
9.894514767932489629e-01
9.852005532503458340e-01
9.751128304319793827e-01
9.880466472303207626e-01
9.726008908084762261e-01
9.759452411994784526e-01
9.869918699186992495e-01
9.860232067510549259e-01
9.771865889212827394e-01
9.726557289582500321e-01
9.911309777210161043e-01
9.833309987393191731e-01
9.885838352710463184e-01
9.803533755274261852e-01
9.770003239390993022e-01
9.863387978142077461e-01
9.857887874837026887e-01
9.781341107871719398e-01
9.810559951308582827e-01
9.749999999999999778e-01
9.818809318377911266e-01
9.796281645569621110e-01
9.823061928325086400e-01
9.779391424619640061e-01
9.875989044430919517e-01
9.893957583033214931e-01
9.854255970606246029e-01
9.780888618381010646e-01
9.760204081632652962e-01
9.790582899826597574e-01
9.833655705996131591e-01
9.834660547982183587e-01
9.846033773236837483e-01
9.810511756569847419e-01
9.854548034624663888e-01
9.870901639344262790e-01
9.940677966101694185e-01
9.827259475218658169e-01
9.807373389462941127e-01
9.767246937459703737e-01
9.833333333333333925e-01
9.853498542274051752e-01
9.816044260027662061e-01
9.824254412659768620e-01
9.782103825136611031e-01
9.816959064327483997e-01
9.875683060109289313e-01
9.872340425531915820e-01
9.833309987393191731e-01
9.892843474933027403e-01
9.861516034985422507e-01
9.784860557768925160e-01
9.909281751387014614e-01
9.785058175137784087e-01
9.631330526852914797e-01
9.785015818234109597e-01
9.819813740045889583e-01
9.871720116618075691e-01
9.826964671953857255e-01
9.785073839662447037e-01
9.823908104014137388e-01
9.844614729672201969e-01
9.762726488352028165e-01
9.858299595141700733e-01
9.759237028144590598e-01
9.824905448942429231e-01
9.798893237953839597e-01
9.762897744825456137e-01
9.864816149963950842e-01
9.827267932489451852e-01
9.852672750977835570e-01
9.751900760304121896e-01
9.824596505268774482e-01
9.842894393741851156e-01
9.900874635568512883e-01
9.858299595141700733e-01
9.788573999100315115e-01
9.708575112830432063e-01
9.893617021276595036e-01
9.847661396574439729e-01
9.885267275097784356e-01
9.784232365145227872e-01
9.763272166970163868e-01
9.957902793723689694e-01
9.929047821768127724e-01
9.831076724693745827e-01
9.826608649789030370e-01
9.777106701179176795e-01
9.868802742616034074e-01
9.853128991060025044e-01
9.701213818860877636e-01
9.697106012895486682e-01
9.860655737704918655e-01
9.820062977957715322e-01
9.807395993836671710e-01
9.823329076202639287e-01
9.773280584297018292e-01
9.826086956521739024e-01
9.911656118143459260e-01
9.865616311399444394e-01
9.890836653386454458e-01
9.819426336375488562e-01
9.798839458413926007e-01
9.766623207301173837e-01
9.859223980949712862e-01
9.825428194993413022e-01
9.903686694731470563e-01
9.751667376188449810e-01
9.939271255060728727e-01
9.750588235294117556e-01
9.796680497925310815e-01
9.836734693877551283e-01
9.857370517928286668e-01
9.757621189405297768e-01
9.807516737674984997e-01
9.858964143426294235e-01
9.871022551745443074e-01
9.817591204397800864e-01
9.807923169267707131e-01
9.829313543599258463e-01
9.820049428483162979e-01
9.876901798063624227e-01
9.842842716485736831e-01
9.760928961748633892e-01
9.688159282700421482e-01
9.689229459344400608e-01
9.873188405797101996e-01
9.847046413502109630e-01
9.814544865565274501e-01
9.895643647569688506e-01
9.872985170857511150e-01
9.815089755702524066e-01
9.742848447961045544e-01
9.766551856104094265e-01
9.809800128949064391e-01
9.830598906229158773e-01
9.685522151898733334e-01
9.887657058388766851e-01
9.782103825136612141e-01
9.716346827286734822e-01
9.798677020419902517e-01
9.810790835181079084e-01
9.784153005464479858e-01
9.724556489262370373e-01
9.931176387115084880e-01
9.808148734177215555e-01
9.883379672536299898e-01
9.735655737704917989e-01
9.822268326417703532e-01
9.894308943089430430e-01
9.770891189093663387e-01
9.816939890710382199e-01
9.864825999424791103e-01
9.767954960438222090e-01
9.725349969567863573e-01
9.788629737609328973e-01
9.672020515589149214e-01
9.703389830508474256e-01
9.780458860759494444e-01
9.817789175327304996e-01
9.836317135549872415e-01
9.726092896174862723e-01
9.867486338797815115e-01
9.815071951527392091e-01
9.806866952789698999e-01
9.814467766116941050e-01
9.812842361533780089e-01
9.768366574097450128e-01
9.835390946502056142e-01
9.628164556962025555e-01
9.774328984855300551e-01
9.873629916183107591e-01
9.726598702502318172e-01
9.800669506999392100e-01
9.821403557921277727e-01
9.748370273794001450e-01
9.849507355918476481e-01
9.906420765027321718e-01
9.912452724471214616e-01
9.841093865484109582e-01
9.882801265458730500e-01
9.826839826839827152e-01
9.758259982140579103e-01
9.898584003061614567e-01
9.915003695491499958e-01
9.784922394678492452e-01
9.872544609386714187e-01
9.878691983122362963e-01
9.805591031644672606e-01
9.738156296396275335e-01
9.829787234042552946e-01
9.751243781094528496e-01
9.806010928961749196e-01
9.868970013037809963e-01
9.648613797549968618e-01
9.804822043628013128e-01
9.885568513119532552e-01
9.799719351958158242e-01
9.851714550509731438e-01
9.812907431551499693e-01
9.790348101265822223e-01
9.868471953578337175e-01
9.768662232076865681e-01
9.853825136612022195e-01
9.825712143928035935e-01
9.807040417209909045e-01
9.891429393155019012e-01
9.822652953586498148e-01
9.859073914293932095e-01
9.817513778322106699e-01
9.765276183186629710e-01
9.812390336077743136e-01
9.828326180257510591e-01
9.907434402332360168e-01
9.641350210970464074e-01
9.858254219409283703e-01
9.849795722182168589e-01
9.841063698206555799e-01
9.655776892430277814e-01
9.887295081967213406e-01
9.862869198312236296e-01
9.848484848484847509e-01
9.923158855751673668e-01
9.722946544980443084e-01
9.769181173436491950e-01
9.811379097093382295e-01
9.756968763132091160e-01
9.756374652865437147e-01
9.721192462156318381e-01
9.886827458256028933e-01
9.921459492888063947e-01
9.892972275950998595e-01
9.834699453551912773e-01
9.726368159203979680e-01
9.792349726775956276e-01
9.890027322404369992e-01
9.861949956859361599e-01
9.837398373983740063e-01
9.846295162278015933e-01
9.781620802827568628e-01
9.827063872759403962e-01
9.862329599136184788e-01
9.776095617529879656e-01
9.868088866447866092e-01
9.826432719010350647e-01
9.741326841144248849e-01
9.848396501457725716e-01
9.705009276437848165e-01
9.836748633879781600e-01
9.860933730665532027e-01
9.717601547388780014e-01
9.836713866564612552e-01
9.795294117647058707e-01
9.890482398956975674e-01
9.724726775956283875e-01
9.801319538161643585e-01
9.865437158469945178e-01
9.885439763488543807e-01
9.834162520729685664e-01
9.733226623982925707e-01
9.856154910096818211e-01
9.880266075388026703e-01
9.756276791181873742e-01
9.765373301582853660e-01
9.785686949866053697e-01
9.795918367346938549e-01
9.728750923872874212e-01
9.938070404172099082e-01
9.961964038727524340e-01
9.897068511198945373e-01
9.751941328731664749e-01
9.662447257383965926e-01
9.796865489957394812e-01
9.749803921568627185e-01
9.600076540375048761e-01
9.616192744081802912e-01
9.852459016393441127e-01
9.730920347660435565e-01
9.878134192463932095e-01
9.882219384135093598e-01
9.869078148198138223e-01
9.728142076502732660e-01
9.758584495426599892e-01
9.851709947495388420e-01
9.908532013795171567e-01
9.649934810951761310e-01
9.843195686107563125e-01
9.645371577574968214e-01
9.767273206751054815e-01
9.770210739373734743e-01
9.825801565261297332e-01
9.757085020242914908e-01
9.783246631986126651e-01
9.842486164325244813e-01
9.790091264667536430e-01
9.796747967479675356e-01
9.856573705179283440e-01
9.767273206751054815e-01
9.779371584699453335e-01
9.898053753475438699e-01
9.809426229508196871e-01
9.787690179806363133e-01
9.875621890547263693e-01
9.846473029045642589e-01
9.903173413293353544e-01
9.901998710509348767e-01
9.881830601092895794e-01
9.874135546334716906e-01
9.807256235827664925e-01
9.868804664723032083e-01
9.910702895777522281e-01
9.767492711370262537e-01
9.886476514829005691e-01
9.879875826697259722e-01
9.754352814144959805e-01
9.898340248962654853e-01
9.858913502109705185e-01
9.847856154910095139e-01
9.858955324605209736e-01
9.746254555270617015e-01
9.822616407982260878e-01
9.860515021459226315e-01
9.853941576630652621e-01
9.835497835497835073e-01
9.860224208883213715e-01
9.792300669506999178e-01
9.946011607504385843e-01
9.887978142076502275e-01
9.844763670064875516e-01
9.805922368947580514e-01
9.806755934266585539e-01
9.835179324894516295e-01
9.802063185041908211e-01
9.812999019470514117e-01
9.859507084176687419e-01
9.845948568655992217e-01
9.797913950456323962e-01
9.806695615632442520e-01
9.824453551912568638e-01
9.701992031872509470e-01
9.774891774891775187e-01
9.756974403221166936e-01
9.646857923497267340e-01
9.839480874316939296e-01
9.796585300786982975e-01
9.843255680184066492e-01
9.781966001478196171e-01
9.853321829163073087e-01
9.851678868972481018e-01
9.860610430185051678e-01
9.869029275808938184e-01
9.734972677595626900e-01
9.772547468354430000e-01
9.884705882352941009e-01
9.928098935864251295e-01
9.882638091593315410e-01
9.813776243888409079e-01
9.887657058388764630e-01
9.802063185041908211e-01
9.876543209876543772e-01
9.797262059973924631e-01
9.840059387231745447e-01
9.834016393442622794e-01
9.795800977854473013e-01
9.730497349154253461e-01
9.723374827109266816e-01
9.814890710382512262e-01
9.802267512484815759e-01
9.898470464135020741e-01
9.802213001383125457e-01
9.745891661594644484e-01
9.869140063272936469e-01
9.832113102751830480e-01
9.868088866447866092e-01
9.867014341590613080e-01
9.790789641535909693e-01
9.909735654416506057e-01
9.876366120218579292e-01
9.729508196721311508e-01
9.745901639344262124e-01
9.770998174071819919e-01
9.767932489451476297e-01
9.958144796380090646e-01
9.806589302387621609e-01
9.828156456715559930e-01
9.797590698977447499e-01
9.788047808764940294e-01
9.820355191256830985e-01
9.828529194382852330e-01
9.759472115793954572e-01
9.830084957521239009e-01
9.834716459197787586e-01
9.831862446743760975e-01
9.871281846071762178e-01
9.872567191844299206e-01
9.817260237428303560e-01
9.889240506329113334e-01
9.746565292783779810e-01
9.794970986460347362e-01
9.881309345327337068e-01
9.833985693075988355e-01
9.834441980783443782e-01
9.822103936125508028e-01
9.862209915611814814e-01
9.839686947740469147e-01
9.796448087431692819e-01
9.844763670064875516e-01
9.760154738878142888e-01
9.669421487603306886e-01
9.868421052631579649e-01
9.846303793672215310e-01
9.917960088691796239e-01
9.866932270916334291e-01
9.840313769435494740e-01
9.783371575111351470e-01
9.635593220338982690e-01
9.783705839942321569e-01
9.885919165580183687e-01
9.885235332043842416e-01
9.818167985392575181e-01
9.864481339577125807e-01
9.839135021097047407e-01
9.818037974683544444e-01
9.732528041415012821e-01
9.767926988265972499e-01
9.892842134752766192e-01
9.937176644493717070e-01
9.865067466266866925e-01
9.621181806055755237e-01
9.740242616033755185e-01
9.763800782831691949e-01
9.814868804664723667e-01
9.897265336289726712e-01
9.859277044150993596e-01
9.829446064139940598e-01
9.745816733067728110e-01
9.806851311953352912e-01
9.879285047352274196e-01
9.755924506882361902e-01
9.850409836065574520e-01
9.844155844155844104e-01
9.775510204081632182e-01
9.683955739972338606e-01
9.904214559386972372e-01
9.778544722461891547e-01
9.727358617897151616e-01
9.861325115562403765e-01
9.829204693611472976e-01
9.831075697211155706e-01
9.763800782831690839e-01
9.837935174069627475e-01
9.759334233018444049e-01
9.896344025773917696e-01
9.926637321595305208e-01
9.803546370710549684e-01
9.892867414437733764e-01
9.850409836065574520e-01
9.863502997831355978e-01
9.862668967500719530e-01
9.784296807592751666e-01
9.631406210552891922e-01
9.807668521954236995e-01
9.813227189222291091e-01
9.864612511671335682e-01
9.687230371009490915e-01
9.774478218237848681e-01
9.761776218113105141e-01
9.794963080168777037e-01
9.834637717748043739e-01
9.900908861398636240e-01
9.778481012658226668e-01
9.866983031348863786e-01
9.758865248226950007e-01
9.793643945930400330e-01
9.725054062403460930e-01
9.867729083665338630e-01
9.751087119508171641e-01
9.823842392867414564e-01
9.641189809257035837e-01
9.851441241685142680e-01
9.601659751037344703e-01
9.848832759280521376e-01
9.846617173273567447e-01
9.820062977957714212e-01
9.760245901639343913e-01
9.904382470119521553e-01
9.773579247263457503e-01
9.691287153973721091e-01
9.883196721311474642e-01
9.836557204978257918e-01
9.778481012658226668e-01
9.824641460234680990e-01
9.753629904232313796e-01
9.644529587058321418e-01
9.760083970610285986e-01
9.753379350014380611e-01
9.837512256618574646e-01
9.843115282252415943e-01
9.923658775738899429e-01
9.810444874274659721e-01
9.873454127121081836e-01
9.913864306784661018e-01
9.767251461988303296e-01
9.825819672131147486e-01
9.846617173273568557e-01
9.879951980792316402e-01
9.841530054644808123e-01
9.846317711503347336e-01
9.754167250315169957e-01
9.786324786324785974e-01
9.748829289059174341e-01
9.790249433106575916e-01
9.847518552875695885e-01
9.912171507607191456e-01
9.690241598056417160e-01
9.723346828609986670e-01
9.821721311475410943e-01
9.872758438818565185e-01
9.853333333333333943e-01
9.897648686030429133e-01
9.803193724611291016e-01
9.849507355918477591e-01
9.887753392528061402e-01
9.853128991060026154e-01
9.845938375350140603e-01
9.773511647972389360e-01
9.797376093294460908e-01
9.884540410856199610e-01
9.733856282392492343e-01
9.846907532149419273e-01
9.804878048780487632e-01
9.762352941176469789e-01
9.732082602240518243e-01
9.811924769907963695e-01
9.713968957871396137e-01
9.771908763505401385e-01
9.757501530924679312e-01
9.656705539358599877e-01
9.782470119521912144e-01
9.845781466113416869e-01
9.848157646106087126e-01
9.887834339948230467e-01
9.872544609386715297e-01
9.810557684120903010e-01
9.813740045890133601e-01
9.769709543568465548e-01
9.813747228381375365e-01
9.814399775878974719e-01
9.826417704011064513e-01
9.735822959889349759e-01
9.825293350717080321e-01
9.887115329306872535e-01
9.902745098039215099e-01
9.901041666666665630e-01
9.830335501977293111e-01
9.818840579710144123e-01
9.896174863387978693e-01
9.838229033631332721e-01
9.812682215743440128e-01
9.775242047026280190e-01
9.813057233247052258e-01
9.885827273886974575e-01
9.946793002915451654e-01
9.848600121728544599e-01
9.750503307448949997e-01
9.774501992031873199e-01
9.872567191844300316e-01
9.847046413502109630e-01
9.846850733390853927e-01
9.796448087431692819e-01
9.881261595547309318e-01
9.788934426229508601e-01
9.734972677595628010e-01
9.847164591977869419e-01
9.907966637906242546e-01
9.738186462324393000e-01
9.797543528141449132e-01
9.879098360655736988e-01
9.688210047967685812e-01
9.843326885880077093e-01
9.781245831665998924e-01
9.835382513661201642e-01
9.715447154471543723e-01
9.834660547982183587e-01
9.771838331160366264e-01
9.834300451321728032e-01
9.863670790204493999e-01
9.819261037748432397e-01
9.875151842353895315e-01
9.807171314741036650e-01
9.817927170868346876e-01
9.713353199943237648e-01
9.827852998065763623e-01
9.838797814207650427e-01
9.905090595340810822e-01
9.888010540184453134e-01
9.959783755274261852e-01
9.775273224043715681e-01
9.776625172890732740e-01
9.875092387287509599e-01
9.724589166159465226e-01
9.820760799484203885e-01
9.827259475218659279e-01
9.816233858379452837e-01
9.805617147080561979e-01
9.823811665916928337e-01
9.748566093103909758e-01
9.896509113376583677e-01
9.720608575380359495e-01
9.799562682215743337e-01
9.841063698206554688e-01
9.821838304764475280e-01
9.871577574967406177e-01
9.852301694406957466e-01
9.920081967213114638e-01
9.829918032786885140e-01
9.791147994467496174e-01
9.786396381303400505e-01
9.820247339660628239e-01
9.921655580192165758e-01
9.744229990552030207e-01
9.784922394678492452e-01
9.859329446064138969e-01
9.805393586005831663e-01
9.909890733645523309e-01
9.755924506882361902e-01
9.829809566651672714e-01
9.765602530917457669e-01
9.827264239028945525e-01
9.852607709750567100e-01
9.606387449222578701e-01
9.870430032217397676e-01
9.828279443792929948e-01
9.914246196403871947e-01
9.805878750765463225e-01
9.809236947791164507e-01
9.859251369446135893e-01
9.772792637331032539e-01
9.868852459016392853e-01
9.784825311141102100e-01
9.784985422740524186e-01
9.735422740524781737e-01
9.760891159358592306e-01
9.866803278688524026e-01
9.846317711503347336e-01
9.756968763132091160e-01
9.836076030105881385e-01
9.889314601958280049e-01
9.856259097525472690e-01
9.824630801687764814e-01
9.796281645569620000e-01
9.863945578231292366e-01
9.820049428483162979e-01
9.783583134892841482e-01
9.706257982120051198e-01
9.724846303793672764e-01
9.895009129640901513e-01
9.735654416505479247e-01
9.865279445111378998e-01
9.729598893499308288e-01
9.829809566651672714e-01
9.838709677419354982e-01
9.903668956274083168e-01
9.863387978142076351e-01
9.782251956576621943e-01
9.757513661202185107e-01
9.679561573178594447e-01
9.827927215189873333e-01
9.847058823529410976e-01
9.862865161372624812e-01
9.827560353876143573e-01
9.794169253610474080e-01
9.807692307692307265e-01
9.836557204978257918e-01
9.722099039172209523e-01
9.869179600886918147e-01
9.612341772151898889e-01
9.891480401684482615e-01
9.935522567101514602e-01
9.837482710926694907e-01
9.837082560296845912e-01
9.774328984855300551e-01
9.803254635187408361e-01
9.831334332833583378e-01
9.916289592760180183e-01
9.874316939890709355e-01
9.748271092669432702e-01
9.830601092896176230e-01
9.782076079948420766e-01
9.811803673592290886e-01
