9.833908541846420048e-01
9.841392649903288881e-01
9.856413994169096471e-01
9.931535269709543812e-01
9.591679506933743493e-01
9.917012448132779268e-01
9.757669141336321461e-01
9.891929035482258659e-01
9.866223207686621866e-01
9.714480874316939740e-01
9.774478218237848681e-01
9.933304952462040927e-01
9.749838813668600945e-01
9.978429680759275389e-01
9.839384532325549104e-01
9.863771817794806385e-01
9.857605614792819271e-01
9.735655737704917989e-01
9.890054972513743214e-01
9.707953063885267353e-01
9.900497512437811398e-01
9.810511756569848529e-01
9.905776953969724907e-01
9.804664723032070484e-01
9.881363244176013527e-01
9.896492616033755185e-01
9.783365570599613648e-01
9.805097451274362719e-01
9.908083441981747619e-01
9.740576496674058227e-01
9.812586445366527910e-01
9.852195423623995030e-01
9.844752186588920928e-01
9.667116509221772569e-01
9.748508098891730533e-01
9.919470808167960563e-01
9.863387978142076351e-01
9.735132433783109107e-01
9.783171028606209019e-01
9.910096818810512076e-01
9.938642123516073790e-01
9.869322709163347307e-01
9.837306942570100965e-01
9.781341107871719398e-01
9.700216864395968530e-01
9.827259475218659279e-01
9.788844621513944633e-01
9.800995024875622796e-01
9.906282801019643536e-01
9.953725490196078107e-01
9.831032499280989434e-01
9.943907156673112979e-01
9.851273842870481579e-01
9.798833819241983267e-01
9.752586594691858846e-01
9.776470588235294246e-01
9.923133776792313343e-01
9.706643658326142843e-01
9.886039886039885705e-01
9.811224489795917769e-01
9.756147540983606259e-01
9.783095991561181481e-01
9.852769679300291683e-01
9.722441983122362963e-01
9.823504692533968630e-01
9.877444589308996825e-01
9.877551020408164018e-01
9.710698689956331897e-01
9.800796812749004161e-01
9.872099156118143704e-01
9.775956284153005660e-01
9.824254412659768620e-01
9.821382007822685445e-01
9.884625527426160740e-01
9.803129074315515279e-01
9.870991253644315622e-01
9.888622115512872845e-01
9.938884095484612491e-01
9.818464030233499118e-01
9.953436807095343841e-01
9.905475880052151405e-01
9.723350609329037830e-01
9.916317991631798945e-01
9.899482631189948645e-01
9.858093126385809590e-01
9.780781622075921389e-01
9.743230625583566562e-01
9.830746489283074263e-01
9.715481765290194804e-01
9.790300546448087449e-01
9.849581382148431263e-01
9.778077672814514676e-01
9.911309777210159933e-01
9.895643647569688506e-01
9.844763670064875516e-01
9.932291666666666075e-01
9.831485587583148611e-01
9.871022551745443074e-01
9.875683060109289313e-01
9.867486338797815115e-01
9.876259727005995970e-01
9.787915166066426531e-01
9.855021711724331057e-01
9.832058779427199635e-01
9.939603106125970422e-01
9.851949025487255485e-01
9.849129593810445060e-01
9.830746489283075373e-01
9.840540885317003994e-01
9.921914042978510206e-01
9.820655534941249432e-01
9.869078148198137113e-01
9.856676599971619934e-01
9.804644808743169238e-01
9.777210160351922363e-01
9.828552803129074755e-01
9.877049180327869271e-01
9.896032657226687679e-01
9.873294346978558345e-01
9.892726719415703140e-01
9.699548678272083002e-01
9.770549331893643163e-01
9.679921773142110553e-01
9.812390336077743136e-01
9.946666666666665879e-01
9.724757952973720476e-01
9.936669755946863081e-01
9.836099585062241246e-01
9.873070544712335694e-01
9.846994535519124625e-01
9.844262295081966929e-01
9.952760156566338168e-01
9.867319426706399055e-01
9.928278688524589946e-01
9.976830398517145815e-01
9.818810511756569381e-01
9.875364431486879369e-01
9.886297376093293732e-01
9.743589743589744501e-01
9.958916615946440398e-01
9.731557377049180335e-01
9.756268384927860859e-01
9.747718383311604340e-01
9.860495436766623101e-01
9.821685360943341880e-01
9.822732805842970816e-01
9.894308943089431541e-01
9.775298804780876427e-01
9.669995950870562407e-01
9.898004434589801059e-01
9.782576098365571848e-01
9.893537261958313955e-01
9.955175794929262967e-01
9.927286643704553715e-01
9.816044260027663171e-01
9.861147327249022432e-01
9.863754889178618646e-01
9.925854287556414857e-01
9.741982507288630133e-01
9.945089623832366055e-01
9.757513661202186217e-01
9.678278688524589723e-01
9.888922702373706963e-01
9.803894102815520206e-01
9.661717327356773577e-01
9.936727063560539808e-01
9.906343124733929528e-01
9.959677419354838745e-01
9.774631268436578813e-01
9.964049467932125648e-01
9.856930759886624038e-01
9.719383481320155171e-01
9.796821112610585303e-01
9.822619554420319865e-01
9.893227091633465253e-01
9.739124888378619671e-01
9.652934873199190413e-01
9.749472573839662592e-01
9.895052473763118472e-01
9.899608865710559646e-01
9.770534550195566492e-01
9.874837027379400611e-01
9.679205015339469309e-01
9.861799217731421763e-01
9.913030439346228739e-01
9.787878787878787623e-01
9.895833333333333703e-01
9.858805165318574870e-01
9.787852987086703704e-01
9.740848720440558051e-01
9.904422788605696804e-01
9.896536212325686144e-01
9.876033057851240082e-01
9.832542194092825927e-01
9.794002607561929086e-01
9.805617147080561979e-01
9.882456140350877050e-01
9.893290649593170505e-01
9.892698069914968029e-01
9.889178617992177012e-01
9.822513159670671623e-01
9.918404995033348603e-01
9.779308585278734256e-01
9.955765482081272433e-01
9.809016061546769194e-01
9.779371584699454445e-01
9.771838331160365154e-01
9.726152122145959034e-01
9.860624737358172354e-01
9.698734541271211151e-01
9.764572495664932683e-01
9.847745750184775382e-01
9.860224208883212604e-01
9.827237144014038250e-01
9.865796971060127873e-01
9.937368143459915926e-01
9.777825711820535837e-01
9.704548486061090884e-01
9.927640156453716447e-01
9.710133901399878864e-01
9.949623953455370984e-01
9.613797549967763034e-01
9.887895558393642315e-01
9.915983606557376984e-01
9.822404371584698701e-01
9.841776642542925391e-01
9.821403557921276617e-01
9.837935174069627475e-01
9.875332679647009781e-01
9.841098648259993809e-01
9.786307053941909473e-01
9.748566093103909758e-01
9.645427728613569229e-01
9.611734253666954775e-01
9.742503259452413023e-01
9.916589434661724489e-01
9.825034578146611963e-01
9.915966386554622147e-01
9.924242424242424310e-01
9.764475637737886071e-01
9.811445147679325185e-01
9.966832504145937133e-01
9.975609756097560954e-01
9.588126159554730688e-01
9.852602818521714045e-01
9.795765027322402840e-01
9.796008869179601009e-01
9.891441378344305591e-01
9.888648940477797744e-01
9.677595628415300855e-01
9.863945578231292366e-01
9.846131722749495996e-01
9.839840637450198990e-01
9.704808277541083772e-01
9.783755274261602963e-01
9.881051175656985208e-01
9.945241199478487282e-01
9.850606909430439373e-01
9.885245901639344579e-01
9.876208897485493354e-01
9.865963124696748299e-01
9.781467291045835566e-01
9.920469361147326026e-01
9.922183952034697718e-01
9.835589941972920913e-01
9.888639865527384387e-01
9.862798020692757905e-01
9.828235294117646514e-01
9.894119147850491958e-01
9.897230320699708095e-01
9.824263038548752824e-01
9.869477911646585833e-01
9.852220198907410964e-01
9.882082254817371458e-01
9.858276643990929733e-01
9.770980392156862759e-01
9.943827316334259425e-01
9.821928771508603440e-01
9.826810616284300526e-01
9.836065573770492731e-01
9.956268221574343658e-01
9.852020860495436239e-01
9.902489626556016944e-01
9.714708056171470485e-01
9.784305378175109924e-01
9.871695680206318269e-01
9.910351589858523713e-01
9.770569620253164445e-01
9.894393741851369439e-01
9.758369519540552872e-01
9.964981089788486068e-01
9.968781041577976509e-01
9.839615668883960886e-01
9.717601547388782235e-01
9.963347164591978000e-01
9.866618075801748544e-01
9.866071428571429047e-01
9.853274643190610416e-01
9.868471953578337175e-01
9.855300644774328545e-01
9.926515615431720230e-01
9.834024896265559645e-01
9.730353375527426296e-01
9.896509113376582567e-01
9.823188014576866856e-01
9.822366388631448286e-01
9.864301943953547314e-01
9.787600459242249418e-01
9.729344729344728826e-01
9.917220990391721891e-01
9.849507355918477591e-01
9.757261410788381495e-01
9.991429324894515185e-01
9.864827006583554159e-01
9.941908713692946264e-01
9.890040621935844989e-01
9.824630801687763704e-01
9.759336099585061985e-01
9.757952973720607215e-01
9.919114516815666915e-01
9.876054852320674815e-01
9.741199478487614360e-01
9.742629482071712976e-01
9.875364431486880479e-01
9.833908541846420048e-01
9.917861799217730923e-01
9.819672131147541005e-01
9.856728098964908646e-01
9.884462151394421969e-01
9.687230371009489804e-01
9.869753003104332345e-01
9.898096909164529889e-01
9.831812255541069190e-01
9.819672131147541005e-01
9.907330567081604755e-01
9.833767926988266073e-01
9.881195335276967695e-01
9.961013645224171542e-01
9.899859675979079121e-01
9.762333183385814017e-01
9.924790691074216742e-01
9.848288754673568679e-01
9.873931923238549180e-01
9.843092231151933102e-01
9.959016393442623460e-01
9.897811181434599259e-01
9.759053954175905821e-01
9.852979957805907407e-01
9.745750184774575331e-01
9.897230320699708095e-01
9.937614120511260030e-01
9.878415300546448119e-01
9.805148116192119456e-01
9.800128949065118888e-01
9.729866195405200147e-01
9.835057729794571824e-01
9.989357173265218659e-01
9.932270916334661193e-01
9.924611973392462039e-01
9.915611814345992592e-01
9.900221729490021882e-01
9.875151842353894205e-01
9.895772594752186846e-01
9.712309820193637533e-01
9.795081967213115082e-01
9.758899267861651516e-01
9.858254219409282593e-01
9.768715763846621547e-01
9.909427222860058837e-01
9.942622950819672845e-01
9.908022130013831585e-01
9.872752420470262136e-01
9.909153005464480524e-01
9.906296851574213358e-01
9.784482758620689502e-01
9.933060109289617579e-01
9.784923928077454702e-01
9.876733436055470383e-01
9.690648502909038342e-01
9.730320699708454590e-01
9.756371814092953398e-01
9.980287569573284001e-01
9.886571056062583018e-01
9.865160349854227295e-01
9.834710743801653443e-01
9.905448942428911607e-01
9.658010500922379338e-01
9.880553864881315151e-01
9.844850065189048038e-01
9.915643136725604823e-01
9.843092231151933102e-01
9.861944027986007111e-01
9.871939030484757627e-01
9.772573896612228861e-01
9.873813093453274181e-01
9.904371584699452891e-01
9.760532150776052296e-01
9.907513713483862006e-01
9.911530964162543755e-01
9.932203389830507323e-01
9.896462467644521199e-01
9.853976531942634232e-01
9.822404371584699811e-01
9.791666666666667407e-01
9.858998144712429745e-01
9.806316641921987154e-01
9.900260756192958977e-01
9.830508474576271638e-01
9.919096209912535711e-01
9.875826697260089437e-01
9.850746268656715987e-01
9.874316939890710465e-01
9.841098648259993809e-01
9.935684647302904793e-01
9.865338645418326724e-01
9.826530612244898100e-01
9.817927170868346876e-01
9.833333333333332815e-01
9.782849239280774212e-01
9.880235327076621887e-01
9.736946202531645556e-01
9.797652147049737970e-01
9.907762168298566152e-01
9.810495626822157700e-01
9.896530736457699318e-01
9.759562841530055044e-01
9.886078070028481157e-01
9.740500463392028907e-01
9.651100013497098118e-01
9.786433943522067080e-01
9.785014899957429346e-01
9.923133776792313343e-01
9.759131435145239619e-01
9.895573997233748642e-01
9.824249846907532335e-01
9.860610911031079118e-01
9.858955324605209736e-01
9.684842758806856411e-01
9.886295987617572667e-01
9.696793002915451432e-01
9.840734242137939569e-01
9.775254865616310740e-01
9.713001383125864363e-01
9.881744271988173178e-01
9.908219732757457265e-01
9.746588693957115579e-01
9.812841530054644545e-01
9.765373301582854770e-01
9.730134932533733849e-01
9.920115642118076948e-01
9.711224634596282712e-01
9.932639314145743636e-01
9.860224208883212604e-01
9.859251369446135893e-01
9.775956284153006770e-01
9.784232365145228982e-01
9.837812789620019593e-01
9.863670790204493999e-01
9.786307053941908363e-01
9.746613545816733559e-01
9.886538730914693485e-01
9.793715846994536234e-01
9.834716459197787586e-01
9.882483370288248636e-01
9.782139775668680093e-01
9.723360655737705027e-01
9.789073305670815683e-01
9.802267512484815759e-01
9.907431551499348288e-01
9.805490196078431309e-01
9.878271454656117889e-01
9.856255904980428806e-01
9.914656771799629231e-01
9.766251728907330287e-01
9.846994535519125735e-01
9.670816044260028832e-01
9.682352941176469718e-01
9.730195177956372232e-01
9.950437317784257552e-01
9.887299230665407279e-01
9.827249022164276093e-01
9.883817427385892529e-01
9.924412793603197835e-01
9.885880077369439967e-01
9.938271604938271331e-01
9.895174050632911111e-01
9.883924956134431117e-01
9.774598461330814558e-01
9.886621315192742898e-01
9.870663420572125535e-01
9.938271604938272441e-01
9.885827273886975686e-01
9.801319538161643585e-01
9.801349325337331830e-01
9.506518904823989535e-01
9.909836065573770503e-01
9.936049578059071852e-01
9.807745504840941209e-01
9.820399113082040055e-01
9.920634920634920917e-01
9.784305378175111034e-01
9.926829268292682862e-01
9.884110787172011303e-01
9.736151603498542917e-01
9.905054644808742870e-01
9.754237288135594319e-01
9.683833116036506539e-01
9.910919152382238195e-01
9.923523206751054815e-01
9.909651211654293412e-01
9.874467437614120602e-01
9.767040552200172421e-01
9.842231075697210896e-01
9.849220975037695780e-01
9.808129260287805629e-01
9.904033588244115505e-01
9.745013885382479701e-01
9.927628778203491100e-01
9.924564796905221975e-01
9.864354163854771596e-01
9.828407339963580736e-01
9.889344262295081123e-01
9.864354163854771596e-01
9.833116036505866742e-01
9.776361819090455541e-01
9.889272361230947439e-01
9.798839458413926007e-01
9.871439873417722222e-01
9.892867414437733764e-01
9.789617486338797470e-01
9.814207650273223393e-01
9.862704918032787482e-01
9.809155383623469060e-01
9.806300553426989808e-01
9.658892128279883416e-01
9.893741851368968998e-01
9.882724133825455670e-01
9.909963985594237856e-01
9.833375410249938220e-01
9.777106701179176795e-01
9.868190904547726738e-01
9.839794303797467778e-01
9.889340243731614688e-01
9.728962679154249393e-01
9.863674246934159839e-01
9.822588705647176122e-01
9.756957328385900130e-01
9.841014147639726151e-01
9.727272727272727737e-01
9.802595628415300411e-01
9.849273042550353852e-01
9.765957446808510856e-01
9.776571572835142110e-01
9.926460288555820632e-01
9.895394820767954291e-01
9.870157513835674523e-01
9.730732892428127778e-01
9.898445160386609709e-01
9.670876387294297105e-01
9.855136733185514419e-01
9.922368088866447833e-01
9.887295081967213406e-01
9.822695035460993207e-01
9.880010548523207037e-01
9.805995130858187192e-01
9.884839650145771373e-01
9.899129746835443333e-01
9.708642667040202623e-01
9.669421487603305776e-01
9.839480874316939296e-01
9.863502997831355978e-01
9.945089623832366055e-01
9.719148340103656025e-01
9.890613451589062022e-01
9.920916481892091410e-01
9.869982327695026036e-01
9.831721470019342268e-01
9.803921568627451677e-01
9.829183955739972944e-01
9.876822157434401728e-01
9.915167750988647111e-01
9.700891573195283835e-01
9.925970388155261892e-01
9.941176470588235503e-01
9.882291198080671579e-01
9.651683657707752495e-01
9.905303030303029832e-01
9.878976486860303607e-01
9.754889178617991430e-01
9.787172850158181170e-01
9.938645418326693681e-01
9.861354581673307251e-01
9.880086745758388522e-01
9.693234346547136004e-01
9.904371584699454001e-01
9.724281742354032865e-01
9.899590163934426368e-01
9.842842716485735721e-01
9.951267056530213040e-01
9.748953974895396835e-01
9.798918776371308148e-01
9.868403293291942990e-01
9.736943907156673239e-01
9.755406118143460370e-01
9.881062712388013480e-01
9.967761283550756746e-01
9.865337796713329332e-01
9.956750077232003893e-01
9.759562841530053934e-01
9.959606160060590074e-01
9.802270697793086240e-01
9.831286273451207425e-01
9.897900488927235951e-01
9.910519125683060482e-01
9.782882756688612291e-01
9.711234177215190000e-01
9.938165084843255670e-01
9.891348360102577564e-01
9.878173236382191691e-01
9.880800340570455864e-01
9.892807745504840211e-01
9.840313769435495850e-01
9.900318311274920458e-01
9.918165917041479318e-01
9.816939890710382199e-01
9.858195902048976222e-01
9.789445269267107452e-01
9.820812715549557259e-01
9.850340136054422935e-01
9.852881630449452643e-01
9.899293050553554796e-01
9.841530054644809233e-01
9.887187088274045355e-01
9.977710670117917457e-01
9.925311203319502340e-01
9.775510204081632182e-01
9.739280774550485020e-01
9.784283513097071783e-01
9.854956268221575222e-01
9.782882756688612291e-01
9.890041493775932890e-01
9.920189818809317384e-01
9.918594035301279144e-01
9.812547336531178832e-01
9.730982019363761948e-01
9.807305148116192139e-01
9.875151842353894205e-01
9.618293878694494925e-01
9.812298641266283816e-01
9.791147994467496174e-01
9.916291854072962764e-01
9.767986377181778757e-01
9.928307464892830447e-01
9.889323795383992977e-01
9.935686274509804017e-01
9.700238128589437903e-01
9.656114301722931170e-01
9.914248871695680032e-01
9.825870646766169392e-01
9.901856360316494410e-01
9.915629322268326717e-01
9.840305892937472043e-01
9.702388986367931345e-01
9.914952531645568889e-01
9.898688046647230454e-01
9.919456506513517624e-01
9.872627066748316249e-01
9.901107594936708889e-01
9.768875192604006275e-01
9.965421853388658491e-01
9.938146932592779592e-01
9.853128991060026154e-01
9.867947178871548930e-01
9.907052646516247840e-01
9.784168212739641213e-01
9.911885245901639330e-01
9.671179883945841826e-01
9.940400170285227377e-01
9.830850795253724961e-01
9.834419817470665404e-01
9.897900488927235951e-01
9.805670816044260718e-01
9.862352774230168651e-01
9.769199622081252699e-01
9.914968281819409590e-01
9.765306122448978998e-01
9.760891159358592306e-01
9.701936376210235080e-01
9.897828863346105344e-01
9.801186569048221386e-01
9.877373417721518889e-01
9.880669831223628519e-01
9.929460580912863321e-01
9.951752518802327030e-01
9.796747967479675356e-01
9.884151992585727964e-01
9.632683658170915209e-01
9.917313776243888990e-01
9.922352941176471042e-01
9.948172012886957738e-01
9.735957417005183245e-01
9.842758806856526377e-01
9.852549019607843572e-01
9.934880722114765028e-01
9.931434599156118148e-01
9.956441615010889201e-01
9.870430032217397676e-01
9.924927113702624037e-01
9.899789029535864815e-01
9.802721088435374375e-01
9.838797814207649317e-01
9.799798961300050237e-01
9.731926249393497708e-01
9.925896414342629814e-01
9.851384105115448264e-01
9.855257556406981090e-01
9.782436708860760000e-01
9.848600121728545709e-01
9.863055386488132070e-01
9.875831485587582836e-01
9.684167903900661178e-01
9.739583333333333703e-01
9.714384508990318023e-01
9.865058670143416197e-01
9.743313201035375126e-01
9.813747228381375365e-01
9.770620945319740125e-01
9.762629336579429218e-01
9.663367821262558444e-01
9.760119940029985397e-01
9.916589434661724489e-01
9.733745754488112301e-01
9.858610110710950281e-01
9.753677959238763462e-01
9.882607352486870722e-01
9.868720020196919407e-01
9.838585109669447659e-01
9.936376210235131623e-01
9.808067176488229899e-01
9.904371584699454001e-01
9.903178122690319274e-01
9.861687413554633963e-01
9.708800690250215526e-01
9.925765960318531089e-01
9.725448119161828053e-01
9.879875826697260832e-01
9.909281751387014614e-01
9.881285847672401923e-01
9.827185792349726334e-01
9.933189364286678646e-01
9.936008052919182987e-01
9.850606909430439373e-01
9.828360019408054482e-01
9.932288496652466048e-01
9.764966740576497273e-01
9.782858786310038024e-01
9.774576497265572428e-01
9.919114516815665805e-01
9.954356846473029208e-01
9.901639344262295195e-01
9.861298545509070701e-01
9.523142590369482186e-01
9.821838304764476391e-01
9.840734242137939569e-01
9.878526116884869257e-01
9.918906394810009797e-01
9.770569620253164445e-01
9.837503595053207484e-01
9.936049578059071852e-01
9.807834441980782803e-01
9.909836065573770503e-01
9.883737218097773392e-01
9.895643647569687396e-01
9.802598700649673980e-01
9.799691833590139511e-01
9.881366860090263771e-01
9.896957123098202302e-01
9.891441555162838739e-01
9.856968959220937521e-01
9.839470480827754439e-01
9.834024896265559645e-01
9.816735822959890001e-01
9.754611330698287341e-01
9.786179921773142665e-01
9.843828085957021523e-01
9.815400843881856296e-01
9.838229033631331610e-01
9.769910337552742963e-01
9.826306205350889833e-01
9.865946378551421203e-01
9.847939175670268330e-01
9.903085443037974445e-01
9.832641770401107095e-01
9.778486055776891561e-01
9.937666339823505446e-01
9.834600506869414227e-01
9.748250874562719437e-01
9.800115041702617269e-01
9.814486326681448602e-01
9.711224634596281602e-01
9.854932301740811917e-01
9.785519125683059816e-01
9.848162338583794639e-01
9.872286079182630569e-01
9.860013175230566418e-01
9.688105117565699587e-01
9.864825999424791103e-01
9.836268149521162352e-01
9.804594481019751617e-01
9.794948204909890155e-01
9.763661202185792698e-01
9.867702041990220607e-01
9.855300644774328545e-01
9.838222605694564304e-01
9.919999999999999929e-01
9.783931832014607366e-01
9.892205638474295126e-01
9.906195168038871568e-01
9.878542510121457454e-01
9.909405255878285246e-01
9.714741035856574447e-01
9.753157290470721996e-01
9.795251433906895233e-01
9.837519511849013298e-01
9.817927170868346876e-01
9.857594936708861111e-01
9.832542194092827037e-01
9.829313543599257352e-01
9.859630179511406078e-01
9.809312638580931498e-01
9.806866952789700109e-01
9.803617222297206224e-01
9.928484479610468760e-01
9.873443983402490076e-01
9.872506942691239296e-01
9.694152046783626187e-01
9.912268862194627550e-01
9.897551224387806101e-01
9.891443167305236095e-01
9.855617088607595555e-01
9.862048283100914858e-01
9.756147540983606259e-01
9.803080030295380221e-01
9.819418676561533221e-01
9.781245831665998924e-01
9.831032499280989434e-01
9.890027322404372212e-01
9.668653327657159569e-01
9.721371708511941101e-01
9.943291839557399925e-01
9.899247906910741968e-01
9.670219338894037175e-01
9.889788573999099830e-01
9.823262638388687851e-01
9.780672155486570540e-01
9.889272361230945219e-01
9.813278008298755850e-01
9.960025789813024000e-01
9.856846473029046152e-01
9.970262793914246302e-01
9.716312056737588243e-01
9.943310657596371449e-01
9.875826697260089437e-01
9.747267759562840972e-01
9.648631029986962648e-01
9.777825711820534726e-01
9.749838813668600945e-01
9.896509491733006536e-01
9.906528616623524464e-01
9.761871410561703266e-01
9.868970013037809963e-01
9.889016456180634851e-01
9.963557835065459667e-01
9.766991504247877209e-01
9.738758929822104449e-01
9.920857262921977116e-01
9.887874837027379460e-01
9.844783371575112074e-01
9.849418686090488650e-01
9.684972328650490736e-01
9.869729654013167375e-01
9.779946421737467643e-01
9.897648686030429133e-01
9.883040935672513516e-01
9.689488243430152137e-01
9.900533721494420014e-01
9.894286999550157002e-01
9.844705882352942083e-01
9.792274052478133761e-01
9.805817963712700758e-01
9.810197506653592914e-01
9.777821729957805186e-01
9.854397634885438961e-01
9.902146038601701283e-01
9.829594477998273572e-01
9.791150442477876137e-01
9.896265560165975472e-01
9.833333333333333925e-01
9.865545010066149034e-01
9.854957805907172963e-01
9.740566037735849392e-01
9.664087685364279867e-01
9.807395993836671710e-01
9.850819442498949252e-01
9.889830508474576343e-01
9.841776642542925391e-01
9.821382007822686555e-01
9.761583445793970970e-01
9.794789186160526295e-01
9.927113702623907576e-01
9.848606109110310536e-01
9.873949579831932111e-01
9.864453665283541284e-01
9.661825726141080040e-01
9.852607709750567100e-01
9.851000425713070108e-01
9.903525046382188890e-01
9.789813023855576946e-01
9.673864147548358883e-01
9.887814313346228179e-01
9.834520042194092593e-01
9.945269155795471994e-01
9.958091553836234677e-01
9.924551638837352252e-01
9.793250633586767506e-01
9.795489564364756596e-01
9.895772594752185736e-01
9.809037900874635341e-01
9.934864827006584242e-01
9.728907330567082568e-01
9.882656350741456652e-01
9.728107777097366737e-01
9.694157029823493588e-01
9.810365771359157439e-01
9.859607843137254690e-01
9.777667984189724049e-01
9.783469945355190989e-01
9.735297869626227119e-01
9.978951396861843737e-01
9.920908829450676425e-01
9.905247813411078850e-01
9.887556221889055585e-01
9.872615712951847700e-01
9.781467291045835566e-01
9.904518950437317670e-01
9.520853016601430463e-01
9.837188070602557177e-01
9.730364873222016042e-01
9.871439873417721111e-01
9.443306010928962380e-01
9.784983891301302084e-01
9.909651211654293412e-01
9.894808743169398735e-01
9.769907963185273658e-01
9.801749271137025765e-01
9.927971188475390729e-01
9.828310091467986620e-01
9.966804979253112151e-01
9.871830788625858277e-01
9.832406549274018692e-01
9.787143465304385392e-01
9.679970436067998341e-01
9.800784313725490193e-01
9.875188473781203458e-01
9.819781467291046617e-01
9.944636180615473720e-01
9.898470464135020741e-01
9.831286273451207425e-01
9.916317991631798945e-01
9.808437067773168039e-01
9.725334053178567029e-01
9.829268292682926678e-01
9.941976790716287038e-01
9.962747003563330317e-01
9.763868065967016285e-01
9.835071707953063624e-01
9.794583079732197550e-01
9.946486137975498742e-01
9.892842134752767302e-01
9.808011225921673404e-01
9.921853388658368189e-01
9.809820193637620589e-01
9.773923606424618216e-01
9.873443983402490076e-01
9.918715846994534679e-01
9.924416250506140624e-01
9.808590102707749336e-01
9.567099567099566215e-01
9.759530421610704831e-01
9.806830168776371481e-01
9.901603498542275172e-01
9.845490196078431344e-01
9.763868065967016285e-01
9.850583090379008144e-01
9.839557399723375397e-01
9.946598101265822223e-01
9.969361147327249206e-01
9.752933507170795657e-01
9.694933580475748602e-01
9.927385892116181720e-01
9.871695680206318269e-01
9.791812865497075968e-01
9.909890733645522198e-01
9.797131147540982798e-01
9.864825999424792213e-01
9.799293107801060332e-01
9.879432624113475558e-01
9.846133081387502539e-01
9.882246376811593125e-01
9.931885908897402082e-01
9.836659275683665715e-01
9.852672750977835570e-01
9.709784411276949356e-01
9.683743169398907336e-01
9.807305148116192139e-01
9.905090595340810822e-01
9.897422054258334656e-01
9.838137472283814411e-01
9.920908279117234274e-01
9.926829268292682862e-01
9.917695473251029181e-01
9.902687673772011534e-01
9.801513747296880519e-01
9.867701404286770561e-01
9.771174863387976917e-01
9.872945830797321687e-01
9.880644233534656706e-01
9.761871410561703266e-01
9.814814814814813992e-01
9.806830168776371481e-01
9.791181873851806383e-01
9.789764868603042514e-01
9.775510204081632182e-01
9.899607843137254726e-01
9.841067120760608189e-01
9.865160349854227295e-01
9.796862745098038339e-01
9.747604265083007480e-01
9.648400593872317188e-01
9.845068565400844074e-01
9.777705345501955803e-01
9.769679300291544966e-01
9.948065002512984645e-01
9.954509493670886666e-01
9.803462466297715450e-01
9.805234327449786624e-01
9.873614190687360903e-01
9.871713147410358102e-01
9.891441378344305591e-01
9.920470262793914529e-01
9.710379981464318799e-01
9.888622115512871735e-01
9.924790691074215632e-01
9.901746724890829743e-01
9.907431551499348288e-01
9.670535138620245386e-01
9.749999999999999778e-01
9.929046563192904795e-01
9.737288135593220595e-01
9.691256830601091554e-01
9.915954615492366120e-01
9.898470464135020741e-01
9.871720116618074581e-01
9.835934373749499748e-01
9.757693413862524867e-01
9.979867702041990141e-01
9.867053583479551415e-01
9.848606109110311646e-01
9.718265867066466779e-01
9.874476987447698972e-01
9.910781226570699598e-01
9.784923928077455813e-01
9.930029154518951184e-01
9.926648807245821438e-01
9.829761175750151292e-01
9.778008298755187511e-01
9.933864053888548096e-01
9.932639722555689499e-01
9.870578084555651222e-01
9.745750184774574221e-01
9.653385163589245366e-01
9.806830168776371481e-01
9.908894587663652498e-01
9.877498388136686236e-01
9.760932944606414141e-01
9.880090818788136442e-01
9.874111831943157558e-01
9.919843473870234574e-01
9.775273316237008681e-01
9.911309777210159933e-01
9.910351589858523713e-01
9.818928788800974639e-01
9.866120218579235157e-01
9.849854227405248075e-01
9.851324337831085520e-01
9.856777493606138085e-01
9.946815089672231824e-01
9.800724637681159646e-01
9.765954641350211851e-01
9.884700665188469459e-01
9.840602907829798518e-01
9.843579234972676950e-01
9.868340477648500642e-01
9.898771764070724011e-01
9.911752346266984315e-01
9.854149303488510814e-01
9.932595430679721504e-01
9.909181211863203886e-01
9.890027322404371102e-01
9.959508705628289382e-01
9.534749670619235840e-01
9.829580036518563713e-01
9.939263058442435739e-01
9.852013585638039750e-01
9.858621560212067481e-01
9.891764705882352127e-01
9.771857923497268006e-01
9.770401106500692379e-01
9.923371647509579008e-01
9.736657795209413546e-01
9.869281045751634451e-01
9.898743532889874297e-01
9.791486914006327646e-01
9.844604508470055082e-01
9.737476940542074688e-01
9.756268384927861970e-01
9.622745098039215961e-01
9.888639865527384387e-01
9.906629318394024608e-01
9.907431551499347178e-01
9.908083441981747619e-01
9.895291449913298232e-01
9.744458930899608795e-01
9.803710094909404704e-01
9.911007321383489277e-01
9.921773142112124688e-01
9.817901666900126223e-01
9.913168415792104060e-01
9.824094604582409573e-01
9.834010365597423142e-01
9.876366120218579292e-01
9.816818774445892348e-01
9.853031230863441570e-01
9.828551912568305182e-01
9.674324135032917882e-01
9.880235327076620777e-01
9.806362378976486438e-01
9.762102351313970416e-01
9.765825347550276536e-01
9.795765027322405061e-01
9.929460580912863321e-01
9.930367504835589942e-01
9.900273224043715237e-01
9.925501054852321481e-01
9.854031510658016746e-01
9.949799196787149080e-01
9.896501457725948026e-01
9.831932773109244295e-01
9.702064896755162593e-01
9.943977591036414765e-01
9.852697095435685171e-01
9.690154922538730675e-01
9.939890710382514039e-01
9.914790018259281856e-01
9.771533986093372537e-01
9.676870748299319924e-01
9.816166883963494127e-01
9.965233432666382729e-01
9.832361516034986426e-01
9.833981211532232258e-01
9.883250101228235884e-01
9.903294651193810250e-01
9.923065861374749108e-01
9.763243378310844101e-01
9.871102712916723920e-01
9.925857275254865719e-01
9.682916307161346658e-01
9.960025789813024000e-01
9.848547717842324190e-01
9.899482631189947535e-01
9.760891159358593416e-01
9.799562682215743337e-01
9.774550484094052250e-01
9.940642923836200406e-01
9.945222154595253494e-01
9.869078148198137113e-01
9.805922368947579404e-01
9.919415292353822577e-01
9.816652286453839693e-01
9.817622950819672178e-01
9.785247432306256599e-01
9.647327249022163986e-01
9.784692635423006823e-01
9.764227642276422925e-01
9.706284153005464432e-01
9.848825587206395671e-01
9.918055750105057022e-01
9.774576497265572428e-01
9.970954356846473132e-01
9.942568987253116441e-01
9.783365570599613648e-01
9.833309987393191731e-01
9.615384615384615641e-01
9.845216416865106845e-01
9.791747259832366268e-01
9.865836791147994944e-01
9.790582899826598684e-01
9.696577509347138468e-01
9.805327868852459217e-01
9.857124633244036538e-01
9.820703179717047426e-01
9.922027290448343084e-01
9.745325596389425860e-01
9.899571341090018795e-01
9.805931656995486856e-01
9.532270916334661948e-01
9.884551600969511131e-01
9.828210894552723564e-01
9.779140295358649260e-01
9.836100468284376674e-01
9.917355371900826722e-01
9.845089903181190039e-01
9.773831462556541450e-01
9.812999019470514117e-01
9.808310513156327515e-01
9.872752420470262136e-01
9.785014899957428236e-01
9.804432855280312831e-01
9.758064516129032473e-01
9.823529411764705399e-01
9.780781622075921389e-01
9.948575949367088889e-01
9.717438448781732241e-01
9.888013592832869403e-01
9.946045824094604804e-01
9.764015645371577623e-01
9.956719171278558544e-01
9.945355191256830540e-01
9.744535519125683276e-01
9.907544877851262033e-01
9.792698826597132644e-01
9.925765960318531089e-01
9.728286852589641542e-01
9.863004454042381131e-01
9.866983031348863786e-01
9.930491195551436334e-01
9.831843337590464582e-01
9.962720632988436575e-01
9.856866537717601240e-01
9.848523100227214444e-01
9.706967213114754411e-01
9.627501064282673049e-01
9.737588652482269680e-01
9.902085994040017436e-01
9.859514687100894292e-01
9.859630179511404968e-01
9.843815660456646244e-01
9.818602045104356524e-01
9.821685360943341880e-01
9.898626117113511480e-01
9.791147994467497284e-01
9.850819442498949252e-01
9.941960784313725874e-01
9.927628778203489990e-01
9.884353741496598733e-01
9.861147327249022432e-01
9.893630179344464759e-01
9.797076770256846201e-01
9.848484848484848619e-01
9.878526116884870367e-01
9.886306846576712326e-01
9.680851063829787329e-01
9.809411764705882053e-01
9.793681495809154480e-01
9.869019607843136921e-01
9.865889212827987365e-01
9.760083970610287096e-01
9.863958736299162089e-01
9.878539118780365058e-01
9.761423882857863665e-01
9.889430284857571030e-01
9.774575018477457133e-01
9.785575048732942927e-01
9.829968757510213484e-01
9.914968281819409590e-01
9.748346275524877314e-01
9.937915742793791418e-01
9.868143459915612592e-01
9.836234687298517354e-01
9.865616311399444394e-01
9.888622115512871735e-01
9.806693989071039175e-01
9.884353741496598733e-01
9.798850574712643091e-01
9.830278884462151368e-01
9.678571428571428603e-01
9.951219512195121908e-01
9.839384532325550214e-01
9.800569800569800538e-01
9.796080832823025331e-01
9.828529194382853440e-01
9.900334753499695495e-01
9.807719596991627542e-01
9.696389845643578198e-01
9.901495542134024497e-01
9.727459016393442681e-01
9.587787495950761407e-01
9.837948874010955524e-01
9.751653394520178875e-01
9.801333900950759404e-01
9.949894514767931852e-01
9.699861687413554590e-01
9.729206963249517059e-01
9.844023323615159748e-01
9.750303684707787300e-01
9.752281616688396326e-01
9.832224685883222959e-01
9.959124472573839260e-01
9.890670553935859699e-01
9.888622115512872845e-01
9.916276429686391447e-01
9.930662557781202437e-01
9.890040621935846099e-01
9.811445147679325185e-01
9.723841917719469041e-01
9.887978142076502275e-01
9.940026075619294854e-01
9.888483965014576160e-01
9.930766889835667133e-01
9.773323615160348643e-01
9.823842392867414564e-01
9.878691983122362963e-01
9.860548807917228764e-01
9.899723374827108513e-01
9.887401095556908048e-01
9.874616513271975426e-01
9.805878750765462115e-01
9.871424223980523882e-01
9.795189504373177369e-01
9.805255435507536088e-01
9.833010960670535150e-01
9.880550681603454954e-01
9.903505037604655170e-01
9.731673582295989888e-01
9.905633602951611216e-01
9.831967213114753967e-01
9.741199478487614360e-01
9.839650145772594891e-01
9.898584003061614567e-01
9.946486137975498742e-01
9.930843706777316982e-01
9.893586005830903307e-01
9.723374827109266816e-01
9.799147900182593185e-01
9.730874316939890356e-01
9.835087719298245545e-01
9.943989071038252803e-01
9.713088330109607149e-01
9.918055750105055912e-01
9.903686694731471674e-01
9.940233236151603258e-01
9.870119521912350535e-01
9.808067176488228789e-01
9.892222902633190929e-01
9.823957137389973671e-01
9.867702041990221717e-01
9.851531920637063289e-01
9.951895043731778800e-01
9.793919730833935411e-01
9.941983122362869629e-01
9.900908861398636240e-01
9.816233858379452837e-01
9.739718147828587691e-01
9.834307992202728776e-01
9.672535680939041702e-01
9.873931923238548070e-01
9.782021865298959895e-01
9.684121099783750131e-01
9.880437394857004563e-01
9.832542194092827037e-01
9.872229465449804398e-01
9.863278644791249050e-01
9.869947979191676657e-01
9.799217731421121513e-01
9.884110787172011303e-01
9.759334233018444049e-01
9.834307992202728776e-01
9.770470664087685941e-01
9.907019601273245879e-01
9.651679841897232714e-01
9.846153846153846700e-01
9.861687413554633963e-01
9.797590698977447499e-01
9.891567802015563959e-01
9.948204909890733250e-01
9.816247582205028799e-01
9.835179324894514075e-01
9.889272361230946329e-01
9.903744725738397037e-01
9.841067120760607079e-01
9.721221822062158235e-01
9.914529914529914834e-01
9.749999999999999778e-01
9.846303793672215310e-01
9.848017929682028049e-01
9.975876259401164070e-01
9.923919659160074236e-01
9.933251684017145866e-01
9.936708860759493334e-01
9.796879827000308794e-01
9.898804780876493403e-01
9.818774445893090341e-01
9.789813023855576946e-01
9.795306388526726638e-01
9.918055750105057022e-01
9.986824769433464422e-01
9.780584258196198810e-01
9.776500638569604051e-01
9.918278602489127849e-01
9.866666666666666918e-01
9.849930843706776740e-01
9.895043731778425666e-01
9.802390438247012838e-01
9.875062468765616330e-01
9.904138770541692782e-01
9.829482071713148139e-01
9.868705591597157767e-01
9.852573713143428780e-01
9.758570094704548392e-01
9.901669758812615685e-01
9.870250231696015009e-01
9.548409405255877669e-01
9.807498106538752314e-01
9.889344262295082233e-01
9.955828059071729630e-01
9.804881509862353184e-01
9.789480259870064760e-01
9.912974683544304444e-01
9.814544865565273390e-01
9.802493346407059605e-01
9.806576402321083297e-01
9.975030368470778619e-01
9.907181984175289502e-01
9.832886847812221109e-01
9.827208252740167183e-01
9.897959183673470385e-01
9.897151898734177777e-01
9.834441980783443782e-01
9.835382513661201642e-01
9.927861044964281234e-01
9.961892436008052965e-01
9.929785661492978033e-01
9.920081967213114638e-01
9.856609310390822554e-01
9.931885908897402082e-01
9.605089662447258148e-01
9.940531356194006740e-01
9.798497267759562757e-01
9.699861687413554590e-01
9.840354767184035234e-01
9.901540015147689555e-01
9.760245901639343913e-01
9.885677308024158894e-01
9.809038344491782802e-01
9.878271454656117889e-01
9.873906705539358120e-01
9.912268862194628660e-01
9.851368970013038018e-01
9.897811181434599259e-01
9.883250101228235884e-01
9.911338448422848391e-01
9.937158469945355233e-01
9.910519125683060482e-01
9.744382731633425276e-01
9.802448876546326906e-01
9.898800599700150471e-01
9.838709677419354982e-01
9.784776571572835202e-01
9.840357598978287657e-01
9.894514767932489629e-01
9.889038836407256783e-01
9.734364925854287476e-01
9.739728143342600841e-01
9.882836275106512414e-01
9.859924359153943163e-01
9.846153846153846700e-01
9.771899041706033628e-01
9.935792349726775274e-01
9.791287295139374791e-01
9.878048780487804770e-01
9.773511647972390470e-01
9.680272108843537282e-01
9.890292129098099405e-01
9.905600204107666285e-01
9.843311160384331515e-01
9.827050997782705855e-01
9.795321637426900319e-01
9.867484177215190000e-01
9.842486164325244813e-01
9.920765720081134997e-01
