9.649841817658901810e-01
9.709219858156028504e-01
9.413994169096210340e-01
9.946058091286306135e-01
9.623896904328337332e-01
9.327109266943292010e-01
9.755568006723630559e-01
9.950024987506246310e-01
9.879526977087952355e-01
9.765710382513660415e-01
9.810197506653592914e-01
9.868028948488718477e-01
9.687943262411347067e-01
9.833189531205062117e-01
9.822513159670671623e-01
9.804881509862352074e-01
9.671345660682953982e-01
9.857923497267758739e-01
9.448400799600199518e-01
9.417861799217731589e-01
9.852021941574180541e-01
9.394190871369294538e-01
9.674080939141180835e-01
9.709912536443148223e-01
9.646246764452113265e-01
9.715849156118143704e-01
9.841392649903288881e-01
9.353448275862068506e-01
9.531290743155150791e-01
9.711751662971175314e-01
9.556708160442599631e-01
9.834260977118119973e-01
9.893586005830904417e-01
9.580146948568001308e-01
9.935208866155157414e-01
9.477279263733102699e-01
9.968363531780269904e-01
9.999375312343828925e-01
9.814363968350577894e-01
9.836099585062240136e-01
9.637855142056823698e-01
9.553784860557769099e-01
9.608636977058029327e-01
9.833171363783608232e-01
9.674703406046689658e-01
9.785714285714285365e-01
9.529083665338645703e-01
9.660033167495853945e-01
9.743589743589743390e-01
9.892549019607843608e-01
9.906528616623525574e-01
9.992263056092843820e-01
9.607176203814858928e-01
8.935131195335276333e-01
9.807317438896386852e-01
9.740392156862744955e-01
9.751662971175165673e-01
9.813776243888410189e-01
9.599640125955914982e-01
9.995626822157434033e-01
9.488387978142076573e-01
9.843750000000000000e-01
9.782069970845480578e-01
9.624868143459914815e-01
9.995097352570387894e-01
9.784876140808345113e-01
9.748542274052478529e-01
9.669456574478408895e-01
9.908366533864541026e-01
9.568829113924051111e-01
9.646857923497268450e-01
9.770237370663420462e-01
9.992829204693611800e-01
9.976265822784810000e-01
9.634289439374185138e-01
9.776239067055393361e-01
9.504468454048285997e-01
9.744032211676733057e-01
9.836010257794574052e-01
9.998521803399852415e-01
9.805736636245110383e-01
9.658215436335620963e-01
9.700364421649345648e-01
9.890613451589060912e-01
9.654101995565409489e-01
9.960778820563104263e-01
9.841269841269841834e-01
9.617147080561714301e-01
9.504044274159215711e-01
9.713114754098359782e-01
9.973038172271888602e-01
9.490178437546858969e-01
9.999290478217680578e-01
9.636503712004482747e-01
9.684121099783750131e-01
9.698784722222221211e-01
9.313377679231337192e-01
9.889558232931727755e-01
9.943989071038250582e-01
9.644125683060109644e-01
9.831611174894757665e-01
9.899293050553554796e-01
9.822103936125506918e-01
9.664867296446244538e-01
9.823123382226057743e-01
9.960644677661170121e-01
9.456479690522243686e-01
9.816703621581670536e-01
9.751243781094527385e-01
9.763868065967016285e-01
9.669140383426098051e-01
9.991901741125658321e-01
9.323825741450262328e-01
9.758196721311476196e-01
9.677877110827302065e-01
9.828552803129073645e-01
9.830601092896174009e-01
9.882000255134583133e-01
9.469185784975258091e-01
9.844035301278150074e-01
9.894261766602191477e-01
9.735456876771494406e-01
9.791395045632333982e-01
9.384532325550006826e-01
9.731764705882353095e-01
9.748962655601659533e-01
9.540469570590053294e-01
1.000000000000000000e+00
9.721265467534124793e-01
9.685109289617486183e-01
9.822404371584699811e-01
9.607234444594411338e-01
9.540939406839790138e-01
9.509562841530053712e-01
9.861754711152301844e-01
9.577455048409404537e-01
9.728862973760933341e-01
9.809037900874635341e-01
9.412264442384924434e-01
9.572428484479610367e-01
9.512978142076502497e-01
9.435495167390390847e-01
9.999348109517601779e-01
9.192959582790090067e-01
9.864825999424791103e-01
9.918594035301278034e-01
9.778270509977826652e-01
9.800796812749004161e-01
9.591712781751923211e-01
9.852180339985218138e-01
9.400959664117558567e-01
9.841055630529313980e-01
9.729654013167109428e-01
9.769103201939023373e-01
8.951590594744120999e-01
9.617992177314210744e-01
9.646023468057366435e-01
9.802063185041908211e-01
9.784256559766763006e-01
9.688210047967685812e-01
9.809426229508195760e-01
9.706967213114754411e-01
9.618076688983566713e-01
9.894943269365457095e-01
9.731054769575570029e-01
9.766321541558815600e-01
9.596282105860649558e-01
9.691113816189896868e-01
9.956342182890854930e-01
9.457865976416450771e-01
9.063301390201107255e-01
9.375104707656224390e-01
9.850802219223271372e-01
9.645948630622960263e-01
9.575298804780876250e-01
9.961729812476081136e-01
9.706512680080962019e-01
9.349947257383965926e-01
9.530234882558721310e-01
9.691655801825292960e-01
9.795306388526727748e-01
9.685136897001304090e-01
9.715886354541817260e-01
9.797262059973923520e-01
9.622132253711201955e-01
9.754996776273371362e-01
9.826608649789029259e-01
9.655172413793103869e-01
9.889314601958278939e-01
9.812925170068027558e-01
9.716391804097951335e-01
9.615384615384614531e-01
9.440397814820002953e-01
9.830564345991561481e-01
9.613428943937417648e-01
9.881005173688099941e-01
9.601169590643274798e-01
9.613845538215285424e-01
9.981104062626535711e-01
9.846153846153846700e-01
9.770549331893643163e-01
9.606924932595429789e-01
9.270952927669345867e-01
9.772829509671614456e-01
9.777297880955595488e-01
9.662568306010929087e-01
9.911994784876141384e-01
9.691133211934443992e-01
9.685530186300601585e-01
9.751941328731664749e-01
9.349072962518341079e-01
9.912786400591279135e-01
9.738186462324394110e-01
9.589688217033337514e-01
1.000000000000000000e+00
9.871439873417721111e-01
9.876330169686511340e-01
9.732559690542883502e-01
9.874837027379399501e-01
9.809038344491783912e-01
9.995742869306087908e-01
9.544809800128949417e-01
9.279125869164183138e-01
9.922814207650273444e-01
9.547814207650273666e-01
9.851709947495387310e-01
9.553859083905308358e-01
9.713885554221688423e-01
9.658215436335620963e-01
9.923784872016104819e-01
9.833333333333332815e-01
9.871948779511804384e-01
9.348082595870206291e-01
9.775668679896463154e-01
9.970013037809648537e-01
9.321902996601791891e-01
9.789073305670815683e-01
9.775910364145659059e-01
9.785079051383399618e-01
9.798893237953840707e-01
9.604430379746835555e-01
9.600076540375048761e-01
9.809312638580931498e-01
9.412492269635126529e-01
9.664941041127408372e-01
9.816939890710383310e-01
9.497413155949741004e-01
9.814399775878974719e-01
9.481036577135916188e-01
9.759562841530053934e-01
9.761904761904761640e-01
9.960454414725338212e-01
9.661354581673305963e-01
9.815124771758977351e-01
9.721782700421941481e-01
9.558782849239281232e-01
9.739895697522815698e-01
9.743897559023609878e-01
9.650956284153006104e-01
9.901353965183752326e-01
9.611838913148956776e-01
9.643820065276004216e-01
9.904823989569752074e-01
9.540119913254241357e-01
9.653127014829142594e-01
9.904748564224681306e-01
9.281001649422702116e-01
9.843137254901961342e-01
9.473147085087383346e-01
9.814868804664722557e-01
9.490605766115969288e-01
9.695705900525177778e-01
9.365457346967362984e-01
9.649122807017543879e-01
9.402332361516034798e-01
9.710588235294117521e-01
9.762055036606918090e-01
9.682539682539681447e-01
9.882291198080671579e-01
9.626366120218579070e-01
9.764577259475218929e-01
9.585397653194264178e-01
9.637621023513138763e-01
9.578713968957871527e-01
9.688519937562083406e-01
1.000000000000000000e+00
9.824905448942429231e-01
9.672336497890294815e-01
9.780312907431552016e-01
9.710043423448663225e-01
9.711444179857122716e-01
9.786433943522065970e-01
9.347376201034737209e-01
9.707930367504835623e-01
9.630013831258644741e-01
9.780612244897959329e-01
9.710111317254174201e-01
9.377084167000133696e-01
9.437137330754351572e-01
9.764582396161343159e-01
9.843845682792407015e-01
9.833333333333332815e-01
9.429720464135020741e-01
9.805375347544023068e-01
9.763800782831690839e-01
9.952888476984862454e-01
9.801186569048220276e-01
9.512692945528766764e-01
9.505173189383715471e-01
9.635624538063561895e-01
9.944661897691996488e-01
1.000000000000000000e+00
9.306434599156118148e-01
9.666619974786384573e-01
9.778008298755186400e-01
9.695335481159825797e-01
9.618275316455696666e-01
9.917704011065007208e-01
9.976486860304286663e-01
9.924790691074215632e-01
9.916930379746835555e-01
9.975880052151238075e-01
9.935458167330677437e-01
9.821428571428570953e-01
9.836784584411848442e-01
9.593220338983051709e-01
9.676229508196720897e-01
9.723554657914668109e-01
9.870916334661354874e-01
9.750503307448949997e-01
9.609259009312997035e-01
9.678094209744905196e-01
9.832464146023468521e-01
9.485655737704917767e-01
9.657676348547716838e-01
9.767926988265971389e-01
9.744897959183673741e-01
9.220272904483430843e-01
9.345579793340986763e-01
9.997001049632628922e-01
9.716900808854831428e-01
9.268766177739430345e-01
9.577671942849138587e-01
9.800357188416889409e-01
9.781420765027322162e-01
9.815400843881856296e-01
9.784922394678491342e-01
9.976265822784810000e-01
9.818181818181818121e-01
9.666180758017492991e-01
9.906421180766890044e-01
9.809426229508195760e-01
9.523295944779982536e-01
9.951644100580271379e-01
9.806235799040645684e-01
9.950517318938372213e-01
9.628210586064992471e-01
9.548207171314740949e-01
9.473022912047301958e-01
9.550369198312236296e-01
9.784183296378418104e-01
9.951410446753948813e-01
9.916180758017492103e-01
9.825034578146611963e-01
9.659188955996548254e-01
9.999368846250947795e-01
9.501582278481013333e-01
9.891965916007303683e-01
9.929200153080749436e-01
9.782103825136612141e-01
9.667358229598893571e-01
9.766251728907330287e-01
9.867486338797814005e-01
9.825712143928035935e-01
9.890679660169915399e-01
9.686475409836066142e-01
9.656293222683264288e-01
9.912452724471214616e-01
9.771533986093373647e-01
9.422740524781341165e-01
9.713893053473263706e-01
9.757073283858997970e-01
9.596479791395046144e-01
9.669096209912536599e-01
9.224681327917075846e-01
9.657515058131391772e-01
9.721157939548744631e-01
9.901856360316494410e-01
9.992829204693611800e-01
9.836685112700769285e-01
9.869243525959944252e-01
9.802598700649675090e-01
9.475262368815591252e-01
9.508030773383722156e-01
9.866316841579211294e-01
9.824561403508771384e-01
9.810790835181079084e-01
9.488455160096951335e-01
9.921277552856500037e-01
9.621251629726205179e-01
9.776387690537819974e-01
9.462190352020860562e-01
9.638337647397181573e-01
9.717167721518987777e-01
9.364254792826220974e-01
9.456066945606693697e-01
9.694263363754889173e-01
9.826306205350889833e-01
9.921282798833819250e-01
9.271831556215412995e-01
9.979589233320576014e-01
9.670081967213114416e-01
9.492378487201611481e-01
9.921853388658368189e-01
9.727490039840637204e-01
9.815597667638483736e-01
9.899293050553554796e-01
9.301521438450899293e-01
9.914246196403873057e-01
9.593780641546435506e-01
9.795622362869198518e-01
9.596848934198332071e-01
9.447282531573719666e-01
9.927113702623906466e-01
9.637096774193548709e-01
1.000000000000000000e+00
9.600435583849891152e-01
9.633920296570899211e-01
9.678094209744904086e-01
9.514687100893997052e-01
9.721867461331062943e-01
9.812269031781226669e-01
9.288898475697440205e-01
9.765560165975104567e-01
9.624617268830374384e-01
9.729891956782713569e-01
9.831961128357403767e-01
9.924416250506141735e-01
9.771401357304441149e-01
9.619533527696793040e-01
9.843433661762721609e-01
9.749768303985171247e-01
9.997233748271092679e-01
9.597930524759792359e-01
9.680118774463490894e-01
9.693357324936272557e-01
9.597677595628415492e-01
9.588177615912593099e-01
9.570214892553723374e-01
9.471241631162508057e-01
9.868738470271037899e-01
9.659522351500307025e-01
9.269902085994039531e-01
9.697200243457091418e-01
9.729508196721311508e-01
9.715767634854771684e-01
9.473277726289773826e-01
9.548725069426913237e-01
9.724757952973720476e-01
9.785657370517928388e-01
9.815100154083205020e-01
9.756147540983607369e-01
9.558091286307054402e-01
9.725794530672580152e-01
9.710957722174287099e-01
9.905737704918032849e-01
9.938450899031811003e-01
9.865029018760966828e-01
9.664928292046935931e-01
9.551372549019607749e-01
9.611990261716372164e-01
9.983803482251316641e-01
9.767470624613481256e-01
9.683955739972337495e-01
9.658469945355190323e-01
9.708852005532503382e-01
9.581176470588236294e-01
9.445720117361907642e-01
9.857871720116618830e-01
9.498582804696990012e-01
9.296610169491525966e-01
9.997925311203319509e-01
9.631434282858570839e-01
9.853642811089620146e-01
9.691358024691357764e-01
9.723760548523207037e-01
9.962882980159265545e-01
9.600485895532461234e-01
9.587835134053620534e-01
9.726110772976263030e-01
9.860224208883212604e-01
9.871794871794871140e-01
9.701604438446543854e-01
9.742003998000999809e-01
9.884615384615385025e-01
9.396857923497268228e-01
9.938027426160337408e-01
9.716459197786998514e-01
9.868440502586843799e-01
9.735169491525423879e-01
