9.769916594765603035e-01
9.806576402321083297e-01
9.775510204081633292e-01
9.890041493775934001e-01
9.933464070598122531e-01
9.737897648686030250e-01
9.805294859223980808e-01
9.710769615192402782e-01
9.835181079083518130e-01
9.723360655737705027e-01
9.837512256618574646e-01
9.814105293032496791e-01
9.838168923275306677e-01
9.884958297382802073e-01
9.827911998920231262e-01
9.892152689087555517e-01
9.879875826697259722e-01
9.883196721311474642e-01
9.821964017991005047e-01
9.891786179921773225e-01
9.854573287409108540e-01
9.866528354080220664e-01
9.805375347544023068e-01
9.817784256559767275e-01
9.793643945930399219e-01
9.760680379746835555e-01
9.851063829787234383e-01
9.645177411294352243e-01
9.815514993481094796e-01
9.824094604582409573e-01
9.860304287690179192e-01
9.920841063698206952e-01
9.867346938775509724e-01
9.768331084120557284e-01
9.965046888320545637e-01
9.899338510209951814e-01
9.912280701754385692e-01
9.885057471264366846e-01
9.955873402312842568e-01
9.828492392807746114e-01
9.801253834867280634e-01
9.883665338645418741e-01
9.803568750937171616e-01
9.948979591836734082e-01
9.837989539482077106e-01
9.723760932944606195e-01
9.859760956175299684e-01
9.928562316622018269e-01
9.885290148448042657e-01
9.833725490196076890e-01
9.781420765027323272e-01
9.814958091553835917e-01
9.914632519674536626e-01
9.882653061224488944e-01
9.850052481631429435e-01
9.833725490196078001e-01
9.872875092387286555e-01
9.897900488927235951e-01
9.776578197630829692e-01
9.865889212827988475e-01
9.820355191256830985e-01
9.858913502109704075e-01
9.879008746355685266e-01
9.902426160337552963e-01
9.912452724471214616e-01
9.827249022164276093e-01
9.754373177842564635e-01
9.876880155264433636e-01
9.934661354581673098e-01
9.856276371308017037e-01
9.872950819672132727e-01
9.875989044430919517e-01
9.840938722294654273e-01
9.857594936708861111e-01
9.837679269882659838e-01
9.803935860058308194e-01
9.758570094704548392e-01
9.770635605406959856e-01
9.910919152382238195e-01
9.812269031781226669e-01
9.821382007822685445e-01
9.941168230844655840e-01
9.851531920637063289e-01
9.843311160384331515e-01
9.826311899482631507e-01
9.761171032357472965e-01
9.867280245431505614e-01
9.866962305986696213e-01
9.833262381155101206e-01
9.812158469945354566e-01
9.778629203916561208e-01
9.844804318488529216e-01
9.961685823754788949e-01
9.901947051407760103e-01
9.795335186901451552e-01
9.814236111111110938e-01
9.788617886178863081e-01
9.867933271547729701e-01
9.859289617486338697e-01
9.901639344262295195e-01
9.797805842581961411e-01
9.872615712951847700e-01
9.782182378484381990e-01
9.817813765182185071e-01
9.819528329019270307e-01
9.717641179410294594e-01
9.903288201160542759e-01
9.878787878787879118e-01
9.938129863502997985e-01
9.901299350324836990e-01
9.936301793444650698e-01
9.862329599136185898e-01
9.890024123740598361e-01
9.740437158469945622e-01
9.853838512842343356e-01
9.813559322033897914e-01
9.935109289617485295e-01
9.800995024875621686e-01
9.819313240365872275e-01
9.772519780888617724e-01
9.883301096067054203e-01
9.833310838169793122e-01
9.810299869621903479e-01
9.788095559454716987e-01
9.886274509803921751e-01
9.861687413554632853e-01
9.909638554216867457e-01
9.804979253112032778e-01
9.906875877025129729e-01
9.925546448087431139e-01
9.895491803278688714e-01
9.921716830881360805e-01
9.968781041577976509e-01
9.965846994535518810e-01
9.845535990114303582e-01
9.898340248962655963e-01
9.862973760932944867e-01
9.803935860058308194e-01
9.781433426011739707e-01
9.796865489957394812e-01
9.837431693989070469e-01
9.915254237288135819e-01
9.860495436766624211e-01
9.794002607561930196e-01
9.897181478285879130e-01
9.944461351186854037e-01
9.770879526977087615e-01
9.850199203187250951e-01
9.880550681603454954e-01
9.905395417590538987e-01
9.859049332733542670e-01
9.880791722896986595e-01
9.806695615632441410e-01
9.904324531190202840e-01
9.878284923928077887e-01
9.782920469361147120e-01
9.872229465449804398e-01
9.785299806576401860e-01
9.814139941690962488e-01
9.893335016409997573e-01
9.905054644808743980e-01
9.785519125683059816e-01
9.927723676202070413e-01
9.824905448942429231e-01
9.734556660596722644e-01
9.803710094909405814e-01
9.863771817794806385e-01
9.812081558125380631e-01
9.792330383480826184e-01
9.810900201322979575e-01
9.814414900796327723e-01
9.738649690065338538e-01
9.937771779877042633e-01
9.869447992053357321e-01
9.633466135458168544e-01
9.847557086363056822e-01
9.945231575187520878e-01
9.908359704641349630e-01
9.829460269865066824e-01
9.868318122555410632e-01
9.799869621903520844e-01
9.741851368970013691e-01
9.899959983993598112e-01
9.874837027379399501e-01
9.766081871345029253e-01
9.810444874274661942e-01
9.831882911392404445e-01
9.866609904924080743e-01
9.724705548460337301e-01
9.855847100745060985e-01
9.916291854072963874e-01
9.890538311590942877e-01
9.855021711724331057e-01
9.797600210970464074e-01
9.850717079530638687e-01
9.846267553584626686e-01
9.877192982456139969e-01
9.843937575030012876e-01
9.876501552166284670e-01
9.941981747066492847e-01
9.881900391415845419e-01
9.859514687100894292e-01
9.833524684270953387e-01
9.903283850652271347e-01
9.895397489539748959e-01
9.889344262295081123e-01
9.691003911342893629e-01
9.821403557921277727e-01
9.838212634822804947e-01
9.813057233247052258e-01
9.904628518073895771e-01
9.677753141167775297e-01
9.760891159358592306e-01
9.917667701444189410e-01
9.908532013795172677e-01
9.916271097046414074e-01
9.848288754673569789e-01
9.810590903027878174e-01
9.835723598435461845e-01
9.831101643335362628e-01
9.880090818788137552e-01
9.865248226950353860e-01
9.667234284092521834e-01
9.898907103825136389e-01
9.922131147540983465e-01
9.782176812828153878e-01
9.925759910351590332e-01
9.919967987194877601e-01
9.883036839893541980e-01
9.868421052631579649e-01
9.925311203319502340e-01
9.783913565426171077e-01
9.820058997050147287e-01
9.890710382513661081e-01
9.808344198174706596e-01
9.901143033673154292e-01
9.855463347164592491e-01
9.833933573429372021e-01
9.814723320158104114e-01
9.901471183695504941e-01
9.812104430379746667e-01
9.884551600969511131e-01
9.822616407982260878e-01
9.823129251700680742e-01
9.872016105838367084e-01
9.886612021857923427e-01
9.754619364375461954e-01
9.808096372040902011e-01
9.841409097044134802e-01
9.836065573770491621e-01
9.825263438708816688e-01
9.835346563129134800e-01
9.772908366533864521e-01
9.805995130858187192e-01
9.800896624472573704e-01
9.926694329183956000e-01
9.794002607561930196e-01
9.885954381752701803e-01
9.823087431693988680e-01
9.789813023855578056e-01
9.855046094129062961e-01
9.810557684120901900e-01
9.814211212516297245e-01
9.934302844750605432e-01
9.841392649903287770e-01
9.890741000140076400e-01
9.853051431998800513e-01
9.825098039215687251e-01
9.891567802015563959e-01
9.916180758017494323e-01
9.877712989957887491e-01
9.899598393574297051e-01
9.839613391231264439e-01
9.775668679896462043e-01
9.782150955620343424e-01
9.819607843137254655e-01
9.873138096440293721e-01
9.821261838068560124e-01
9.848553006447743341e-01
9.814890710382514483e-01
9.849125364431486895e-01
9.872229465449804398e-01
9.761410788381742476e-01
9.810051736881004736e-01
9.835390946502058362e-01
9.887169568020631738e-01
9.852220198907409854e-01
9.863528481012658888e-01
9.899608865710560757e-01
9.819302423308586825e-01
9.898445160386608599e-01
9.826167163331914756e-01
9.733924611973393537e-01
9.897485493230174791e-01
9.809820193637621699e-01
9.874635568513120409e-01
9.919990723562152057e-01
9.862611711351206845e-01
9.809155383623467950e-01
9.907782276203328520e-01
9.763012859767299378e-01
9.883817427385892529e-01
9.909678270042193704e-01
9.830089589125733385e-01
9.912268862194628660e-01
9.885696632684584095e-01
9.824539257763190703e-01
9.769103201939023373e-01
9.868795921427500062e-01
9.834441980783443782e-01
9.898771764070725121e-01
9.679806362378976514e-01
9.859572784810126667e-01
9.763972545174395279e-01
9.869986168741355925e-01
9.903347807816220705e-01
9.852979957805907407e-01
9.824343015214385133e-01
9.846473029045643699e-01
9.879381297005818130e-01
9.882647679324894074e-01
9.916558018252934481e-01
9.894820717131475041e-01
9.863702623906704936e-01
9.854040839804429908e-01
9.777705345501955803e-01
9.874316939890710465e-01
9.875031557687452555e-01
9.847011952191234707e-01
9.906528616623525574e-01
9.877851261978674025e-01
9.846133081387502539e-01
9.868318122555410632e-01
9.818989071038251026e-01
9.883125864453665699e-01
9.812255541069100362e-01
9.753644314868804566e-01
9.904783325835957442e-01
9.910702895777522281e-01
9.867296446243815078e-01
9.764438768270186086e-01
9.861949956859361599e-01
9.813699397674744418e-01
9.809286898839136848e-01
9.860655737704917545e-01
9.796281645569620000e-01
9.765705838876570510e-01
9.901766877637130371e-01
9.733185513673319189e-01
9.805393586005831663e-01
9.925441265976870930e-01
9.853142076502732216e-01
9.634023583549037317e-01
9.874274661508704032e-01
9.704620045443069776e-01
9.836557204978257918e-01
9.950333475237690406e-01
9.895617529880478269e-01
9.933481152993348662e-01
9.777821729957805186e-01
9.868440502586842689e-01
9.788770414360913330e-01
9.843294460641399679e-01
9.817427385892115721e-01
9.905809605982168753e-01
9.893335016409996463e-01
9.856935654008438519e-01
9.890444309190504768e-01
9.880086745758387412e-01
9.872267759562841638e-01
9.850622406639004680e-01
9.820885200553250982e-01
9.868852459016393963e-01
9.768240879560220469e-01
9.843828085957020413e-01
9.867486338797814005e-01
9.878976486860304718e-01
9.777279731054769885e-01
9.814105293032495680e-01
9.909620991253644817e-01
9.830709645177411193e-01
9.685760667903524634e-01
9.894393741851369439e-01
9.903790087463556491e-01
9.763972545174393058e-01
9.829107718167811036e-01
9.888605080175960627e-01
9.831862446743760975e-01
9.891134289439373894e-01
9.847482791199890784e-01
9.771016711315219094e-01
9.896926536731633917e-01
9.777611194402798800e-01
9.894722634633553726e-01
9.778860569715143169e-01
9.802991084268046773e-01
9.835920177383592478e-01
9.886465110345707963e-01
9.862048283100913748e-01
9.833767926988266073e-01
9.769916594765603035e-01
9.951760104302478371e-01
9.872735116479725015e-01
9.811445147679325185e-01
9.849721706864563719e-01
9.950060736941558348e-01
9.837027379400260507e-01
9.913153102675444917e-01
9.832361516034985316e-01
9.871777567822916932e-01
9.860313815537696813e-01
9.852459016393442237e-01
9.812338222605695437e-01
9.869294605809129095e-01
9.905179282868527002e-01
9.769679300291544966e-01
9.905962384953982403e-01
9.869986168741355925e-01
9.878976486860304718e-01
9.827006583555120134e-01
9.901107594936708889e-01
9.840129749768303791e-01
9.885766993046687379e-01
9.814139941690962488e-01
9.813603164942179546e-01
9.839480874316939296e-01
9.808175573797955904e-01
9.829317269076305319e-01
9.797543528141450242e-01
9.836809990066694986e-01
9.785724421739747658e-01
9.821138211382114402e-01
9.935289042277826166e-01
9.928769017980636491e-01
9.894060012247397617e-01
9.861277844471121323e-01
9.746254555270615905e-01
9.938588203536239396e-01
9.857125848315274608e-01
9.844752186588920928e-01
9.798218383047644364e-01
9.915817114612295313e-01
9.843706777316735268e-01
9.689578713968957091e-01
9.892023215008773906e-01
9.814065077222970945e-01
9.782103825136612141e-01
9.858523602745482561e-01
9.918790604697651503e-01
9.863816189896530418e-01
9.863771817794806385e-01
9.896509491733006536e-01
9.823329076202639287e-01
9.865337796713328222e-01
9.816939890710383310e-01
9.832641770401107095e-01
9.868705591597157767e-01
9.800555415299168072e-01
9.702627939142463021e-01
9.946613545816732627e-01
9.920156884717747925e-01
9.866120218579234047e-01
9.840248962655602227e-01
9.886917960088692503e-01
9.847569744032210748e-01
9.709699453551912107e-01
9.935684647302904793e-01
9.741530570927250388e-01
9.963494132985658558e-01
9.803137254901960196e-01
9.813603164942178436e-01
9.906195168038871568e-01
9.790352504638218933e-01
9.800138312586446077e-01
9.889344262295081123e-01
9.905947441217151095e-01
9.881568627450980635e-01
9.868605689501211975e-01
9.845481049562682108e-01
9.831961128357403767e-01
9.810299869621904589e-01
9.842323651452281608e-01
9.851949025487256595e-01
9.825918762088976521e-01
9.821200510855684351e-01
9.807489451476794073e-01
9.906870022945066800e-01
9.834660547982183587e-01
9.846605308790182809e-01
9.880553864881314041e-01
9.912728820774797667e-01
9.897308330144150013e-01
9.901784375468586363e-01
9.830709645177411193e-01
9.738591916558018147e-01
9.891393442622951060e-01
9.892536919831222963e-01
9.768326417704010778e-01
9.891352549889134149e-01
9.861944777911163529e-01
9.819781467291046617e-01
9.762010347376200992e-01
9.926384839650145286e-01
9.956268221574344768e-01
9.881147540983606925e-01
9.770534550195567602e-01
9.861147327249022432e-01
9.891348360102577564e-01
9.947916666666667407e-01
9.928561423168511535e-01
9.936853317102860572e-01
9.883520276100086210e-01
9.835856573705179517e-01
9.813201541296699970e-01
9.765841959101235759e-01
9.826810616284300526e-01
9.816334259025497611e-01
9.827586206896551380e-01
9.938749194068342563e-01
9.800242947766230062e-01
9.839613391231264439e-01
9.829234972677595161e-01
9.833985693075989465e-01
9.796610169491525300e-01
9.853823088455772039e-01
9.770635605406958746e-01
9.876208897485493354e-01
9.767273206751054815e-01
9.905809605982168753e-01
9.861338797814207524e-01
9.683743169398907336e-01
9.924863387978142271e-01
9.838168923275305566e-01
9.904924081169292904e-01
9.837463556851311353e-01
9.922425032594524019e-01
9.817240147636623337e-01
9.801920768307322840e-01
9.825170411512244018e-01
9.884958297382800962e-01
9.866941529235382369e-01
9.776503164556962222e-01
9.822804314329737219e-01
9.889314601958280049e-01
9.884510060721514169e-01
9.832583708145926638e-01
9.824984539270253947e-01
9.928561423168511535e-01
9.810790835181079084e-01
9.865437158469945178e-01
9.804588502067493883e-01
9.782076079948419656e-01
9.794875031557688239e-01
9.862725871970865477e-01
9.939405536420461429e-01
9.870867035617992835e-01
9.839384532325550214e-01
9.774478218237848681e-01
9.825870646766169392e-01
9.791574279379156032e-01
9.861146175208280740e-01
9.825819672131147486e-01
9.902643455834945208e-01
9.967035864978903703e-01
9.947504564820450756e-01
9.778425655976675790e-01
9.876714135021097407e-01
9.848718307886258350e-01
9.787785404118223287e-01
9.894125683060108756e-01
9.920908279117234274e-01
9.890810401413784314e-01
9.795489564364756596e-01
9.878787878787879118e-01
9.914264597191425610e-01
9.887023478919465536e-01
9.677627337201805124e-01
9.843937575030010656e-01
9.690179806362378967e-01
9.768950437317783786e-01
9.948973083301441145e-01
9.864106988783434282e-01
9.833266639989328706e-01
9.882352941176469896e-01
9.918278602489128959e-01
9.915817114612295313e-01
9.925889328063240979e-01
9.861687413554633963e-01
9.822033898305084776e-01
9.840379637618636988e-01
9.825498007968127556e-01
9.736254980079681598e-01
9.910065059318791114e-01
9.820002801512817125e-01
9.879206212251941954e-01
9.704201421068890943e-01
9.788934426229508601e-01
9.880711941428932388e-01
9.840305892937472043e-01
9.909569442569847730e-01
9.882647679324894074e-01
9.905520313132676335e-01
9.863958736299160979e-01
9.881329113924051111e-01
9.850169910410874197e-01
9.757834757834757955e-01
9.786214242239805738e-01
9.884924312635156030e-01
9.868852459016392853e-01
9.930573087604140925e-01
9.817578772802653120e-01
9.746929410176812247e-01
9.814495254529768120e-01
9.883879781420764621e-01
9.772377083625156668e-01
9.847705696202531112e-01
9.745470232959447809e-01
9.885274665946821582e-01
9.873708381171067971e-01
9.758762594011636260e-01
9.767634854771783948e-01
9.818602045104357634e-01
9.796448316300887527e-01
9.888805597201399955e-01
9.900956284153006326e-01
9.867566216891554554e-01
9.704413551086517042e-01
9.784075573549257943e-01
9.866419294990723676e-01
9.931839654474288182e-01
9.862611711351206845e-01
9.848360655737704583e-01
9.953886693017127696e-01
9.765602530917457669e-01
9.914246196403873057e-01
9.911078717201166066e-01
9.921853388658368189e-01
9.810197506653594024e-01
9.881924198250728875e-01
9.770275949012466876e-01
9.827109266943292454e-01
9.708800690250215526e-01
9.850882531953742971e-01
9.823276950265084073e-01
9.836791147994466966e-01
9.825280414150129316e-01
9.859630179511404968e-01
9.718447961899425724e-01
9.791287295139374791e-01
9.914246196403873057e-01
9.880059970014992698e-01
9.775791116787285739e-01
9.770879526977087615e-01
9.916317991631800055e-01
9.882352941176471006e-01
9.927160666760049823e-01
9.761871410561704376e-01
9.820760799484204995e-01
9.783135604031126809e-01
9.717741935483871218e-01
9.871369294605809586e-01
9.847803268855900294e-01
9.795518963422864545e-01
9.802215189873417778e-01
9.696064139941690252e-01
9.787085025913994096e-01
9.804654011022657656e-01
9.920226793248945185e-01
9.867628519400476472e-01
9.883817427385892529e-01
9.938146932592779592e-01
9.802752944515396027e-01
9.887955182072828419e-01
9.899957428693061390e-01
9.863327149041434261e-01
9.857923497267759849e-01
9.860735009671178775e-01
9.949623953455370984e-01
9.881343095177985703e-01
9.943285528031291509e-01
9.783577796951393735e-01
9.808437067773166929e-01
9.841776642542926501e-01
9.812390336077743136e-01
9.854906195168038341e-01
9.793731778425655010e-01
9.906343124733929528e-01
9.888658367911480340e-01
9.718319852419470273e-01
9.812547336531177722e-01
9.841772151898734444e-01
9.772547468354431111e-01
9.860995850622406023e-01
9.905633602951611216e-01
9.838137472283813301e-01
9.840902069817732967e-01
9.908170914542729912e-01
9.913718723037100444e-01
9.807058823529412050e-01
9.892141756548537002e-01
9.881636083485082489e-01
9.746929410176812247e-01
9.767058823529412015e-01
9.860090264345583444e-01
9.878032700421941481e-01
9.950577986262354457e-01
9.884437596302003692e-01
9.938046647230320829e-01
9.849683544303797778e-01
9.747062461348175999e-01
9.903005464480874043e-01
9.868487183782878036e-01
9.853833090732653233e-01
9.820717131474103745e-01
9.855211123867839706e-01
9.789272030651341439e-01
9.806830168776372592e-01
9.793061472915398635e-01
9.863816189896530418e-01
9.808573540280857150e-01
9.842083951950331144e-01
9.848364978902953704e-01
9.845781466113416869e-01
9.804432855280313941e-01
9.839660626977279057e-01
9.735402808573538902e-01
9.694161260426320537e-01
9.904899573950092240e-01
9.854550907182486608e-01
9.890679660169914289e-01
9.769076305220883993e-01
9.950266860747210007e-01
9.814592503668133627e-01
9.844108516668915732e-01
9.854803830707444812e-01
9.680636202979044924e-01
9.916589434661724489e-01
9.809820193637621699e-01
9.850052481631428325e-01
9.809462180040264823e-01
9.855136733185513309e-01
9.912863070539418286e-01
9.881363244176013527e-01
9.920367121068970340e-01
9.852310022721535443e-01
9.948036172222972651e-01
9.848553006447744451e-01
9.851940776310523784e-01
9.956967213114753523e-01
9.833985693075989465e-01
9.928817946505608116e-01
9.905295451513939087e-01
9.918728772440562613e-01
9.840992087644552244e-01
9.938654841093865766e-01
9.888553350589588398e-01
9.915299453114578832e-01
9.828295728678870802e-01
9.859612724757953472e-01
9.797814207650272778e-01
9.676863097915728851e-01
9.931305855675602867e-01
9.844108516668916842e-01
9.767175057362667001e-01
9.874476987447698972e-01
9.850942230460302262e-01
9.877373417721519999e-01
9.821685360943341880e-01
9.895174050632911111e-01
9.757575757575757125e-01
9.819672131147541005e-01
9.794088807956295994e-01
9.775878974646309283e-01
9.836331834082958636e-01
9.918756128309287323e-01
9.813023855577047705e-01
9.921853388658368189e-01
9.843473870234789036e-01
9.878271454656116779e-01
9.739805234327449934e-01
9.766943291839557117e-01
9.850622406639003570e-01
9.843544137022397500e-01
9.839634941329856721e-01
9.764492753623188470e-01
9.864847046413501852e-01
9.829714772243507426e-01
9.756724683544304444e-01
9.911051968062754014e-01
9.759237028144591708e-01
9.935307456315859431e-01
9.873417721518986667e-01
9.915629322268326717e-01
9.920318725099601664e-01
9.761171032357472965e-01
9.834600506869414227e-01
9.858195902048975112e-01
9.884239286741444142e-01
9.637102734663709480e-01
9.873705122747268303e-01
9.912959381044488261e-01
9.869535519125683942e-01
9.855257556406981090e-01
9.729672200936568816e-01
9.864130434782608647e-01
9.847164591977870529e-01
9.660626977279264116e-01
9.871794871794872250e-01
9.912452724471214616e-01
9.858095643536256558e-01
9.816256830601093331e-01
9.844693701466782354e-01
9.916029389713600928e-01
9.910842680471670940e-01
9.923137254901961413e-01
9.768715763846621547e-01
9.644725092486285956e-01
9.817789175327304996e-01
9.861298545509071811e-01
9.833333333333332815e-01
9.929083665338646059e-01
9.771016711315219094e-01
9.917300253434706558e-01
9.856676599971619934e-01
9.901293850873682523e-01
9.820015822784811110e-01
9.769251054852321481e-01
9.876314162028447807e-01
9.923741395599946502e-01
9.835181079083518130e-01
9.886392325170412221e-01
9.755702523957348049e-01
9.822732805842969706e-01
9.853388658367912001e-01
9.861146175208280740e-01
9.885380116959063823e-01
9.834660547982183587e-01
9.853198400799599854e-01
9.700581807861502481e-01
9.856935654008438519e-01
9.898785425101215285e-01
9.851092896174863389e-01
9.874400403938399240e-01
9.847866419294990514e-01
9.913298652794451105e-01
9.941760138050043105e-01
9.914617486338798136e-01
9.812686249467857946e-01
9.810777709736682173e-01
9.840940525587827947e-01
9.847452816801476327e-01
9.854803830707444812e-01
9.899535162693057222e-01
9.875950380152060948e-01
9.875826697260088327e-01
9.708081679608858705e-01
9.970954356846473132e-01
9.800773694390715329e-01
9.819502074688796212e-01
9.762102351313969306e-01
9.870406189555125387e-01
9.852607709750567100e-01
9.925765960318532199e-01
9.866120218579235157e-01
9.900260756192960088e-01
9.846850733390855037e-01
9.867182462927143183e-01
9.857930189834659407e-01
9.854759850445786729e-01
9.836811878414344346e-01
9.838983050847457390e-01
9.899221839520347954e-01
9.804966932109596689e-01
9.802598700649675090e-01
9.936965961619275145e-01
9.894242891161226794e-01
9.835723598435462955e-01
9.731407747334323011e-01
9.920156884717747925e-01
9.744572158365262249e-01
9.860624737358173464e-01
9.775481566526342814e-01
9.867911479944675435e-01
9.904783325835957442e-01
9.896265560165974362e-01
9.855652595827268936e-01
9.671614934772829741e-01
9.701176470588235290e-01
9.846938775510203357e-01
9.820812715549557259e-01
9.858523602745482561e-01
9.709256329113924444e-01
9.847006651884701034e-01
9.903495748414090638e-01
9.905809605982168753e-01
9.872566371681417152e-01
9.881051175656985208e-01
9.835382513661202752e-01
9.743313201035375126e-01
9.771228902953585926e-01
9.904899573950091130e-01
9.869116698903932505e-01
9.838913013027034138e-01
9.726152122145959034e-01
9.774445893089960258e-01
9.812686249467859056e-01
9.888526727509777681e-01
9.757085020242914908e-01
9.903347807816220705e-01
9.910916747651441483e-01
9.805255435507536088e-01
9.895291449913299342e-01
9.831950207468880265e-01
9.799446749654218136e-01
9.825882734045999767e-01
9.851000425713068998e-01
9.863945578231292366e-01
9.840103159252095999e-01
9.926525715999400257e-01
9.811089619600258382e-01
9.705959915611814814e-01
9.827560353876143573e-01
9.775628626692456358e-01
9.840445269016697694e-01
9.875283446712017632e-01
9.940467852640425539e-01
9.861516034985422507e-01
9.884839650145773593e-01
9.819302423308586825e-01
9.802213001383125457e-01
9.807221147646679738e-01
9.899571341090017684e-01
9.882075471698112956e-01
9.806316641921986044e-01
9.887058823529411011e-01
9.911067193675890952e-01
9.931010928961748752e-01
9.870519198877407696e-01
9.850746268656717097e-01
9.813057233247052258e-01
9.791059280855198832e-01
9.832583708145927748e-01
9.878618113912231991e-01
9.887895558393642315e-01
9.890670553935859699e-01
9.876501552166283560e-01
9.804473524041388277e-01
9.816326530612246026e-01
9.914293248945147408e-01
9.825136612021858618e-01
9.934164448802352831e-01
9.787785404118224397e-01
9.853825136612022195e-01
9.924636521275176371e-01
9.882653061224490054e-01
9.783246631986127761e-01
9.876293297345928313e-01
9.827109266943292454e-01
9.727552878554418525e-01
9.868705591597156657e-01
9.756634028664680214e-01
9.781966001478196171e-01
9.828235294117646514e-01
9.841682023789578571e-01
9.859514687100894292e-01
9.832470520563704186e-01
9.790348101265823333e-01
9.822513159670670513e-01
9.861654744229990666e-01
9.866528354080220664e-01
9.765150492644081304e-01
9.775314116777531481e-01
9.857276243830865869e-01
9.798347910592808407e-01
9.901299350324838100e-01
9.794002607561929086e-01
9.880553864881314041e-01
9.752417794970985598e-01
9.804594481019750507e-01
9.831611174894757665e-01
9.878976486860303607e-01
9.860995850622406023e-01
9.829936563638818070e-01
9.901798063623789004e-01
9.754098360655738542e-01
9.833985693075988355e-01
9.902627717753768044e-01
9.836734693877551283e-01
9.874400403938399240e-01
9.813422995780590741e-01
9.905976676384840029e-01
9.806274509803921680e-01
9.871939030484757627e-01
9.829446064139940598e-01
9.820193637621024152e-01
9.814741561181434815e-01
9.821382007822686555e-01
9.833116036505867852e-01
9.810009267840593683e-01
9.818118948824343661e-01
9.805931656995486856e-01
9.839766081871345049e-01
9.744572158365261139e-01
9.926229508196720008e-01
9.748346275524877314e-01
9.738071194142893239e-01
9.739522888459057892e-01
9.800242947766231172e-01
9.778491436100131828e-01
9.902085994040017436e-01
9.874353288987435251e-01
9.773142112125162706e-01
9.887102946804439130e-01
9.904371584699454001e-01
9.909404659188955078e-01
9.734685073339085504e-01
9.848832501012281249e-01
9.840354767184035234e-01
9.899859675979079121e-01
9.719881744271988699e-01
9.777919682134241786e-01
9.887241272783441337e-01
9.889558232931726645e-01
9.835181079083518130e-01
9.803961748633880369e-01
9.847078514911746794e-01
9.841817658901351740e-01
9.829107718167811036e-01
9.887186036611324003e-01
9.779799578059071852e-01
9.758726270667483771e-01
9.896265560165975472e-01
9.800291545189504516e-01
9.921568627450979561e-01
9.862352774230168651e-01
9.972303206997084057e-01
9.694117647058824172e-01
9.888648940477797744e-01
9.713861519773249187e-01
9.846387130801687038e-01
9.812907431551498583e-01
9.878279883381924087e-01
9.851733958787067813e-01
9.786392405063291111e-01
9.888605080175961737e-01
9.850882531953742971e-01
9.782705099778270519e-01
9.761752988047809332e-01
9.871830788625858277e-01
9.837482710926693796e-01
9.896509113376582567e-01
9.963318660797652049e-01
9.849581382148431263e-01
9.853833090732653233e-01
9.885267275097783246e-01
9.811734364925854823e-01
9.951166180758017621e-01
9.845528455284552338e-01
9.754889178617993650e-01
9.883196721311474642e-01
9.901947051407760103e-01
9.785073839662448147e-01
9.888483965014577270e-01
9.719887955182072714e-01
9.795800977854471903e-01
9.923065861374749108e-01
9.794844108516668202e-01
9.853941576630652621e-01
9.906921539230384433e-01
9.863679308948575253e-01
9.901784375468586363e-01
9.867219917012448605e-01
9.856413994169096471e-01
9.941956882255389427e-01
9.873851806491120708e-01
9.792531120331949834e-01
9.922841396203306852e-01
9.790582899826596464e-01
9.846850733390855037e-01
9.822616407982260878e-01
9.872044055717524857e-01
9.903085443037975555e-01
9.852881630449453754e-01
9.871695680206319379e-01
9.837463556851311353e-01
9.747410245494536607e-01
9.957522397281433069e-01
9.777833880333249850e-01
9.909569442569847730e-01
9.820490989073364929e-01
9.712144558061353017e-01
9.878271454656116779e-01
9.854508196721312174e-01
9.774781341107872112e-01
9.792603698150924574e-01
9.920716112531968722e-01
9.872603586889301397e-01
9.822588705647176122e-01
9.895833333333332593e-01
9.842572062084256057e-01
9.873949579831933221e-01
9.887295081967213406e-01
9.764849969381507178e-01
9.894047779727359604e-01
9.885137974506233993e-01
9.756518633170615518e-01
9.816233858379451727e-01
9.745991201929899983e-01
9.770491803278689158e-01
9.858955324605210846e-01
9.872364953886694217e-01
9.853925745587340801e-01
9.823862869483059868e-01
9.870815138282387213e-01
9.787932340318102886e-01
9.839215686274509487e-01
9.900273224043716347e-01
9.929460580912863321e-01
9.755924506882360792e-01
9.846617173273567447e-01
9.827264239028945525e-01
9.857354028085735242e-01
9.831751509922347365e-01
9.773242630385488017e-01
9.868738470271037899e-01
9.730354391371340839e-01
9.767843137254902386e-01
9.845216416865107956e-01
9.935974389755902747e-01
9.866362451108213749e-01
9.871577574967405067e-01
9.701880752300920951e-01
9.808344198174706596e-01
9.866264020707506965e-01
9.882605402676091222e-01
9.809647979139504148e-01
9.836811878414344346e-01
9.845077461269364782e-01
9.833702882483370544e-01
9.766073679787085071e-01
9.810109289617486850e-01
9.934810951760104647e-01
9.881812614819349694e-01
9.847677595628414604e-01
9.892842134752766192e-01
9.808096372040902011e-01
9.916320885200553548e-01
9.893499308437068152e-01
9.773923606424619326e-01
9.818306010928962158e-01
9.913554633471646227e-01
9.827208252740167183e-01
9.892759562841529908e-01
9.698707805907174073e-01
9.747451343836885940e-01
9.905004633920296842e-01
9.946064139941690474e-01
9.803254635187409471e-01
9.772861356932153187e-01
9.800586901427237319e-01
9.872752420470262136e-01
9.820089955022489603e-01
9.663251366120217956e-01
9.864576993304930985e-01
9.795657726692209577e-01
9.886621315192744008e-01
9.889830508474576343e-01
9.868028948488718477e-01
9.886297376093295952e-01
9.894719792678975390e-01
9.847482791199891894e-01
9.815259437108175833e-01
9.828875467356916751e-01
9.844452773613193708e-01
9.804966932109596689e-01
9.958294717330862245e-01
9.836065573770491621e-01
9.820760799484203885e-01
9.772475795297371759e-01
9.830007390983001025e-01
9.828295728678870802e-01
9.866618075801749654e-01
9.845089903181190039e-01
9.903294651193812470e-01
9.880553864881315151e-01
9.892698069914968029e-01
9.777911164465785676e-01
9.734507746126936922e-01
9.820966350301983949e-01
9.828551912568306292e-01
9.761904761904761640e-01
9.878748370273794377e-01
9.779367011564211731e-01
9.919438285291943824e-01
9.841530054644809233e-01
9.925662168915543315e-01
9.815800532287435320e-01
9.903961584633853565e-01
9.973029045643153623e-01
9.805294859223980808e-01
9.878143133462282677e-01
9.792688051547835393e-01
9.817470664928291679e-01
9.876733436055470383e-01
9.883945841392649534e-01
9.921161825726141359e-01
9.879285047352274196e-01
9.933132010353752372e-01
9.846311475409836866e-01
9.802908534251817407e-01
9.826306205350889833e-01
9.814814814814815103e-01
9.822050290135396766e-01
9.852418860992038230e-01
9.871050934880722938e-01
9.930677290836652515e-01
9.855848960326571984e-01
9.798225887056470906e-01
9.857594936708860001e-01
9.865190861359444119e-01
9.748564224681328660e-01
9.852005532503457230e-01
9.923772826269057212e-01
9.843815660456647354e-01
9.811882366948446732e-01
9.744813278008298552e-01
9.839648077195970455e-01
9.805736636245110383e-01
9.667528910529520347e-01
9.871372549019608034e-01
9.761871410561702156e-01
9.808148734177215555e-01
9.906875877025130839e-01
9.827772628977448077e-01
9.778270509977826652e-01
9.945241199478487282e-01
9.699872286079181949e-01
9.825136612021858618e-01
9.721311475409836200e-01
9.848157646106087126e-01
9.805736636245110383e-01
9.819813740045889583e-01
9.796812749003984688e-01
9.829936563638818070e-01
9.832470520563705296e-01
9.913500154464010006e-01
9.885057471264367956e-01
9.846317711503347336e-01
9.888459058671824620e-01
9.904695783892956129e-01
9.849043715846994562e-01
9.776500638569604051e-01
9.862669245647969207e-01
9.913438342557117089e-01
9.875124166311904927e-01
9.902820893507895406e-01
9.787085025913992986e-01
9.911051968062754014e-01
9.880644233534655596e-01
9.883953581432572966e-01
9.796680497925310815e-01
9.926460288555820632e-01
9.913725490196078072e-01
9.811976727685540745e-01
9.907854050711193405e-01
9.826597131681877872e-01
9.886827458256030043e-01
9.703419894990776839e-01
9.715447154471543723e-01
9.895397489539747848e-01
9.880684657671163773e-01
9.894261766602192587e-01
9.738823529411764213e-01
9.912314635718891820e-01
9.869803921568627292e-01
9.836734693877550173e-01
9.765332133753186206e-01
9.787234042553190072e-01
9.845870330038531959e-01
9.929941933855086500e-01
9.743878060969515253e-01
9.803399852180340046e-01
9.831309041835357698e-01
9.926099495313626120e-01
9.900121473883114476e-01
9.894305435720448516e-01
9.764227642276422925e-01
9.873417721518987777e-01
9.858156028368795232e-01
9.946709916589434597e-01
9.965986394557824202e-01
9.790983606557377428e-01
9.803339517625231370e-01
9.938155922038980350e-01
9.856573705179282330e-01
9.829446064139941708e-01
9.841832963784183930e-01
9.767175057362667001e-01
9.846303793672215310e-01
9.807715860379669914e-01
9.887657058388765741e-01
9.930006086427267675e-01
9.726124592024976145e-01
9.839265212399540550e-01
9.834627552487775759e-01
9.879098360655736988e-01
9.856656948493682791e-01
9.879032258064516236e-01
9.919017411256579875e-01
9.760181637576272884e-01
9.831223628691982963e-01
9.901798063623790114e-01
9.880722114764668440e-01
9.806851311953352912e-01
9.869753003104332345e-01
9.920469361147327136e-01
9.857354028085734132e-01
9.881329113924051111e-01
9.759475218658891782e-01
9.892623716153128299e-01
9.893571732652192141e-01
9.764672923378624469e-01
9.856422468132791659e-01
9.737605485232067037e-01
9.862325882734045424e-01
9.817622950819672178e-01
9.784224250325945782e-01
9.786443148688046545e-01
9.796865489957394812e-01
9.887755102040816091e-01
9.765602530917458779e-01
9.795622362869198518e-01
9.821562453141401416e-01
9.911479944674965736e-01
9.834144856968960458e-01
9.795251433906895233e-01
9.870177587262707330e-01
9.815885575167376809e-01
9.847667638483965646e-01
9.886621315192744008e-01
9.921985815602837322e-01
9.869078148198137113e-01
9.858095643536257668e-01
9.812586445366527910e-01
9.903505037604655170e-01
9.864071038251366330e-01
9.845501955671447369e-01
9.855685131195335291e-01
9.900497512437811398e-01
9.944551901998709420e-01
9.906639004149377925e-01
9.755830903790086994e-01
9.769017980636238718e-01
9.901856360316493300e-01
9.803961748633880369e-01
9.735672514619881923e-01
9.847677595628414604e-01
9.851063829787234383e-01
9.669421487603305776e-01
9.930475825998215100e-01
9.801020408163265696e-01
9.878087649402390591e-01
9.865047233468285937e-01
9.799755052051439819e-01
9.943870391631585148e-01
9.718866839229219901e-01
9.893372924821163261e-01
9.693148688046647754e-01
9.797524633501561997e-01
9.910996835443037778e-01
9.873769250189345925e-01
9.699872286079181949e-01
9.844693701466782354e-01
9.860548807917228764e-01
9.819927971188475713e-01
9.797590698977448609e-01
9.781347010392765773e-01
9.789928946555452871e-01
9.840783465513097683e-01
9.864187763713079260e-01
9.872881355932202618e-01
9.796585300786981865e-01
9.857276243830865869e-01
9.828552803129073645e-01
9.892857142857143238e-01
9.760083970610285986e-01
9.884540410856200721e-01
9.765957446808509745e-01
9.866811861283297791e-01
9.915184453227932071e-01
9.950456323337678599e-01
9.825034578146610853e-01
9.836111500210114045e-01
9.874984054088531416e-01
9.819071945508727195e-01
9.897485493230174791e-01
9.824630801687763704e-01
9.787891860799540211e-01
9.896492616033755185e-01
9.834681424719738940e-01
9.891289849273043888e-01
9.877792772529614407e-01
9.911885245901639330e-01
9.786324786324785974e-01
9.820002801512817125e-01
9.843195686107562015e-01
9.833384053560559890e-01
9.869565217391303991e-01
9.960443037974683334e-01
9.766759345072598686e-01
9.958565737051793265e-01
9.856584093872229335e-01
9.851708575112830824e-01
9.737288135593219485e-01
9.670121865807534967e-01
9.887187088274045355e-01
9.811838244674065956e-01
9.805591031644671496e-01
9.947518368571000025e-01
9.892549019607843608e-01
9.863762102351314454e-01
9.862244897959183687e-01
9.871713147410359213e-01
9.738880559720139996e-01
9.901095556908094952e-01
9.804780876494023634e-01
9.885696632684584095e-01
9.854447776111943114e-01
9.811924769907962585e-01
9.890538033395176454e-01
9.915817114612295313e-01
9.919087136929459758e-01
9.840949255238575777e-01
9.872950819672131617e-01
9.746835443037975555e-01
9.648077195969916309e-01
9.812593703148425606e-01
9.809467299578058519e-01
9.789439585357951890e-01
9.799691833590138401e-01
9.867827208252739624e-01
9.897422054258334656e-01
9.741326841144247739e-01
9.891567802015563959e-01
9.785944551901998301e-01
9.912631719354408899e-01
9.810126582278481111e-01
9.904656319290465749e-01
9.660519125683061370e-01
9.939067096231966048e-01
9.954702329594478094e-01
9.897265336289726712e-01
9.931010928961749862e-01
9.894624516473256026e-01
9.885766993046687379e-01
9.844409282700422592e-01
9.802286067346308585e-01
9.845628415300545777e-01
9.873443983402490076e-01
9.881005173688101051e-01
9.872506942691239296e-01
9.778688524590164466e-01
9.915875754961173127e-01
9.825776019476567535e-01
9.896530736457700428e-01
9.798833819241983267e-01
9.767849912268862234e-01
9.819426336375488562e-01
9.813422995780590741e-01
9.792819543798083615e-01
9.839727195225916878e-01
9.839480874316940406e-01
9.931010928961747641e-01
9.930573087604139815e-01
9.914163090128755851e-01
9.939405297351324720e-01
9.755021302495435753e-01
9.917950012623074629e-01
9.882928905917411910e-01
9.826608649789029259e-01
9.856800119958014639e-01
9.803352675693101093e-01
9.891875193080013062e-01
9.866098600121728790e-01
9.898445160386608599e-01
9.898305084745763205e-01
9.845458226481305086e-01
9.854508196721311064e-01
9.838212634822803837e-01
9.844789356984479101e-01
9.806586137474834208e-01
9.863327149041435371e-01
9.868605689501210865e-01
9.884551600969511131e-01
9.848484848484848619e-01
9.904656319290465749e-01
9.724846303793672764e-01
9.841772151898734444e-01
9.727543635589612769e-01
9.858012170385395123e-01
