9.733966062697728683e-01
9.905867182462926301e-01
9.866618075801749654e-01
9.914937759336099887e-01
9.836811878414344346e-01
9.835408022130013306e-01
9.855722089928562468e-01
9.748875562218889401e-01
9.859571322985957176e-01
9.896857923497268672e-01
9.785684269505532384e-01
9.741024549453668469e-01
9.896840747904578350e-01
9.716709807305148328e-01
9.749628829801592067e-01
9.614729672200935662e-01
9.726683762990956383e-01
9.790300546448086338e-01
9.851949025487256595e-01
9.882007822685788812e-01
9.711697920653145077e-01
9.737206085753803420e-01
9.872567191844300316e-01
9.864431486880466116e-01
9.883520276100086210e-01
9.871439873417721111e-01
9.794970986460348472e-01
9.793853073463267833e-01
9.615384615384614531e-01
9.858832224685883938e-01
9.910096818810512076e-01
9.760667903525046540e-01
9.876093294460640548e-01
9.849302744039586388e-01
9.853367433930093622e-01
9.843255680184066492e-01
9.843255680184066492e-01
9.828835582208895749e-01
9.931527693244066590e-01
9.874135546334716906e-01
9.910630919034281172e-01
9.745019920318725992e-01
9.880791722896985485e-01
9.759475218658891782e-01
9.791427477994641970e-01
9.916909620991253282e-01
9.864541832669322385e-01
9.974486541650720017e-01
9.763082920977658175e-01
9.900392156862743986e-01
9.844693701466782354e-01
9.931012250161186383e-01
9.831265839669200979e-01
9.745626822157433811e-01
9.765332133753187316e-01
9.805490196078430198e-01
9.839615668883963107e-01
9.706643658326142843e-01
9.780326885590043817e-01
9.806122448979591733e-01
9.829234972677595161e-01
9.831882911392405555e-01
9.818513119533527345e-01
9.804852320675104815e-01
9.808096372040902011e-01
9.809647979139504148e-01
9.799562682215743337e-01
9.924187287724405282e-01
9.919521912350597326e-01
9.779799578059071852e-01
9.856557377049179891e-01
9.801430310407790447e-01
9.810951760104301700e-01
9.913633966244725926e-01
9.875488917861799942e-01
9.774052478134110933e-01
9.777244231025743471e-01
9.796519988495829834e-01
9.893372924821163261e-01
9.784922394678492452e-01
9.777705345501955803e-01
9.796189942568986897e-01
9.896747199352139424e-01
9.850702143385070553e-01
9.745750184774575331e-01
9.890040621935844989e-01
9.835934373749499748e-01
9.872875092387287665e-01
9.897119341563785921e-01
9.975409836065574076e-01
9.777919682134241786e-01
9.672364672364671678e-01
9.775081595004966317e-01
9.750665359294018453e-01
9.873339511893728382e-01
9.799479166666666963e-01
9.824094604582409573e-01
9.845535990114303582e-01
9.789617486338798580e-01
9.882513661202186883e-01
9.839265212399540550e-01
9.723889555822329278e-01
9.696035859364056098e-01
9.699355225671015823e-01
9.877049180327869271e-01
9.652673663168416240e-01
9.797549967762733125e-01
9.863266814486326695e-01
9.763362673810435099e-01
9.742628685657171994e-01
9.742115027829313378e-01
9.578890538534213794e-01
9.882928905917411910e-01
9.943306010928961713e-01
9.900666950475379702e-01
9.768578878748370720e-01
9.710382513661202086e-01
9.866692180125016254e-01
9.833558254610885729e-01
9.898052343274498233e-01
9.744036105738234088e-01
9.765150492644081304e-01
9.792046936114733313e-01
9.806316641921987154e-01
9.858823529411764319e-01
9.827109266943292454e-01
9.908866234167438281e-01
9.941217150760718324e-01
9.760811327975507101e-01
9.786202185792349795e-01
9.879098360655738098e-01
9.868403293291941880e-01
9.818362423726409993e-01
9.838797814207649317e-01
9.831634229224590626e-01
9.739280774550485020e-01
9.758017492711369423e-01
9.782069970845480578e-01
9.838585109669447659e-01
9.774802191113816097e-01
9.750683060109289757e-01
9.797590698977447499e-01
9.787483702737940217e-01
9.794002607561930196e-01
9.741156169111302443e-01
9.805995130858186082e-01
9.827050997782704744e-01
9.907569721115537797e-01
9.946686462410581075e-01
9.747228381374724027e-01
9.850802219223271372e-01
9.749587644324486657e-01
9.780781622075921389e-01
9.763362673810435099e-01
9.905947441217151095e-01
9.865058670143416197e-01
9.743807040417209464e-01
9.778207607994841011e-01
9.784985422740525296e-01
9.740595809139106498e-01
9.924180327868852292e-01
9.872950819672131617e-01
9.728393183201461403e-01
9.637204090208713048e-01
9.846617173273568557e-01
9.755536381938452184e-01
9.863771817794807495e-01
9.859251369446135893e-01
9.784070796460175856e-01
9.872735116479723905e-01
9.717235794304224239e-01
9.791422348802144571e-01
9.870295396611186156e-01
9.810557684120903010e-01
9.805577689243027972e-01
9.653016966449802228e-01
9.843433742112157603e-01
9.835179324894516295e-01
9.674537731134433827e-01
9.867014341590613080e-01
9.855932203389830004e-01
9.786831812255540886e-01
9.839935974389756312e-01
9.863754889178618646e-01
9.878542510121457454e-01
9.733075435203094594e-01
9.853639240506328889e-01
9.851709947495388420e-01
9.777919682134240675e-01
9.804016844833172151e-01
9.830084957521239009e-01
9.836557204978257918e-01
9.802493346407059605e-01
9.680247890295359259e-01
9.827249022164276093e-01
9.782705099778270519e-01
9.828070175438596845e-01
9.839935974389755202e-01
9.895397489539748959e-01
9.746414602346805678e-01
9.864354163854770485e-01
9.772243507875691959e-01
9.807373389462942237e-01
9.817064027590342024e-01
9.916317991631798945e-01
9.760928961748632782e-01
9.902868318122555191e-01
9.850119064294718951e-01
9.801092589998599003e-01
9.953983318953121273e-01
9.851273842870481579e-01
9.750184774575018087e-01
9.931885908897402082e-01
9.885274665946820472e-01
9.840305892937470933e-01
9.706619198312237407e-01
9.797238999137187765e-01
9.825263438708815578e-01
9.865710560625815528e-01
9.851643335362142428e-01
9.755924506882360792e-01
9.651837524177949712e-01
9.907762168298567262e-01
9.869535519125682832e-01
9.730191256830601487e-01
9.835390946502057252e-01
9.779380865667460787e-01
9.775243430705615744e-01
9.855722089928562468e-01
9.828875467356916751e-01
9.836099585062241246e-01
9.877284247032145359e-01
9.806489675516224525e-01
9.891429393155019012e-01
9.810299869621903479e-01
9.880290392338585415e-01
9.941908713692946264e-01
9.835267440309456433e-01
9.855895915678525299e-01
9.892698069914968029e-01
9.823312236286919630e-01
9.802270697793086240e-01
9.810790835181079084e-01
9.761904761904761640e-01
9.918751797526603742e-01
9.819672131147541005e-01
9.836659275683665715e-01
9.770976327216698287e-01
9.797543528141449132e-01
9.746584699453552103e-01
9.859277044150993596e-01
9.723180903077365267e-01
9.761752988047809332e-01
9.932288496652464937e-01
9.814082278481012223e-01
9.763485477178422967e-01
9.891786179921774336e-01
9.782579698546084446e-01
9.929644808743169904e-01
9.804642166344293974e-01
9.890829694323144405e-01
9.882219384135093598e-01
9.735332464146022602e-01
9.825232810307437115e-01
9.825274016763377860e-01
9.854321333520100756e-01
9.806567701304542695e-01
9.923921568627450673e-01
9.772930220691414815e-01
9.884839650145772483e-01
9.914965986394557174e-01
9.796879827000308794e-01
9.703039641406359106e-01
9.848288754673569789e-01
9.835600907029478090e-01
9.865882352941176547e-01
9.835268871497097054e-01
9.675870348139256061e-01
9.814814814814815103e-01
9.837431693989071579e-01
9.816326530612243806e-01
9.858539765319426218e-01
9.730982019363761948e-01
9.735402808573540012e-01
9.741734071235986780e-01
9.900064474532559444e-01
9.638604846617173649e-01
9.902426160337551853e-01
9.883963494132985694e-01
9.941868609048886141e-01
9.768875192604006275e-01
9.838938555413651033e-01
9.813747228381375365e-01
9.854932301740813028e-01
9.842323651452282718e-01
9.905247813411078850e-01
9.769248608534323308e-01
9.887288248632786214e-01
9.793036750483558039e-01
9.760833708202129033e-01
9.718309859154929953e-01
9.780082987551866891e-01
9.842431434599155926e-01
9.909638554216867457e-01
9.863004454042382241e-01
9.713469261662033283e-01
9.866195405200707258e-01
9.883275928052047687e-01
9.834307992202729887e-01
9.813747228381374255e-01
9.803617222297205114e-01
9.778008298755186400e-01
9.800237341772152222e-01
9.794088807956295994e-01
9.866528354080221774e-01
9.882336461689312790e-01
9.814082278481013333e-01
9.841632088520055888e-01
9.842323651452282718e-01
9.859514687100893182e-01
9.801555907172996296e-01
9.720990873533246202e-01
9.807171314741035539e-01
9.715014577259476480e-01
9.867702041990220607e-01
9.863102998696219315e-01
9.772540983606556875e-01
9.838424640242362518e-01
9.685258964143427241e-01
9.808024158757548960e-01
9.773923606424619326e-01
9.820488594952084815e-01
9.797262059973925741e-01
9.795081967213115082e-01
9.928769017980636491e-01
9.803780964797914610e-01
9.766034985422741288e-01
9.834307992202729887e-01
9.840540885317003994e-01
9.877043034937772470e-01
9.730381722718887127e-01
9.916594765602531059e-01
9.781482000280151690e-01
9.788876132159713972e-01
9.786202185792349795e-01
9.799578059071730740e-01
9.857354028085735242e-01
9.928138185654008518e-01
9.880266075388026703e-01
9.860058309037900148e-01
9.819689592209374096e-01
9.905737704918031739e-01
9.793643945930399219e-01
9.829787234042552946e-01
9.715980812926029442e-01
9.831309041835356588e-01
9.716191287072513116e-01
9.794422310756972783e-01
9.837398373983740063e-01
9.853639240506328889e-01
9.889135254988914436e-01
9.645026319341341026e-01
9.801749271137026875e-01
9.753803596127248454e-01
9.741875179752659264e-01
9.931204241353193130e-01
9.889240506329114444e-01
9.810559951308581716e-01
9.825870646766168282e-01
9.806010928961748085e-01
9.853388658367912001e-01
9.850622406639004680e-01
9.795765027322403951e-01
9.900674662668665915e-01
9.905672163918042283e-01
9.717213114754098546e-01
9.804979253112033888e-01
9.765373301582855881e-01
9.719738895984105786e-01
9.856413994169096471e-01
9.726386806596701851e-01
9.856215213358070493e-01
9.868318122555410632e-01
9.854227405247814042e-01
9.815800532287435320e-01
9.774478218237847571e-01
9.885057471264367956e-01
9.779367011564211731e-01
9.878748370273793267e-01
9.789445269267107452e-01
9.868605689501211975e-01
9.804472763618190534e-01
9.690154922538730675e-01
9.845458226481307307e-01
9.788230884557722611e-01
9.911561691113027761e-01
9.863266814486326695e-01
9.835438193647149108e-01
9.810316389263757930e-01
9.851368970013036908e-01
9.889991371872304260e-01
9.856584093872230445e-01
9.774949669255105222e-01
9.767932489451477407e-01
9.833024118738403763e-01
9.807666351734376509e-01
9.939374185136897744e-01
9.760470654153241554e-01
9.834548104956267744e-01
9.850857065730868056e-01
9.733384360250031397e-01
9.840163934426229275e-01
9.777106701179176795e-01
9.780082987551866891e-01
9.751394422310757371e-01
9.905247813411078850e-01
9.789915966386554258e-01
9.799446749654219246e-01
9.890041493775934001e-01
9.810197506653592914e-01
9.781118143459914815e-01
9.751312944084028489e-01
9.881509862352774176e-01
9.803206997084548124e-01
9.861533779671333155e-01
9.782786885245901010e-01
9.863461216284135080e-01
9.830861909175162561e-01
9.871777567822918042e-01
9.885057471264366846e-01
9.680715197956577533e-01
9.779009608277901000e-01
9.861230946218003668e-01
9.880359612724757268e-01
9.817513778322106699e-01
9.899959983993597001e-01
9.800242947766230062e-01
9.719935213929005169e-01
9.856530539349922515e-01
9.878279883381922977e-01
9.863004454042381131e-01
9.802286067346307474e-01
9.757952973720608325e-01
9.869179600886918147e-01
9.769199622081252699e-01
9.851551956815113309e-01
9.814207650273223393e-01
9.848017929682029159e-01
9.804472763618191644e-01
9.846317711503348447e-01
9.827586206896550269e-01
9.872627066748316249e-01
9.854548034624662778e-01
9.772519780888617724e-01
9.883879781420764621e-01
9.774550484094052250e-01
9.786839666357739498e-01
9.677480434233779460e-01
9.762793914246197247e-01
9.694023904382470525e-01
9.788485782322453588e-01
9.818306010928962158e-01
9.852697095435684060e-01
9.705099778270510624e-01
9.810900201322979575e-01
9.821038251366119853e-01
9.796680497925310815e-01
9.892023215008772796e-01
9.852020860495437349e-01
9.810980392156863905e-01
9.936092513694461115e-01
9.763800782831690839e-01
9.813234384662955501e-01
9.921161825726140249e-01
9.745218579234973255e-01
9.783540802213001042e-01
9.873725490196078036e-01
9.625589998724326524e-01
9.870262390670553332e-01
9.763800782831690839e-01
9.729465449804433064e-01
9.795297372060857155e-01
9.800724637681159646e-01
9.853642811089620146e-01
9.824038597984957599e-01
9.837816455696203333e-01
9.819138885139695461e-01
9.745579700364421782e-01
9.889955982392957257e-01
9.892726719415703140e-01
9.926209734638853366e-01
9.839265212399539440e-01
9.836557204978256808e-01
9.824462768615691566e-01
9.786831812255541996e-01
9.823770491803278659e-01
9.773206751054853703e-01
9.701936376210235080e-01
9.846267553584626686e-01
9.695878351340536661e-01
9.758053072229317948e-01
9.733924611973391317e-01
9.775510204081632182e-01
9.924927113702624037e-01
9.704918032786884474e-01
9.898956975228161426e-01
9.810951760104303920e-01
9.904170603320285871e-01
9.814741561181434815e-01
9.883737218097773392e-01
9.825015216068168078e-01
9.872735116479723905e-01
9.784860557768925160e-01
9.868487183782878036e-01
9.880080787679879073e-01
9.780326885590043817e-01
9.856728098964908646e-01
9.886476514829005691e-01
9.901353965183752326e-01
9.838709677419354982e-01
9.835411122005883744e-01
9.907103825136611697e-01
9.846133081387501429e-01
9.803780964797914610e-01
9.837581209395303006e-01
9.825280414150129316e-01
9.674403610573822920e-01
9.869462025316455556e-01
9.819528329019269197e-01
9.849043715846993452e-01
9.905737704918032849e-01
9.859972677595628676e-01
9.870406189555125387e-01
9.833971902937420628e-01
9.860058309037901259e-01
9.859843546284224880e-01
9.881533515894750375e-01
9.847939175670268330e-01
9.849785407725322184e-01
9.774949669255105222e-01
9.773863068465767912e-01
9.751450421940928148e-01
9.689032077321753089e-01
9.807719596991627542e-01
9.785093463507561484e-01
9.938155922038980350e-01
9.905998763141621311e-01
9.845216416865106845e-01
9.743532889874353398e-01
9.814890710382513372e-01
9.835267440309456433e-01
9.752417794970987819e-01
9.815071951527392091e-01
9.888639865527385497e-01
9.818216609261385397e-01
9.791400595998297485e-01
9.805641787015791921e-01
9.855722089928561358e-01
9.761449164434239378e-01
9.838137472283813301e-01
9.813809644029285462e-01
9.866803278688525136e-01
9.835589941972920913e-01
9.785733122362869629e-01
9.833384053560559890e-01
9.857871720116618830e-01
9.791007383966244815e-01
9.744361955455945745e-01
9.893542512956996493e-01
9.815573770491803351e-01
9.762087000892971655e-01
9.878818480181772443e-01
9.869729654013166265e-01
9.876570583887657184e-01
9.866962305986696213e-01
9.852941176470588758e-01
9.774339136041263476e-01
9.879951980792316402e-01
9.803596127247579117e-01
9.879008746355684156e-01
9.668325041459370217e-01
9.865545010066149034e-01
9.831265839669200979e-01
9.865098039215686176e-01
9.650622282201229973e-01
9.854803830707445922e-01
9.922595520421607640e-01
9.893499308437067041e-01
9.685788787483702311e-01
9.782858786310038024e-01
9.898007968127490175e-01
9.882868525896413292e-01
9.888378619721903684e-01
9.827006583555120134e-01
9.907247627264884615e-01
9.770620945319741235e-01
9.844262295081966929e-01
9.736808886644786609e-01
9.854550907182486608e-01
9.877851261978675135e-01
9.889240506329114444e-01
9.889998650290187099e-01
9.867182462927142073e-01
9.767932489451476297e-01
9.669447018844609110e-01
9.815564552406657040e-01
9.907181984175289502e-01
9.828544949026877253e-01
9.713797814207650871e-01
9.786038879070940721e-01
9.811838244674065956e-01
9.812390336077743136e-01
9.813776243888409079e-01
9.870218579234972811e-01
9.771676705420927478e-01
9.802215189873417778e-01
9.811619211964336396e-01
9.826562289107841908e-01
9.904324531190202840e-01
9.841776642542925391e-01
9.878284923928077887e-01
9.901947051407760103e-01
9.837493717540626292e-01
9.738880559720138885e-01
9.856557377049179891e-01
9.865067466266866925e-01
9.759076798488326432e-01
9.790823211875844256e-01
9.779839208410637807e-01
9.930489944661897717e-01
9.681872749099639242e-01
9.870218579234972811e-01
9.745553359683793992e-01
9.838941616335921125e-01
9.824343015214385133e-01
9.852040816326529393e-01
9.865836791147994944e-01
9.823504692533967519e-01
9.943148688046646866e-01
9.829808096372040227e-01
9.802904564315353397e-01
9.827437446074201999e-01
9.780127814972610079e-01
9.758268114112595981e-01
9.945366528354079305e-01
9.816652286453840803e-01
9.800917802672425294e-01
9.756968763132091160e-01
9.840313769435495850e-01
9.803596127247579117e-01
9.873188405797100886e-01
9.804171988080033762e-01
9.849963045084997315e-01
9.651100013497098118e-01
9.869803921568627292e-01
9.940467852640426649e-01
9.791987673343605092e-01
9.876208897485494465e-01
9.891567802015562849e-01
9.647748021911137783e-01
9.789764868603042514e-01
9.604888289098815202e-01
9.896072344445944191e-01
9.796940928270041482e-01
9.688775510204080677e-01
9.858523602745482561e-01
9.834660134721371350e-01
9.767932489451477407e-01
9.841714525843955341e-01
9.804287690179807058e-01
9.874400403938399240e-01
9.720448417766425209e-01
9.680538882219554830e-01
9.903505037604654060e-01
9.808905380333952095e-01
9.818306010928961047e-01
9.886524822695035297e-01
9.791400595998298595e-01
9.869351173945972722e-01
9.857887874837026887e-01
9.794362956571757151e-01
9.915629322268325607e-01
9.817652901944089461e-01
9.900121473883114476e-01
9.820488594952085926e-01
9.787900874635568904e-01
9.873705122747268303e-01
9.867219917012448605e-01
9.882928905917411910e-01
9.866195405200707258e-01
9.869462025316455556e-01
9.800237341772152222e-01
9.829875518672198664e-01
9.767986377181779867e-01
9.896526237989653474e-01
9.740500463392030017e-01
9.823838080959521601e-01
9.676445211389128609e-01
9.771764705882352020e-01
9.868328897604706773e-01
9.827006583555119024e-01
9.806991496828182386e-01
9.887058823529411011e-01
9.702127659574467655e-01
9.901107594936708889e-01
9.875188473781202347e-01
9.744361955455946855e-01
9.754373177842564635e-01
9.756724683544304444e-01
9.812615955473099616e-01
9.853142076502732216e-01
9.824928798793768348e-01
9.886584182435710355e-01
9.775298804780876427e-01
9.698941191478505086e-01
9.816233858379451727e-01
9.887262658227848888e-01
9.740566037735849392e-01
9.831101643335362628e-01
9.815225424981521840e-01
9.820488594952085926e-01
9.835179324894515185e-01
9.813278008298755850e-01
9.834419817470665404e-01
9.836065573770491621e-01
9.674057649667405778e-01
9.725826382452888996e-01
9.719263542300669023e-01
9.774328984855300551e-01
9.956271864067965938e-01
9.919678714859436752e-01
9.823508005822416678e-01
9.878618113912231991e-01
9.792819543798083615e-01
9.789928946555451761e-01
9.689472355465791331e-01
9.846308310163732758e-01
9.796680497925310815e-01
9.862048283100915969e-01
9.788610871440897032e-01
9.857354028085735242e-01
9.864453665283541284e-01
9.880644233534656706e-01
9.887974085571601401e-01
9.762686190355970295e-01
9.764475637737887181e-01
9.715849452691557309e-01
9.743230625583566562e-01
9.879781420765028077e-01
9.734107166959103941e-01
9.830313488639632613e-01
9.793250633586768616e-01
9.805312954876274079e-01
9.888161898965307506e-01
9.835920177383592478e-01
9.762007477710670234e-01
9.781245831666000035e-01
9.782886334610472190e-01
9.836791147994468076e-01
9.903688524590164022e-01
9.797570850202429460e-01
9.833266639989328706e-01
9.776623026049400256e-01
9.783371575111351470e-01
9.913618572007019125e-01
9.743589743589743390e-01
9.853639240506328889e-01
9.784296807592751666e-01
9.904404008438818519e-01
9.837398373983740063e-01
9.874316939890710465e-01
9.868328897604706773e-01
9.827006583555120134e-01
9.846951524237880227e-01
9.644908250455245247e-01
9.825274016763377860e-01
9.773858921161825419e-01
9.828957334006563906e-01
9.784692635423006823e-01
9.904138770541691672e-01
9.730982019363761948e-01
9.928769017980635381e-01
9.770256916996047369e-01
9.726857887874836850e-01
9.776361819090454430e-01
9.930116033755274074e-01
9.845324251454519171e-01
9.832542194092827037e-01
9.870430032217397676e-01
9.829265039349074362e-01
9.907963185274110129e-01
9.808148734177215555e-01
9.898340248962654853e-01
9.764143426294821237e-01
9.723350609329037830e-01
9.835934373749499748e-01
9.751999000499750325e-01
9.862668967500718420e-01
9.774575018477458244e-01
9.791400595998297485e-01
9.819471308833011003e-01
9.748633879781420930e-01
9.866609904924080743e-01
9.896409819781466499e-01
9.718379446640316166e-01
9.832641770401105985e-01
9.738999137187230870e-01
9.725054062403460930e-01
9.716346827286734822e-01
9.813395771250177368e-01
9.783469945355190989e-01
9.888553350589588398e-01
9.778077672814515786e-01
9.797958009778544586e-01
9.859607843137254690e-01
9.761107729762629193e-01
9.813113917591530511e-01
9.713861519773249187e-01
9.740590793222372312e-01
9.836791147994466966e-01
9.730677290836654558e-01
9.835438193647149108e-01
9.833933573429372021e-01
9.894990776216829875e-01
9.779911964785914513e-01
9.707278481012657778e-01
9.727056962025316666e-01
9.912183055040197921e-01
9.813065190983938368e-01
9.830746489283075373e-01
9.873769250189345925e-01
9.867728438385746648e-01
9.799908703590991532e-01
9.880359612724757268e-01
9.745013885382479701e-01
9.822222222222222188e-01
9.803617222297205114e-01
9.927536231884057649e-01
9.721157939548744631e-01
9.770569620253164445e-01
9.799070325386114444e-01
9.816939890710382199e-01
9.869982327695027147e-01
9.872603586889301397e-01
9.823929571828732277e-01
9.823123382226057743e-01
9.705601092896174453e-01
9.929047821768128834e-01
9.853031230863441570e-01
9.743430152143846001e-01
9.815524336597133415e-01
9.824683348779734704e-01
9.765332133753186206e-01
9.856609310390822554e-01
9.722634633553783878e-01
9.895743457003163268e-01
9.870677731673581645e-01
9.822050290135396766e-01
9.877593360995849947e-01
9.876210235131397397e-01
9.801418439716312880e-01
9.889955982392957257e-01
9.867053583479552525e-01
9.899590163934426368e-01
9.805084745762712162e-01
9.838941616335922236e-01
9.765957446808510856e-01
9.826086956521741245e-01
9.800115041702617269e-01
9.911752346266984315e-01
9.863754889178618646e-01
9.917719096823572889e-01
9.894722634633553726e-01
9.897551224387806101e-01
9.915254237288135819e-01
9.901947051407760103e-01
9.863102998696219315e-01
9.930489944661898827e-01
9.887939487323155197e-01
9.811267205903221322e-01
9.806695615632441410e-01
9.659395331037121668e-01
9.839557399723374287e-01
9.859049332733542670e-01
9.794605809128631435e-01
9.844735565259582488e-01
9.799820062977957491e-01
9.814901960784313539e-01
9.748542274052477419e-01
9.886789623631729862e-01
9.810197506653594024e-01
9.855617088607595555e-01
9.675535846267553364e-01
9.823862869483060978e-01
9.889991371872304260e-01
9.749262536873155582e-01
9.777316735822959570e-01
9.915983606557376984e-01
9.833189531205063227e-01
9.854298523206751481e-01
9.802191113816189905e-01
9.747904577691811623e-01
9.810197506653592914e-01
9.780781622075922499e-01
9.649934810951759090e-01
9.843195686107564235e-01
9.865710560625814418e-01
9.736842105263158187e-01
9.833309987393192841e-01
9.890670553935860809e-01
9.832599706549287610e-01
9.831932773109244295e-01
9.881742738589210928e-01
9.850622406639003570e-01
9.822643343051505882e-01
9.826876685114233068e-01
9.861471861471862166e-01
9.676982591876208684e-01
9.761583445793972080e-01
9.877498388136685126e-01
9.814082278481013333e-01
9.847803268855901404e-01
9.909735654416504946e-01
9.852813852813853135e-01
9.618514072295585304e-01
9.719848718307886326e-01
9.868075801749270903e-01
9.838192419825073642e-01
9.852220198907409854e-01
9.818118948824342551e-01
9.870406189555125387e-01
9.812002449479486632e-01
9.794583079732197550e-01
9.836010257794574052e-01
9.910588235294116588e-01
9.841897233201580830e-01
9.828551912568306292e-01
9.715524939405536520e-01
9.874346217629799138e-01
9.803710094909405814e-01
9.744897959183673741e-01
9.818215892053973048e-01
9.837268240629585270e-01
9.845324251454519171e-01
9.868804664723030973e-01
9.800242947766230062e-01
9.860772976262933698e-01
9.784168212739641213e-01
9.924841772151898889e-01
9.867486338797812895e-01
9.775178596442078982e-01
9.792688051547835393e-01
9.847677595628414604e-01
9.878618113912230880e-01
9.739067055393586525e-01
9.857943177270909185e-01
9.755585545059228814e-01
9.874827109266943737e-01
9.824205070738198931e-01
9.757491504479455235e-01
9.819071945508727195e-01
9.756836659275684998e-01
9.848627450980391718e-01
9.861785893784552615e-01
9.858095643536256558e-01
9.859792924935288916e-01
9.855617088607595555e-01
9.717235794304225349e-01
9.779322445674180075e-01
9.816044260027662061e-01
9.798218383047643254e-01
9.797487065779747484e-01
9.779245031345870087e-01
9.782960803368966340e-01
9.819465267366316308e-01
9.799869621903520844e-01
9.736001217285453757e-01
9.772404900064474154e-01
9.800392211794369812e-01
9.924097461410894550e-01
9.759336099585061985e-01
9.826417704011064513e-01
9.790120124173303795e-01
9.855463347164592491e-01
9.810792349726775718e-01
9.755702523957349159e-01
9.903961584633854676e-01
9.916512059369202436e-01
9.794243877808632703e-01
9.727056962025316666e-01
9.795918367346939659e-01
9.753725490196077930e-01
9.833833083458269897e-01
9.877551020408162907e-01
9.727524204702627797e-01
9.773206751054852592e-01
9.904172099087353853e-01
9.777705345501956913e-01
9.699567500772320328e-01
9.795988934993085095e-01
9.864603481624757420e-01
9.673099415204677864e-01
9.721157939548743521e-01
9.752732240437158584e-01
9.784296807592751666e-01
9.859252713961121906e-01
9.823339780786589648e-01
9.871102712916722810e-01
9.796607378129116306e-01
9.838938555413651033e-01
9.838137472283813301e-01
9.758148631029985864e-01
9.896032657226686569e-01
9.831967213114755078e-01
9.848288754673569789e-01
9.910842680471670940e-01
9.896072344445944191e-01
9.785661492978566800e-01
9.769741038397754540e-01
9.783444198078344867e-01
9.872995600964949992e-01
9.857120790855730119e-01
9.768303985171453707e-01
9.794530672579452313e-01
9.834699453551912773e-01
9.878271454656116779e-01
9.854759850445786729e-01
9.852220198907409854e-01
9.822619554420322086e-01
9.742879746835443333e-01
9.756276791181873742e-01
9.789073305670815683e-01
9.763848396501457749e-01
9.841568627450979490e-01
9.731091244501205439e-01
9.838192419825072532e-01
9.880784313725490264e-01
9.740855716021055155e-01
9.839384532325550214e-01
9.665084388185654074e-01
9.689700130378096077e-01
9.838192419825073642e-01
9.871000167532248959e-01
9.924841772151898889e-01
9.825457641549595333e-01
9.867620206938527705e-01
9.826311899482631507e-01
9.819920318725099406e-01
9.859223980949712862e-01
9.782157676348547382e-01
9.667130058696323802e-01
9.815259437108176943e-01
9.762310202923228930e-01
9.828360019408054482e-01
9.773794002607562037e-01
9.695680206318505467e-01
9.860058309037900148e-01
9.840354767184036344e-01
9.818774445893089231e-01
9.766393442622950394e-01
9.735257038800951834e-01
9.896492616033756295e-01
9.727405247813410982e-01
9.878618113912231991e-01
9.725337935001439060e-01
9.861949956859361599e-01
9.790794979079496807e-01
9.791249833266640890e-01
9.850699650174912225e-01
9.825212579295451443e-01
9.758584495426601002e-01
9.816735822959888891e-01
9.792274052478134871e-01
9.926010970787090271e-01
9.768524188609920555e-01
9.816044260027662061e-01
9.823025107164727876e-01
9.820594904628517918e-01
9.799396031061260448e-01
9.741315594974131464e-01
9.805636540330417983e-01
9.769910337552741852e-01
9.843433661762721609e-01
9.851708575112829713e-01
9.766763848396501357e-01
9.827586206896552490e-01
9.865616311399444394e-01
9.810653875284018888e-01
9.842083951950331144e-01
9.816233858379450616e-01
9.779380865667460787e-01
9.815124771758977351e-01
9.788251366120218622e-01
9.751457725947521027e-01
9.692653673163417194e-01
9.823529411764706509e-01
9.884353741496598733e-01
9.761994002998501951e-01
9.870121308016878148e-01
9.887657058388765741e-01
9.723222622382285962e-01
9.802595628415301521e-01
9.805878750765463225e-01
9.757052233769739624e-01
9.659616192744081564e-01
9.923205143469460143e-01
9.617567759330212240e-01
9.817652901944089461e-01
9.884562841530054600e-01
9.806991496828182386e-01
9.839426877470356381e-01
9.917072428484480229e-01
9.776623026049399146e-01
9.707059679767102711e-01
9.741226962888160923e-01
9.900392156862743986e-01
9.753415300546448563e-01
9.867911479944674324e-01
9.723286504895699567e-01
9.756268384927861970e-01
9.910630919034281172e-01
9.881744271988174289e-01
9.857635893011216233e-01
9.799919967987195113e-01
9.747410245494536607e-01
9.864126628379324968e-01
9.848627450980392828e-01
9.846617173273567447e-01
9.720554888622116030e-01
9.755541069100391871e-01
9.739895697522816809e-01
9.901293850873682523e-01
9.827249022164274983e-01
9.779982743744607410e-01
9.895228477657157518e-01
9.797913950456322851e-01
9.840313769435493629e-01
9.871314342828586552e-01
9.767923133776792444e-01
9.894242891161226794e-01
9.684426229508197315e-01
9.906779661016947847e-01
9.878750765462338546e-01
9.738387978142075685e-01
9.756968763132091160e-01
9.794789186160526295e-01
9.857538035961272982e-01
9.692254495159059458e-01
9.829261708732621727e-01
9.857923497267759849e-01
9.864453665283541284e-01
9.848484848484847509e-01
9.864071038251365220e-01
9.870780590717300740e-01
9.807692307692307265e-01
9.822366388631448286e-01
9.793731778425656120e-01
9.823262638388688961e-01
9.752802359882005723e-01
9.739229024943308888e-01
9.683264177040110665e-01
9.798225887056472017e-01
9.864071038251366330e-01
9.770237370663421572e-01
9.803462466297715450e-01
9.846128927761581551e-01
9.841590612777053604e-01
9.882219384135092488e-01
9.814139941690962488e-01
9.715743440233236550e-01
9.616682413281144592e-01
9.787915166066425421e-01
9.881363244176013527e-01
9.767616191904048284e-01
9.809016061546768084e-01
9.835495829471733176e-01
9.859792924935288916e-01
9.796260477111541354e-01
9.816735822959888891e-01
9.813008130081301017e-01
9.798495813821485045e-01
9.776967930029153431e-01
9.769709543568465548e-01
9.759903961584633914e-01
9.729914790018259207e-01
9.832635983263597890e-01
9.900626917433641427e-01
9.730759620189904924e-01
9.864825999424792213e-01
9.874316939890709355e-01
9.891956782713084984e-01
9.843546284224250487e-01
9.818928788800973528e-01
9.872135994087213318e-01
9.781420765027322162e-01
9.791354322838581314e-01
9.747163468272866949e-01
9.693210617580366728e-01
9.854080221300138831e-01
9.865527384787785570e-01
9.808510638297872619e-01
9.829107718167811036e-01
9.885267275097783246e-01
9.822103936125508028e-01
9.773049645390070594e-01
9.868603042876901155e-01
9.891289849273042778e-01
9.810181190681622754e-01
9.836748633879781600e-01
9.719351958157927962e-01
9.864827006583554159e-01
9.688858899385215384e-01
9.741457124435848325e-01
9.808328230251072144e-01
9.880722114764668440e-01
9.776892430278883994e-01
9.873708381171069082e-01
9.890679660169915399e-01
9.843090717299577408e-01
9.868738470271037899e-01
9.839613391231265549e-01
9.892807745504840211e-01
9.844195007538950604e-01
9.628099173553719137e-01
9.782116918680796580e-01
9.715076071922544854e-01
9.825457641549595333e-01
9.837679269882659838e-01
9.761107729762630303e-01
9.881568627450980635e-01
9.754167250315171067e-01
9.807489451476794073e-01
9.865416507207552810e-01
9.839357429718875725e-01
9.850702143385070553e-01
9.764667535853975844e-01
9.936143039591316395e-01
9.885245901639343469e-01
9.773907103825136833e-01
9.831961128357402657e-01
9.850065189048239356e-01
9.865703873667162060e-01
9.776095617529879656e-01
9.858955324605209736e-01
9.783577796951394845e-01
9.862527031201729910e-01
9.838229033631332721e-01
9.810559951308581716e-01
9.791102514506769827e-01
9.881343095177985703e-01
9.797814207650273888e-01
9.701291329643820793e-01
9.851063829787234383e-01
9.831133815808145160e-01
9.877252731658862084e-01
9.815764610608718188e-01
9.773077461829389190e-01
9.770275949012465766e-01
9.862668967500719530e-01
9.829265039349073252e-01
9.860304287690180303e-01
9.712144558061351907e-01
9.814901960784314650e-01
9.753795941535404745e-01
9.705009276437848165e-01
9.925032594524120233e-01
9.753246753246752609e-01
9.802752944515397138e-01
9.750923872875092435e-01
9.883924956134431117e-01
9.748875562218890511e-01
9.903932946486138089e-01
9.858823529411764319e-01
9.836879432624113795e-01
9.763137254901961271e-01
9.747813411078716239e-01
9.908532013795171567e-01
9.895551257253385469e-01
9.885240408778690480e-01
9.714087351678868387e-01
9.857571214392804038e-01
9.844050258684404753e-01
9.868795921427500062e-01
9.802931987503004096e-01
9.764475637737886071e-01
9.702329594477997476e-01
9.818181818181819231e-01
9.761339662447257037e-01
9.785299806576401860e-01
9.843219029966018274e-01
9.796585300786981865e-01
9.903005464480874043e-01
9.873840445269017607e-01
9.814467766116942160e-01
9.759362549800797426e-01
9.874635568513119299e-01
9.858093126385809590e-01
9.828586853826427605e-01
9.863547758284600953e-01
9.810777709736682173e-01
9.691796008869180135e-01
9.772519780888617724e-01
9.763729246487866664e-01
9.832886847812221109e-01
9.836065573770491621e-01
9.711065573770490955e-01
9.856656948493683901e-01
9.854686548995740258e-01
9.896072344445944191e-01
9.780048247481197832e-01
9.884625527426160740e-01
9.729598893499308288e-01
9.817537072856221680e-01
9.769679300291544966e-01
9.817789175327303886e-01
9.720990873533247312e-01
9.773835920177383896e-01
9.762658227848102221e-01
9.748542274052477419e-01
9.872615712951847700e-01
9.887186036611324003e-01
9.872531166830088578e-01
9.869729654013167375e-01
9.764636075949368887e-01
9.744088111435049715e-01
9.811475409836065698e-01
9.663624511082138380e-01
9.928571428571428825e-01
9.645465611685940521e-01
9.766763848396502468e-01
9.866983031348864897e-01
9.781777426160338518e-01
9.703853651222071885e-01
9.943291839557399925e-01
9.870663420572124425e-01
9.757236227824462871e-01
9.785670545009185206e-01
9.872185027388922229e-01
9.733965014577259378e-01
9.853274643190610416e-01
9.754352030947774921e-01
9.904170603320285871e-01
9.788562508869022016e-01
9.893499308437069262e-01
9.720448417766425209e-01
9.866120218579234047e-01
9.745110821382008126e-01
9.857871720116617720e-01
9.608368414338563923e-01
9.847195357833654628e-01
9.943983402489625645e-01
9.698250728862972680e-01
9.829875518672199775e-01
9.856968959220937521e-01
9.859289617486339807e-01
9.779532163742690187e-01
9.924180327868852292e-01
9.921985815602837322e-01
9.883737218097772281e-01
9.800357188416890519e-01
9.757288629737610464e-01
9.725099601593625298e-01
9.844804318488529216e-01
9.730557256582976766e-01
9.849470595739251433e-01
9.889272361230945219e-01
9.763800782831691949e-01
9.766034985422740178e-01
9.763278058159096107e-01
9.750131856540085185e-01
9.780358495329463109e-01
9.908471690080885574e-01
9.706643658326142843e-01
9.856050382366171592e-01
9.703881552621048678e-01
9.696736237568286398e-01
9.758401943582128979e-01
9.893419833178869194e-01
9.761475606825282814e-01
9.905722573839663703e-01
9.881355932203389481e-01
9.719221021742029398e-01
9.865946378551421203e-01
9.764667535853975844e-01
9.815597667638483736e-01
9.831309041835357698e-01
9.842555105713000074e-01
9.731785944551902823e-01
9.953090970011728711e-01
9.833662714097496371e-01
9.898305084745762095e-01
9.804287690179805947e-01
9.775178596442077872e-01
9.809286898839136848e-01
9.948204909890733250e-01
9.821405544809799215e-01
9.913633966244725926e-01
9.879206212251940844e-01
9.835179324894515185e-01
9.762310202923228930e-01
9.824596505268773372e-01
9.891288049182785924e-01
9.777322404371584508e-01
9.819313240365872275e-01
9.733155904188262042e-01
9.682134241521214157e-01
9.884357881923311329e-01
9.901408450704225483e-01
9.851002109704640741e-01
9.853259190608587570e-01
9.793625498007968444e-01
9.899608865710560757e-01
9.809800128949064391e-01
9.883963494132985694e-01
9.764672923378625580e-01
9.929183135704874319e-01
9.740400561296084225e-01
9.791400595998296374e-01
9.742090268406057296e-01
9.785098039215686105e-01
9.809820193637620589e-01
9.865160349854226185e-01
9.752988047808764938e-01
9.825712143928035935e-01
9.763390139987827565e-01
9.796812749003984688e-01
9.840902069817732967e-01
9.857571214392804038e-01
9.853274643190610416e-01
9.894248608534321754e-01
9.797652147049737970e-01
9.731673582295988778e-01
9.827063872759405072e-01
9.917349726775955832e-01
9.827927215189874444e-01
9.880800340570455864e-01
9.815092453773113235e-01
9.839135021097047407e-01
9.800777453838677156e-01
9.785684269505532384e-01
9.784655061250805419e-01
9.810365771359157439e-01
9.767954960438223200e-01
9.829697665518560834e-01
9.843971631205672423e-01
9.833933573429372021e-01
9.875395569620253333e-01
9.855875831485589877e-01
9.711065573770490955e-01
9.723350609329036720e-01
9.735404083980443435e-01
9.807095343680709565e-01
9.777322404371584508e-01
9.886621315192744008e-01
9.911309777210161043e-01
9.729694092827003704e-01
9.925084955205437653e-01
9.870901639344262790e-01
9.881051175656984098e-01
9.911308203991130439e-01
9.813809644029286572e-01
9.959699453551913439e-01
9.851883807880356114e-01
9.745130858186245026e-01
9.751978088861837923e-01
9.772594752186589684e-01
9.753677959238763462e-01
9.846153846153846700e-01
9.827927215189873333e-01
9.867053583479552525e-01
9.867860187553282314e-01
9.718579234972678504e-01
9.947404371584699367e-01
9.778465034082302054e-01
9.817596566523604240e-01
9.740754622688655440e-01
9.851643335362142428e-01
9.866195405200707258e-01
9.737476940542074688e-01
9.777821729957806296e-01
9.710601289548658199e-01
9.906511927788523852e-01
9.837812789620018483e-01
9.825776019476567535e-01
9.815100154083205020e-01
9.753585397653193878e-01
9.762451073019300374e-01
9.775956284153005660e-01
9.689732455525983390e-01
9.875092387287508489e-01
9.764164509634741806e-01
9.790352504638218933e-01
9.908151549942594283e-01
9.795254496747033413e-01
9.773096821877309548e-01
9.743532889874353398e-01
9.791572949467686193e-01
9.872099156118143704e-01
9.797076770256846201e-01
9.832657200811359965e-01
