9.720304860511934653e-01
9.857511283043197681e-01
9.747084548104956170e-01
9.773858921161826530e-01
9.841714525843955341e-01
9.800829875518671797e-01
9.788485782322454698e-01
9.841329335332333894e-01
9.900960827790096230e-01
9.886612021857924537e-01
9.860624737358174574e-01
9.868738470271036789e-01
9.836234687298517354e-01
9.713114754098360892e-01
9.800242947766230062e-01
9.887186036611324003e-01
9.919017411256579875e-01
9.935109289617486406e-01
9.908170914542728802e-01
9.852672750977835570e-01
9.815027426967725122e-01
9.835408022130013306e-01
9.842446709916587988e-01
9.841107871720116140e-01
9.898619499568592772e-01
9.875395569620254443e-01
9.814958091553835917e-01
9.857571214392804038e-01
9.928292046936114668e-01
9.867701404286770561e-01
9.826417704011064513e-01
9.814471243042671711e-01
9.844752186588920928e-01
9.856050382366172702e-01
9.791133844842284661e-01
9.937446074201898849e-01
9.833189531205062117e-01
9.796976511744127647e-01
9.699482653682288680e-01
9.886583679114798739e-01
9.721888755502200441e-01
9.867729083665338630e-01
9.793822162243215335e-01
9.677680596047941730e-01
9.888378619721903684e-01
9.889941690962098519e-01
9.793625498007967334e-01
9.846919249904324545e-01
9.880041985305143548e-01
9.683921568627450460e-01
9.867702041990221717e-01
9.847840103159253289e-01
9.907296251834067924e-01
9.905247813411077740e-01
9.856050382366171592e-01
9.909803921568627327e-01
9.674796747967479016e-01
9.860511935576645737e-01
9.704603388813914933e-01
9.931486880466471323e-01
9.844262295081966929e-01
9.870121308016877038e-01
9.850583090379009255e-01
9.840453586497890370e-01
9.907550077041602510e-01
9.897653194263363874e-01
9.749271137026239709e-01
9.824114507520621542e-01
9.874900398406374347e-01
9.837816455696202222e-01
9.791666666666666297e-01
9.828819233110164255e-01
9.916558018252934481e-01
9.782436708860760000e-01
9.887222946544981239e-01
9.843294460641399679e-01
9.724556489262371484e-01
9.830313488639631503e-01
9.933189364286678646e-01
9.872875092387287665e-01
9.918513689700130254e-01
9.760470654153242664e-01
9.815764610608719298e-01
9.607538802660754440e-01
9.854397634885438961e-01
9.898445160386608599e-01
9.875950380152060948e-01
9.892091648189209607e-01
9.838938555413652143e-01
9.853142076502732216e-01
9.763019724705549462e-01
9.890538311590943987e-01
9.957428693060876856e-01
9.884437596302003692e-01
9.911955514365152764e-01
9.966145833333333037e-01
9.917220990391721891e-01
9.831634229224590626e-01
9.913251366120218178e-01
9.754781420765026301e-01
9.870519198877406586e-01
9.893957583033213821e-01
9.787085025913994096e-01
9.793072424651371177e-01
9.802991084268046773e-01
9.873813093453273071e-01
9.829787234042552946e-01
9.982261640798225644e-01
9.886465110345706853e-01
9.885057471264367956e-01
9.805813234384662680e-01
9.869078148198137113e-01
9.851709947495388420e-01
9.906420765027322828e-01
9.929047821768128834e-01
9.771186440677965823e-01
9.845628415300545777e-01
9.848194922821789099e-01
9.901784375468586363e-01
9.748934875228241204e-01
9.857511283043197681e-01
9.879200971791065600e-01
9.837027379400260507e-01
9.660547982183830262e-01
9.847058823529412086e-01
9.878284923928076777e-01
9.912727834414580830e-01
9.908713692946058416e-01
9.910702895777522281e-01
9.834699453551911663e-01
9.711065573770490955e-01
9.933189364286678646e-01
9.820490989073364929e-01
9.883879781420764621e-01
9.884924312635156030e-01
9.793222683264176665e-01
9.794460641399416190e-01
9.926384839650145286e-01
9.874111831943157558e-01
9.814363968350577894e-01
9.889344262295082233e-01
9.920156884717747925e-01
9.868970013037809963e-01
9.823337679269882328e-01
9.902933563416739249e-01
9.935331710286061657e-01
9.883961566888396222e-01
9.712350597609561431e-01
9.875151842353894205e-01
9.821877309682187640e-01
9.749587644324486657e-01
9.808816914080070726e-01
9.814399775878974719e-01
9.911978568694986835e-01
9.843706777316736378e-01
9.855280312907431783e-01
9.960234680573663013e-01
9.794970986460348472e-01
9.936588921282798470e-01
9.754481191618277203e-01
9.792349726775955165e-01
9.781420765027322162e-01
9.858490566037736436e-01
9.793388429752065694e-01
9.859924359153943163e-01
9.792205924647684467e-01
9.957428693060876856e-01
9.876749847839318974e-01
9.873156342182890510e-01
9.943917169974116899e-01
9.898096909164530999e-01
9.849220975037694670e-01
9.938521517468885680e-01
9.797076770256847311e-01
9.916334661354581081e-01
9.878811072840922858e-01
9.897011548993928098e-01
9.860891350210970741e-01
9.832583708145927748e-01
9.906127770534550736e-01
9.832464146023468521e-01
9.799869621903520844e-01
9.817260237428304670e-01
9.749022164276401892e-01
9.901784375468585253e-01
9.816892327530624129e-01
9.792985232067510371e-01
9.930466865332766568e-01
9.870157513835675633e-01
9.915775834143181200e-01
9.873188405797101996e-01
9.908532013795171567e-01
9.789186160526683889e-01
9.860891350210970741e-01
9.902868318122555191e-01
9.762010347376200992e-01
9.912865497076023269e-01
9.842603708149927355e-01
9.961533270346875080e-01
9.935462842242503978e-01
9.779997300580374198e-01
9.683553285085851892e-01
9.734660033167495952e-01
9.971509971509971981e-01
9.738831151302469458e-01
9.905737704918032849e-01
9.885267275097784356e-01
9.745762711864407457e-01
9.767474436195544563e-01
9.845412712108139175e-01
9.805255435507536088e-01
9.853658536585365724e-01
9.867319426706400165e-01
9.896072344445945301e-01
9.914529914529914834e-01
9.880010548523207037e-01
9.789329882082256074e-01
9.829265039349073252e-01
9.819426336375488562e-01
9.745130858186245026e-01
9.859514687100894292e-01
9.866537717601546742e-01
9.889314601958280049e-01
9.850409836065573410e-01
9.903005464480874043e-01
9.833971902937419518e-01
9.826306205350889833e-01
9.923969587835134165e-01
9.877433814259699574e-01
9.820247339660627128e-01
9.894882434301520702e-01
9.760570895024676119e-01
9.866666666666666918e-01
9.923065861374749108e-01
9.834419817470664293e-01
9.885696632684584095e-01
9.888658367911479230e-01
9.789915966386553148e-01
9.911890645586298731e-01
9.867053583479552525e-01
9.924841772151898889e-01
9.816940936343920843e-01
9.900221729490021882e-01
9.828076685219542252e-01
9.924503882657463860e-01
9.963797814207651093e-01
9.964523281596453508e-01
9.887939487323154086e-01
9.894047779727358494e-01
9.799863387978141605e-01
9.829265039349073252e-01
9.859792924935288916e-01
9.794422310756971672e-01
9.758825319537431930e-01
9.864847046413501852e-01
9.912171507607192567e-01
9.839634941329856721e-01
9.857276243830865869e-01
9.902322404371585174e-01
9.748549323017408064e-01
9.778626880155264489e-01
9.882219384135092488e-01
9.949152542372882158e-01
9.872432708253603417e-01
9.899419729206963003e-01
9.942568987253117552e-01
9.823811665916928337e-01
9.882352941176469896e-01
9.819492282178849951e-01
9.793731778425656120e-01
9.747327502429543600e-01
9.908093914118010215e-01
9.838212634822803837e-01
9.865545010066149034e-01
9.808066083576287841e-01
9.823529411764705399e-01
9.916687705124969110e-01
9.911297852474323378e-01
9.904033588244114394e-01
9.874316939890710465e-01
9.803935860058308194e-01
9.892438070404172556e-01
9.910788381742738906e-01
9.779009608277901000e-01
9.875833688094225460e-01
9.901998710509347656e-01
9.881636083485083599e-01
9.878032700421941481e-01
9.842242503259452935e-01
9.862725871970864366e-01
9.843815660456647354e-01
9.921952603944941274e-01
9.948263118994826737e-01
9.769825918762088390e-01
9.799446749654218136e-01
9.864431486880467226e-01
9.845199443413730211e-01
9.840602907829798518e-01
9.728562217923920619e-01
9.859049332733543780e-01
9.753214941824862594e-01
9.837482710926693796e-01
9.860891350210969630e-01
9.847852950262588889e-01
9.887974085571602512e-01
9.655545257954897265e-01
9.895228477657156407e-01
9.806097716545477683e-01
9.803568750937171616e-01
9.811529933481153432e-01
9.873127277635307397e-01
9.869986168741355925e-01
9.711893459915612592e-01
9.892842134752767302e-01
9.811894882434302190e-01
9.799691833590138401e-01
9.783095991561181481e-01
9.785615491009681532e-01
9.880359612724758378e-01
9.877962253441180396e-01
9.786392405063291111e-01
9.874837027379399501e-01
9.911553784860557270e-01
9.824344023323615671e-01
9.809462180040264823e-01
9.740547588005215029e-01
9.890710382513661081e-01
9.810022721534966683e-01
9.921912350597610342e-01
9.644808743169399623e-01
9.713186664867053954e-01
9.880550681603454954e-01
9.736636245110821264e-01
9.887295081967213406e-01
9.836099585062241246e-01
9.786179921773142665e-01
9.915451895043732033e-01
9.899535162693057222e-01
9.855848960326571984e-01
9.832058779427199635e-01
9.729672200936569926e-01
9.823123382226057743e-01
9.831208852780501939e-01
9.864140834290088256e-01
9.864754098360656309e-01
9.969013713080168149e-01
9.788617886178861971e-01
9.845727848101265556e-01
9.795269770879526661e-01
9.854956268221574112e-01
9.766433353621424285e-01
9.866803278688525136e-01
9.843974690825425533e-01
9.911025145067697828e-01
9.938146932592779592e-01
9.852301694406957466e-01
9.901376472257698014e-01
9.792828685258964105e-01
9.831485587583148611e-01
9.809467299578059629e-01
9.879526977087953465e-01
9.843433661762720499e-01
9.892128279883382058e-01
9.810511756569847419e-01
9.749065286166235245e-01
9.904064630143903925e-01
9.849024261603375185e-01
9.854686548995740258e-01
9.837989539482075996e-01
9.924863387978142271e-01
9.856154910096819322e-01
9.847856154910097359e-01
9.875683060109289313e-01
9.861944027986007111e-01
9.864442778610694740e-01
9.877732240437158140e-01
9.912863070539419397e-01
9.934864827006583132e-01
9.861643252447850339e-01
9.887026239067054911e-01
9.888180909545227770e-01
9.873028756957328289e-01
9.820730117340286114e-01
9.919096209912535711e-01
9.805995237428212219e-01
9.944670121865807344e-01
9.836809990066694986e-01
9.860012172854535351e-01
9.855280312907431783e-01
9.850182210824673934e-01
9.883913764510778854e-01
9.905047476261868988e-01
9.795727136431785498e-01
9.902820893507895406e-01
9.867566216891554554e-01
9.675007190106413857e-01
9.863266814486326695e-01
9.800995024875620576e-01
9.780326885590042707e-01
9.903520208604954522e-01
9.856197871728501481e-01
9.855280312907431783e-01
9.823123382226057743e-01
9.872099156118143704e-01
9.848484848484848619e-01
9.765825347550276536e-01
9.843546284224250487e-01
9.847317551477797748e-01
9.856413994169096471e-01
9.873802132541503740e-01
9.829059829059829667e-01
9.965846994535518810e-01
9.816652286453839693e-01
9.804979253112032778e-01
9.901195219123506419e-01
9.860058309037901259e-01
9.852607709750567100e-01
9.731673582295989888e-01
9.915629322268326717e-01
9.871130410421627976e-01
9.711234177215190000e-01
9.870250231696013898e-01
9.859514687100894292e-01
9.884110787172011303e-01
9.777084601339014469e-01
9.875683060109289313e-01
9.891941698777014791e-01
9.890330552981154710e-01
9.724659198272370686e-01
9.897119341563787032e-01
9.802752944515396027e-01
9.822616407982261988e-01
9.821685360943341880e-01
9.811203319502074249e-01
9.744029393753828039e-01
9.907963185274109019e-01
9.787420704548521755e-01
9.906870022945066800e-01
9.897606857959280191e-01
9.856413994169096471e-01
9.844108516668915732e-01
9.781433426011738597e-01
9.796680497925311926e-01
9.841093865484109582e-01
9.837359967606965627e-01
9.847803268855900294e-01
9.760928961748633892e-01
9.891441378344306701e-01
9.923788105947026761e-01
9.850882531953742971e-01
9.877252731658863194e-01
9.881812614819349694e-01
9.749538810841492653e-01
9.923919659160073126e-01
9.844945355191256908e-01
9.813969571230982680e-01
9.938214396045721433e-01
9.714718505427921702e-01
9.831950207468879155e-01
9.900398406374502080e-01
9.853620955315870455e-01
9.898224043715846410e-01
9.811203319502075360e-01
9.839615668883960886e-01
9.870578084555652332e-01
9.799180327868852736e-01
9.896265560165974362e-01
9.873127277635309618e-01
9.860495436766623101e-01
9.923921568627451784e-01
9.824254412659768620e-01
9.935213929005264344e-01
9.889301175015460244e-01
9.821576763485477812e-01
9.900956284153006326e-01
9.927385892116182831e-01
9.903529411764705470e-01
9.913254241612450279e-01
9.898688046647230454e-01
9.769199622081252699e-01
9.892438070404173667e-01
9.784232365145228982e-01
9.858820589705148407e-01
9.851063829787233272e-01
9.777919682134241786e-01
9.841772151898733334e-01
9.931164799568092949e-01
9.930489944661897717e-01
9.857276243830865869e-01
9.834144856968959347e-01
9.861643252447849228e-01
9.785686949866054807e-01
9.750337381916329704e-01
9.815717141429285419e-01
9.891134289439373894e-01
9.864754098360656309e-01
9.798918776371308148e-01
9.894882434301521812e-01
9.807095343680708455e-01
9.891289849273042778e-01
9.772953029658010271e-01
9.824094604582409573e-01
9.950437317784256441e-01
9.868804664723030973e-01
9.929644808743169904e-01
9.820078226857887893e-01
9.769882659713168271e-01
9.904170603320285871e-01
9.798259493670886666e-01
9.899145538590838900e-01
9.904138770541692782e-01
9.854759850445786729e-01
9.864541832669323496e-01
9.849220975037695780e-01
9.767735420348395703e-01
9.949017843754685009e-01
9.882605402676091222e-01
9.870157513835675633e-01
9.816892327530625240e-01
9.936563638817653699e-01
9.892842134752766192e-01
9.775956284153005660e-01
9.919692266162775107e-01
9.809647979139505258e-01
9.930034982508746388e-01
9.810181190681621644e-01
9.869761444229528946e-01
9.970332278481012223e-01
9.687949381650848846e-01
9.950819672131147042e-01
9.919398907103824659e-01
9.941939890710382866e-01
9.771115409413281272e-01
9.926919256421171678e-01
9.867346938775509724e-01
9.792698826597131534e-01
9.899988093820693003e-01
9.812591703348005900e-01
9.755112345367331628e-01
9.865545010066149034e-01
9.855697151424287483e-01
9.802215189873417778e-01
9.810897884857823215e-01
9.855257556406982200e-01
9.794023097987856197e-01
9.866941529235382369e-01
9.949288806431663135e-01
9.798291077181678910e-01
9.881744271988173178e-01
9.830601092896174009e-01
9.896625316793384863e-01
9.900064474532559444e-01
9.913531936379701426e-01
9.838212634822804947e-01
9.869243525959944252e-01
9.900666950475380812e-01
9.836010257794574052e-01
9.745062333660176046e-01
9.952162265595101420e-01
9.830746489283075373e-01
9.796768492804845962e-01
9.925546448087431139e-01
9.912959381044488261e-01
9.868143459915612592e-01
9.910225197808886222e-01
9.980320699708454812e-01
9.829905063291138889e-01
9.928561423168511535e-01
9.809497128449362613e-01
9.877732240437158140e-01
9.816940936343920843e-01
9.811916182782126628e-01
9.853620955315871566e-01
9.824833702882483921e-01
9.763488543976349687e-01
9.789825801565261720e-01
9.829787234042552946e-01
9.859943977591035802e-01
9.810511756569847419e-01
9.940233236151603258e-01
9.885827273886975686e-01
9.813776243888410189e-01
9.878618113912230880e-01
9.957647058823528852e-01
9.784825311141099879e-01
9.803058387395736650e-01
9.776021080368906269e-01
9.831950207468880265e-01
9.872881355932203729e-01
9.916594765602531059e-01
9.860557768924301802e-01
9.799203187250996594e-01
9.862865161372622591e-01
9.862025493766634066e-01
9.764883520276099738e-01
9.869477911646585833e-01
9.939207650273224059e-01
9.745013885382479701e-01
9.828310091467986620e-01
9.817114320421109763e-01
9.896492616033755185e-01
9.844108516668917952e-01
9.838813668600903117e-01
9.970332278481013333e-01
9.759036144578312477e-01
9.806567701304543805e-01
9.844035301278150074e-01
9.856348470806302053e-01
9.817622950819671068e-01
9.786038879070941832e-01
9.793340987370837691e-01
9.910244297476042963e-01
9.891429393155017902e-01
9.902322404371584064e-01
9.843815660456646244e-01
9.794963080168777037e-01
9.897900488927235951e-01
9.860305034417600201e-01
9.899859675979079121e-01
9.843905207889882547e-01
9.840940525587827947e-01
9.842414904048185642e-01
9.920422181269894502e-01
9.922538730634682391e-01
9.842896174863386971e-01
9.873813093453274181e-01
9.770549331893643163e-01
9.875543559754086376e-01
9.884353741496598733e-01
9.877176407072479902e-01
9.813258636788049216e-01
9.717896174863388525e-01
9.898715415019763153e-01
9.962611446649409785e-01
9.882434301521438869e-01
9.953352769679300049e-01
9.733748271092669269e-01
9.804594481019750507e-01
9.839650145772596002e-01
9.796189942568986897e-01
9.913554633471646227e-01
9.845412712108139175e-01
9.825776019476567535e-01
9.839686947740470258e-01
9.872060857538036416e-01
9.799396031061259338e-01
9.803617222297206224e-01
9.787785404118223287e-01
9.934864827006584242e-01
9.742047026279391231e-01
9.846951524237881337e-01
9.868028948488719587e-01
9.822616407982261988e-01
9.916317991631800055e-01
9.745882352941176441e-01
9.855722089928561358e-01
9.868328897604707883e-01
9.954223081882656032e-01
9.859675979078963426e-01
9.923158855751674778e-01
9.751728907330567964e-01
9.827560353876143573e-01
9.886624375759212047e-01
9.851661392405063333e-01
9.846209912536443287e-01
9.745762711864407457e-01
9.847519902020821503e-01
9.856935654008438519e-01
9.770976327216696067e-01
9.916320885200553548e-01
9.884498863923252276e-01
9.901376472257698014e-01
9.769241029745231453e-01
9.895700297999149297e-01
9.840445269016697694e-01
9.861338797814207524e-01
9.873629916183107591e-01
9.940400170285228487e-01
9.769628881595556757e-01
9.913950456323338267e-01
9.759850445786597550e-01
9.847856154910096249e-01
9.947495388108414938e-01
9.838709677419354982e-01
9.904845458226481103e-01
9.902332361516035242e-01
9.934723996026678661e-01
9.771092669432918099e-01
9.887895558393642315e-01
9.851047715223428813e-01
9.802215189873417778e-01
9.890559071729958518e-01
9.911479944674965736e-01
9.798495813821483935e-01
9.830746489283075373e-01
9.768303985171454817e-01
9.918790604697651503e-01
9.874173137762438657e-01
9.888627450980391753e-01
9.907550077041602510e-01
9.873931923238548070e-01
9.842758806856525267e-01
9.876078431372549149e-01
9.892972275950999705e-01
9.868802742616034074e-01
9.886915731278270725e-01
9.794088807956297105e-01
9.768221574344023717e-01
9.938686708860760000e-01
9.845392702535560314e-01
9.841530054644808123e-01
9.881889763779527769e-01
9.826540514313439889e-01
9.745019920318725992e-01
9.869881362418675419e-01
9.888605080175961737e-01
9.904404008438818519e-01
9.844796104686549532e-01
9.921637248934874753e-01
9.813008130081301017e-01
9.872452422729114385e-01
9.847705696202531112e-01
9.854080221300137721e-01
9.881355932203390591e-01
9.896462467644520089e-01
9.724316334072431456e-01
9.941303676243434806e-01
9.837188070602557177e-01
9.776578197630829692e-01
9.743253373313343069e-01
9.758263824528884411e-01
9.870208636584182349e-01
9.779911964785914513e-01
9.786070994736131290e-01
9.884924312635154919e-01
9.805604645291593480e-01
9.826227988878589725e-01
9.852697095435685171e-01
9.912280701754385692e-01
9.726775956284152702e-01
9.830007390983001025e-01
9.873443983402490076e-01
9.892867414437733764e-01
9.945336752598191721e-01
9.828326180257510591e-01
9.893372924821164371e-01
9.910781226570699598e-01
9.865946378551420093e-01
9.777322404371584508e-01
9.802267512484815759e-01
9.921627840092033246e-01
9.861944777911164639e-01
9.764070839398351076e-01
9.815124771758978461e-01
9.832224685883221849e-01
9.922346850733392287e-01
9.894624516473256026e-01
9.831843337590464582e-01
9.957123098201936529e-01
9.848360655737705693e-01
9.913780176938071786e-01
9.783246631986127761e-01
9.900121473883114476e-01
9.807666351734377619e-01
9.889323795383992977e-01
9.786839666357738388e-01
9.811445147679325185e-01
9.698734541271210041e-01
9.881329113924051111e-01
9.872135994087214428e-01
9.754781420765028521e-01
9.876733436055470383e-01
9.802493346407059605e-01
9.914417791104447319e-01
9.881636083485082489e-01
9.758865248226951117e-01
9.868603042876902265e-01
9.897121938904316352e-01
9.852404138770541886e-01
9.841752891052951702e-01
9.844398340248962098e-01
9.802213001383126567e-01
9.856719367588933078e-01
9.863754889178617535e-01
9.861319340329834926e-01
9.838475738396623704e-01
9.895700297999148187e-01
9.880010548523207037e-01
9.786384647709762685e-01
9.936641323195944953e-01
9.785914365746297694e-01
9.893855485232068148e-01
9.788381742738588853e-01
9.942629482071712044e-01
9.945370500070037645e-01
9.783246631986127761e-01
9.816966516741629789e-01
9.918032786885245811e-01
9.803399852180340046e-01
9.866609904924079633e-01
9.898774983881366563e-01
9.896174863387978693e-01
9.851000425713068998e-01
9.938271604938272441e-01
9.862483530961791978e-01
9.888658367911480340e-01
9.833908541846420048e-01
9.812326227988877880e-01
9.828407339963580736e-01
9.887186036611324003e-01
9.814207650273224504e-01
9.851883807880357224e-01
9.901784375468585253e-01
9.792924935289042399e-01
9.915294117647058814e-01
9.870663420572124425e-01
9.804184207169281962e-01
9.879200971791065600e-01
9.805068226120857711e-01
9.853388658367910891e-01
9.856573705179283440e-01
9.823319300931241393e-01
9.880618914232359717e-01
9.907052646516247840e-01
9.866613311991463409e-01
9.879351265822784445e-01
9.760021097046414074e-01
9.790352504638217823e-01
9.841409097044135912e-01
9.908351810790835268e-01
9.824539257763190703e-01
9.865703873667160950e-01
9.875228241022520059e-01
9.899031811894881683e-01
9.856096945215854221e-01
9.845029239766082130e-01
9.820488594952084815e-01
9.866316841579210184e-01
9.855967078189300512e-01
9.943960970464136295e-01
9.863547758284599842e-01
9.882513661202185773e-01
9.780989649078515313e-01
9.858379715522572750e-01
9.921968787515005328e-01
9.707362668967500774e-01
9.908469945355190545e-01
9.924081169291898430e-01
9.849357011635028192e-01
9.900414937759336453e-01
9.842486164325244813e-01
9.872567191844300316e-01
9.795321637426900319e-01
9.805255435507536088e-01
9.874476987447697862e-01
9.908685648547597147e-01
9.859612724757953472e-01
9.818181818181818121e-01
9.862378976486860793e-01
9.820885200553250982e-01
9.726627981947131296e-01
9.795918367346938549e-01
9.899446618976920353e-01
9.851775956284153368e-01
9.870925684485005736e-01
9.898619499568592772e-01
9.879432624113474448e-01
9.840783833435395866e-01
9.915875754961173127e-01
9.843815660456647354e-01
9.881355932203389481e-01
9.874984054088532526e-01
9.958158995815898917e-01
9.710144927536231707e-01
9.805995237428211109e-01
9.891441378344305591e-01
9.824641460234680990e-01
9.946011607504385843e-01
9.862025493766632955e-01
9.834681424719737830e-01
9.802493346407059605e-01
9.877535399923460524e-01
9.793222683264177775e-01
9.879292247713300501e-01
9.910096818810512076e-01
9.859291606016495901e-01
9.804318488529015774e-01
9.792156862745098334e-01
9.933673469387754862e-01
9.751087119508172751e-01
9.853620955315870455e-01
9.907700421940928148e-01
9.874353288987434141e-01
9.931839654474288182e-01
9.856197871728501481e-01
9.879056047197639634e-01
9.876901798063623117e-01
9.743852459016393297e-01
9.834627552487776869e-01
9.761998945147679629e-01
9.812081558125379521e-01
9.936814958091553240e-01
9.933464070598122531e-01
9.797590698977448609e-01
9.835071707953064735e-01
9.794948204909892375e-01
9.894393741851368329e-01
9.937771779877043743e-01
9.783583134892841482e-01
9.770003239390994132e-01
9.795251433906896343e-01
9.889289048952913941e-01
9.899723374827109623e-01
9.716459197786999624e-01
9.829122125040492541e-01
9.931885908897403192e-01
9.895485466914037964e-01
9.782720825274016097e-01
9.805068226120857711e-01
9.884590586718245975e-01
9.791666666666667407e-01
9.895786474733843097e-01
9.753062540296582039e-01
9.924551638837353362e-01
9.801920768307323950e-01
9.962879955175795166e-01
9.912536443148687315e-01
9.950437317784257552e-01
9.867628519400476472e-01
9.886583679114799850e-01
9.900064474532559444e-01
9.819350887936313388e-01
9.758064516129032473e-01
9.850182210824673934e-01
9.789803921568627221e-01
9.747200263504611772e-01
9.859972677595627566e-01
9.908789386401326560e-01
9.740400561296084225e-01
9.836065573770491621e-01
9.728701004211208758e-01
9.904422788605696804e-01
9.852607709750568210e-01
9.733219809848162596e-01
9.954810495626822409e-01
9.763800782831690839e-01
9.726871576384662488e-01
9.881880024737167423e-01
9.886603375527426296e-01
9.917349726775956942e-01
9.632301442779100942e-01
9.812298641266283816e-01
9.882513661202185773e-01
9.767907162865145931e-01
9.888483965014577270e-01
9.815926370548219149e-01
9.876293297345928313e-01
9.874827109266943737e-01
9.738758929822103338e-01
9.880290392338585415e-01
9.858805165318574870e-01
9.844789356984477990e-01
9.878431372549019152e-01
9.819902831295024281e-01
9.785724421739747658e-01
9.839660626977279057e-01
9.781118143459915926e-01
9.879200971791064489e-01
9.934539074099068001e-01
9.856154910096819322e-01
9.771899041706033628e-01
9.838876570583887649e-01
9.866613311991463409e-01
9.821023647554258940e-01
9.901299350324838100e-01
9.785528031290743334e-01
9.863055386488130960e-01
9.818181818181818121e-01
9.876033057851241193e-01
9.883913764510778854e-01
9.894882434301521812e-01
9.910096818810512076e-01
9.797543528141450242e-01
9.909405255878284136e-01
9.869535519125682832e-01
9.815764610608719298e-01
9.639855942376950315e-01
9.847247990105132409e-01
9.904695783892956129e-01
9.874736286919831851e-01
9.766034985422740178e-01
9.912156862745097330e-01
9.891304347826087584e-01
9.839650145772594891e-01
9.834024896265560756e-01
9.864847046413502962e-01
9.838331160365059169e-01
9.783572359843547561e-01
9.894192153228297260e-01
9.887966804979253510e-01
9.851063829787233272e-01
9.818713450292397837e-01
9.809138640556266386e-01
9.686475409836066142e-01
9.864106988783434282e-01
9.892703862660944258e-01
9.918117343649258677e-01
9.912268862194627550e-01
9.814723320158103004e-01
9.711224634596282712e-01
9.906134515890613335e-01
9.894393741851368329e-01
9.778032912361270812e-01
9.943306010928960603e-01
9.866264020707506965e-01
9.934570031636468235e-01
9.899446618976920353e-01
9.876570583887657184e-01
9.873708381171066861e-01
9.790096082779009556e-01
9.833262381155101206e-01
9.829317269076305319e-01
9.873339511893728382e-01
9.758314855875831473e-01
9.845628415300545777e-01
9.908703590992088417e-01
9.803710094909405814e-01
9.936965961619275145e-01
9.711224634596282712e-01
9.851002109704641851e-01
9.858542559706062747e-01
9.699170124481327759e-01
9.810495626822157700e-01
9.918431372549020297e-01
9.699162764296864747e-01
9.953352769679300049e-01
9.734117647058823097e-01
9.766500202456470658e-01
9.809016061546768084e-01
9.851002109704641851e-01
9.833116036505866742e-01
9.908892128279882527e-01
9.899480650025129780e-01
9.859572784810126667e-01
9.667234284092521834e-01
9.867620206938526595e-01
9.932002956393201076e-01
9.857370517928287779e-01
9.898445160386608599e-01
9.854771784232365661e-01
9.884924312635156030e-01
9.928638121915432935e-01
9.819781467291045507e-01
9.824114507520621542e-01
9.925684485006519564e-01
9.851063829787233272e-01
9.956268221574344768e-01
9.806356245380635217e-01
9.799869621903520844e-01
9.879098360655736988e-01
9.869029275808937074e-01
9.829245780590717407e-01
9.865160349854227295e-01
9.834600506869413117e-01
9.791486914006326536e-01
9.774230658613747291e-01
9.696315292212174253e-01
9.897959183673470385e-01
9.766366816591703914e-01
9.838034822513159749e-01
9.860548807917228764e-01
9.837482710926693796e-01
9.612973760932944645e-01
9.901773185355274842e-01
9.865278628291488383e-01
9.740663900414937570e-01
9.854868340477649369e-01
9.791916766706683095e-01
9.951107276387690659e-01
9.926090169992608514e-01
9.833171363783608232e-01
9.840453586497890370e-01
9.832635983263599000e-01
9.769825918762089501e-01
9.828717201166180528e-01
9.738895984106711312e-01
9.820049428483162979e-01
9.810022721534965573e-01
9.876501552166284670e-01
9.939690648502909065e-01
9.824205070738197820e-01
9.940657334144857860e-01
9.735655737704917989e-01
9.881924198250728875e-01
9.839455272363818450e-01
9.851662404092071945e-01
9.878169449598021012e-01
9.768240879560220469e-01
9.821993670886076666e-01
9.817442719881743773e-01
9.859943977591036912e-01
9.900273224043716347e-01
9.872627066748315139e-01
9.831961128357402657e-01
9.874632301442779481e-01
9.897011548993928098e-01
9.888605080175960627e-01
9.782886334610472190e-01
9.870901639344261680e-01
9.802942367391010992e-01
9.717555994729907276e-01
9.894248326232500945e-01
9.744229990552031317e-01
9.864750121300339680e-01
9.716611966675082757e-01
9.850980392156862830e-01
9.865437158469946288e-01
9.829875518672198664e-01
9.918404995033347493e-01
9.848017929682029159e-01
9.936641323195944953e-01
9.832963784183297307e-01
9.888553350589589508e-01
9.783913565426169967e-01
9.833971902937420628e-01
9.809497128449363723e-01
9.834509803921568372e-01
9.788485782322453588e-01
9.827931172468987731e-01
9.800521512385920175e-01
9.877444589308996825e-01
9.823262638388688961e-01
9.818122555410691010e-01
9.881363244176013527e-01
9.841580408987629092e-01
9.858539765319426218e-01
9.809497128449362613e-01
9.903798100949524619e-01
9.855875831485587657e-01
9.925759910351590332e-01
9.866120218579235157e-01
9.762711864406780071e-01
9.839559093692590297e-01
9.892076502732241039e-01
9.938366718027734636e-01
9.770275949012466876e-01
9.871369294605809586e-01
9.794605809128629215e-01
9.800242947766230062e-01
9.891393442622951060e-01
9.811203319502075360e-01
9.816892327530625240e-01
9.901639344262295195e-01
9.932753164556962222e-01
9.855576150756872877e-01
9.886468952734013271e-01
9.878279883381924087e-01
9.859943977591035802e-01
9.879646017699115212e-01
9.874616513271974316e-01
9.697786998616875209e-01
9.870689655172413257e-01
9.838114754098360448e-01
9.916311625076079661e-01
9.804171988080033762e-01
9.920634920634920917e-01
9.794654498044328417e-01
9.832552859372782894e-01
9.919825072886296891e-01
9.856656948493682791e-01
9.848832501012283469e-01
9.785914365746298804e-01
9.860511935576646847e-01
9.872563718140929812e-01
9.809016061546766974e-01
9.741272783441458083e-01
9.745470232959448920e-01
9.764023210831722643e-01
9.807053941908714378e-01
9.835920177383591367e-01
9.955300127713920810e-01
9.873177842565596940e-01
9.645228215767635005e-01
9.859277044150993596e-01
9.941418137553257317e-01
9.804966932109596689e-01
9.786581299186341010e-01
9.728885557221389480e-01
9.953983318953120163e-01
9.902322404371585174e-01
9.827931172468987731e-01
9.888526727509778791e-01
9.888922702373705853e-01
9.977827050997781777e-01
9.738387978142076795e-01
9.888180909545227770e-01
9.870430032217398786e-01
9.893957583033212710e-01
9.871369294605809586e-01
9.852920577111640155e-01
9.881366860090263771e-01
9.831208852780501939e-01
9.747718383311603230e-01
9.848017929682028049e-01
9.813023855577046595e-01
9.816735822959890001e-01
9.898626117113512590e-01
9.928098935864251295e-01
9.804644808743169238e-01
9.901773185355274842e-01
9.825605827146659532e-01
9.871794871794871140e-01
9.815602836879432358e-01
9.804654011022657656e-01
9.827208252740168293e-01
9.843027888446216345e-01
9.901773185355274842e-01
9.775737131434283356e-01
9.904404008438818519e-01
9.850290903930750686e-01
9.855021711724331057e-01
9.809820193637620589e-01
9.815714525046072003e-01
9.906149320633143018e-01
9.877366353137279065e-01
9.873443983402490076e-01
9.912019298992479355e-01
9.905475880052151405e-01
9.786975045648204086e-01
9.910588235294117698e-01
9.913853480879675217e-01
9.895833333333333703e-01
9.906238040566398562e-01
9.844763670064874406e-01
9.880266075388025593e-01
9.970664928292047868e-01
9.885766993046686268e-01
9.805327868852459217e-01
9.882513661202185773e-01
9.803617222297206224e-01
9.924380704041720902e-01
9.834660547982183587e-01
9.828685258964143800e-01
9.883924956134432227e-01
9.954702329594478094e-01
9.837812789620018483e-01
9.771533986093373647e-01
9.799908703590993753e-01
9.859445519019987003e-01
9.837162332744255888e-01
9.868852459016392853e-01
9.737476940542073578e-01
9.885235332043842416e-01
9.748119767276854919e-01
9.912728820774797667e-01
9.913618572007018015e-01
9.733856282392491233e-01
9.969183359013866763e-01
9.698015530629853220e-01
9.729225023342670253e-01
9.818810511756569381e-01
9.869729654013167375e-01
9.779607843137254619e-01
9.872995600964948881e-01
9.659245516388372810e-01
9.925032594524120233e-01
9.891156462585033449e-01
9.942528735632183423e-01
9.785661492978565690e-01
9.851531920637062179e-01
9.896926536731633917e-01
9.852353320438427264e-01
9.882352941176469896e-01
9.878787878787878007e-01
9.869803921568627292e-01
9.892128279883380948e-01
9.865796971060128984e-01
9.790457769181173386e-01
9.777182107555704160e-01
9.886392325170412221e-01
9.906296851574212248e-01
9.884700665188470570e-01
9.889788573999099830e-01
9.867820235520308181e-01
9.856255904980429916e-01
9.785015818234109597e-01
9.863266814486326695e-01
9.836497890295358149e-01
9.911025145067697828e-01
9.864071671300587152e-01
9.900626917433640317e-01
9.820355191256830985e-01
9.876932591218305912e-01
9.745127436281858513e-01
9.823107569721116761e-01
9.798833819241983267e-01
9.872135994087214428e-01
9.771899041706033628e-01
9.862798020692756795e-01
9.767911818738518326e-01
9.767184035476718096e-01
9.856208155812539173e-01
9.821910032638001553e-01
9.781222094654931087e-01
9.887115329306872535e-01
9.909153005464481634e-01
9.902818270165207881e-01
9.716220328667072303e-01
9.823188014576865745e-01
9.830424294025826848e-01
9.827267932489451852e-01
9.679806362378976514e-01
9.689232753062541059e-01
9.844023323615159748e-01
9.859630179511404968e-01
9.827900912646675424e-01
9.835181079083518130e-01
9.862869198312236296e-01
9.822157434402332132e-01
9.821928771508603440e-01
9.884347949482048534e-01
9.828407339963580736e-01
9.807395993836671710e-01
9.784414556962025555e-01
9.951409135082605051e-01
9.852459016393443347e-01
9.903520208604954522e-01
9.806122448979590622e-01
9.856208155812538063e-01
9.830903790087462957e-01
9.785734828875467528e-01
9.821334388185654074e-01
9.839556155345630106e-01
9.885892116182573020e-01
9.878271454656116779e-01
9.926637321595305208e-01
9.726270667483160048e-01
9.890444309190505878e-01
9.827988338192419349e-01
9.883953581432572966e-01
9.851708575112829713e-01
9.761776218113106252e-01
9.719029374201787475e-01
9.943291839557399925e-01
9.814814814814815103e-01
9.860655737704917545e-01
9.857887874837027997e-01
9.836005830903790104e-01
9.781222094654931087e-01
9.885880077369438856e-01
9.864453665283541284e-01
9.865889212827987365e-01
9.893499308437068152e-01
9.828819233110164255e-01
9.775956284153005660e-01
9.836842105263158276e-01
9.880464480874316946e-01
9.883945841392649534e-01
9.855021711724331057e-01
9.787600459242251638e-01
9.854227405247814042e-01
9.853386454183267196e-01
9.903283850652272458e-01
9.818738518064911158e-01
9.922821788493431105e-01
9.714552775381075644e-01
9.802942367391010992e-01
9.877551020408164018e-01
9.777697668829608002e-01
9.898470464135020741e-01
9.805604645291593480e-01
9.770114942528735913e-01
9.918032786885246921e-01
9.874044084570400281e-01
9.876617313592104264e-01
9.855722089928562468e-01
9.774598461330814558e-01
9.810781587890021749e-01
9.716414323479931614e-01
9.880669831223628519e-01
9.873533246414603060e-01
9.815926370548220259e-01
9.765906362545018204e-01
9.855932203389830004e-01
9.861516034985422507e-01
9.706852601589444074e-01
9.864297495876444000e-01
9.889103803997421061e-01
9.810688557547327937e-01
9.757905138339921791e-01
9.752933507170794547e-01
9.897648686030429133e-01
9.917355371900826722e-01
9.887740783263171407e-01
9.801333900950759404e-01
9.876853642811089795e-01
9.781118143459915926e-01
9.843255680184066492e-01
9.829905063291139999e-01
9.907762168298566152e-01
9.916633319994665463e-01
9.796071375018743366e-01
9.861338797814207524e-01
9.856800119958014639e-01
9.852220198907408744e-01
9.717610330637150851e-01
9.817407181984175724e-01
9.919779546846295704e-01
9.832542194092827037e-01
9.923540315106580412e-01
9.873306772908366780e-01
9.813559322033897914e-01
9.903932946486138089e-01
9.640156453715774676e-01
9.911752346266984315e-01
9.876482213438735336e-01
9.820130118637582228e-01
9.772953029658010271e-01
9.872544609386715297e-01
9.837647058823529855e-01
9.871369294605808475e-01
9.805393586005830553e-01
9.806374501992032311e-01
9.770739630184906988e-01
9.863816189896531528e-01
9.850199203187250951e-01
9.945165276490577355e-01
9.913168415792104060e-01
9.925303454715219686e-01
9.799010513296227964e-01
9.870250231696015009e-01
9.907330567081604755e-01
9.878187326432719129e-01
9.711065573770490955e-01
9.938686708860760000e-01
9.838938555413652143e-01
9.827586206896552490e-01
9.883966244725738148e-01
9.602364755425980558e-01
9.887939487323154086e-01
9.819471308833011003e-01
9.818464030233499118e-01
9.891965916007303683e-01
9.887102946804439130e-01
9.934880722114765028e-01
9.954648526077097825e-01
9.870121308016877038e-01
9.782705099778270519e-01
9.795081967213115082e-01
9.843815660456647354e-01
9.858354903652574164e-01
9.815225424981522950e-01
9.859972677595628676e-01
9.861277844471121323e-01
9.799205335603804468e-01
9.839794303797468888e-01
9.908866234167439391e-01
9.885245901639343469e-01
9.908022130013831585e-01
9.926829268292682862e-01
9.749431961625851795e-01
9.880464480874316946e-01
9.907966637906241436e-01
9.826536822884965883e-01
9.919354838709677491e-01
9.853498542274051752e-01
9.879200971791064489e-01
9.806388526727509714e-01
9.828586497890294815e-01
9.865703873667160950e-01
9.810741687979539494e-01
9.821038251366119853e-01
9.819672131147541005e-01
9.904695783892956129e-01
9.890179247664730999e-01
9.891304347826086474e-01
9.809799147900182259e-01
9.827063872759405072e-01
9.843195686107563125e-01
9.852320675105485925e-01
9.796821112610586413e-01
9.876208897485493354e-01
9.807692307692307265e-01
9.804473524041388277e-01
9.801792968202830414e-01
9.798565840938722182e-01
9.871777567822918042e-01
9.671448087431693263e-01
9.856422468132791659e-01
9.922394678492238995e-01
9.858354903652574164e-01
9.834260977118119973e-01
9.841816558234469658e-01
9.839265212399541660e-01
9.886917960088692503e-01
9.864005912786399932e-01
9.850052481631428325e-01
9.725738396624472593e-01
9.891443167305236095e-01
9.810365771359158549e-01
9.811089619600258382e-01
9.906875877025130839e-01
9.784836065573770947e-01
9.914602346805736488e-01
9.804642166344292864e-01
9.916443423906111665e-01
9.830903790087462957e-01
9.813751754050261678e-01
9.768303985171455928e-01
9.794002607561929086e-01
9.823971518987342222e-01
9.801418439716311770e-01
9.774575018477456023e-01
9.840163934426229275e-01
9.908795602198900987e-01
9.790743155149934651e-01
9.915875754961174238e-01
9.783095991561181481e-01
9.846131722749497106e-01
9.887936313533374211e-01
9.755070799846918828e-01
9.931839654474288182e-01
9.871875788942187091e-01
9.813411078717200198e-01
9.850342827004220370e-01
9.803533755274261852e-01
9.899663542417688200e-01
9.893630179344464759e-01
9.827091633466135123e-01
9.840846994535519254e-01
9.842431434599157036e-01
9.795269770879526661e-01
9.877510651247718432e-01
9.862451108213821094e-01
9.763378465506125092e-01
9.857761286332714645e-01
9.831208852780500829e-01
9.899015400151477406e-01
9.878745752239729283e-01
9.836734693877551283e-01
9.888064316635745143e-01
9.827208252740167183e-01
9.775956284153005660e-01
9.815027426967725122e-01
9.778005464480874487e-01
9.799863387978141605e-01
9.778544722461892658e-01
9.801182557280117003e-01
9.938763012859765933e-01
9.827063872759403962e-01
9.841580408987629092e-01
9.896747199352138313e-01
9.817529880478087501e-01
9.907851552638222703e-01
9.751956576622066164e-01
9.905660377358490587e-01
9.903790087463556491e-01
9.912183055040196811e-01
9.848360655737704583e-01
9.744572158365261139e-01
9.907156673114120293e-01
9.907513713483862006e-01
9.841568627450980600e-01
9.878096479791395046e-01
9.809426229508195760e-01
9.885290148448042657e-01
9.780737704918032183e-01
9.818181818181817011e-01
9.878173236382192801e-01
9.849939975990396057e-01
9.911479944674965736e-01
9.790835181079083904e-01
9.866503368034292842e-01
9.840313769435495850e-01
9.868605689501211975e-01
9.892128279883383168e-01
9.866223207686622976e-01
9.921773142112124688e-01
9.915629322268326717e-01
9.926712779973648759e-01
9.882801265458728279e-01
9.862869198312236296e-01
9.846317711503348447e-01
9.927058823529412157e-01
9.786324786324785974e-01
9.912452724471214616e-01
9.780737704918032183e-01
9.777354446957970957e-01
9.859924359153943163e-01
9.938981126720590753e-01
9.854906195168038341e-01
9.801912568306010431e-01
9.927275453591243304e-01
9.851709947495388420e-01
9.834307992202728776e-01
9.875488917861798832e-01
9.914857386121753713e-01
9.905475880052150295e-01
9.792325949367088889e-01
9.795213715918561492e-01
9.827695026508456166e-01
9.890538311590942877e-01
9.985327464319060375e-01
9.714062721725555960e-01
9.883311603650587474e-01
9.830007390982999915e-01
9.898007968127490175e-01
9.850342827004219259e-01
9.819672131147541005e-01
9.857893110905158185e-01
9.849726775956284541e-01
9.928077455048409661e-01
9.896670493685419956e-01
9.923928077455048680e-01
9.698275862068965747e-01
9.819471308833009893e-01
9.773907103825136833e-01
9.735131396957122929e-01
9.891480401684482615e-01
9.904518950437317670e-01
9.805459880086746516e-01
9.822157434402333243e-01
9.890733645522916673e-01
9.887299230665406169e-01
9.804966932109595579e-01
9.872752420470263246e-01
9.827927215189873333e-01
9.851313969571230400e-01
9.854906195168038341e-01
9.806316641921986044e-01
9.957132298595713360e-01
9.863670790204493999e-01
9.891956782713086094e-01
9.873222016079159502e-01
9.905633602951610106e-01
9.768715763846622657e-01
9.872452422729112165e-01
9.813524590163935635e-01
9.878745752239729283e-01
9.941309857276244832e-01
9.810559951308581716e-01
9.840453586497890370e-01
9.818826563507414562e-01
9.835411122005882634e-01
9.849982140731039504e-01
9.847161572052400835e-01
9.792698826597130424e-01
9.932063314189663039e-01
9.875683060109289313e-01
9.893227091633466364e-01
9.668521954236239946e-01
9.782139775668680093e-01
9.950819672131147042e-01
9.855874316939891022e-01
9.870614912631719973e-01
9.718866839229219901e-01
9.926090169992609624e-01
9.912999712395742513e-01
9.818227720272657555e-01
9.923095409757269891e-01
9.872531166830087468e-01
9.941256830601092886e-01
9.887262658227848888e-01
9.916078431372549185e-01
9.852602818521714045e-01
9.877535399923459414e-01
9.783577796951394845e-01
9.801921655580192461e-01
9.913604126370083591e-01
9.808429118773946964e-01
9.874837027379400611e-01
9.817789175327304996e-01
9.942622950819672845e-01
9.736123094621800256e-01
9.915425397626862480e-01
9.744121715076071721e-01
9.838797814207649317e-01
9.769874476987446821e-01
9.791007383966244815e-01
9.848547717842324190e-01
9.906421180766890044e-01
9.854040839804429908e-01
9.863670790204493999e-01
9.900277707649582926e-01
9.766623207301173837e-01
9.943232555172853981e-01
9.948420373952289175e-01
9.880464480874316946e-01
9.843579234972676950e-01
9.861338797814207524e-01
9.845556908094948989e-01
9.825290084388185186e-01
9.831447963800905576e-01
9.894624516473256026e-01
9.837503595053207484e-01
9.843115282252417053e-01
9.811155378486056122e-01
9.821038251366118743e-01
9.875831485587582836e-01
9.929047821768127724e-01
9.884432783608195772e-01
9.883125864453665699e-01
9.883597078514911871e-01
9.779245031345872308e-01
9.775254865616311850e-01
9.876617313592103153e-01
9.873417721518986667e-01
9.811924769907962585e-01
9.889103803997421061e-01
9.836956521739130821e-01
9.854231340261844219e-01
9.912047302291204787e-01
9.935565205210814543e-01
9.812763713080168149e-01
9.895228477657157518e-01
9.816256830601092220e-01
9.760580784677169719e-01
9.840103159252095999e-01
9.828407339963580736e-01
9.784296807592752776e-01
9.850052481631428325e-01
9.865484109386548628e-01
9.784860557768924050e-01
9.821403557921277727e-01
9.883924956134430007e-01
9.925032594524119123e-01
9.906873347752942482e-01
9.863754889178617535e-01
9.885235332043842416e-01
9.829580036518563713e-01
9.872995600964949992e-01
9.886603375527426296e-01
9.794303797468354444e-01
9.921627840092033246e-01
9.801825293350716617e-01
9.814399775878974719e-01
9.907612712490760920e-01
9.861944027986007111e-01
9.836601307189543064e-01
9.799578059071729630e-01
9.916317991631798945e-01
9.816326530612246026e-01
9.920177383592017062e-01
9.854608510070694827e-01
9.920553935860059180e-01
9.837450199203188195e-01
9.787900874635567794e-01
9.785914365746299914e-01
9.824748119767277021e-01
9.882513661202185773e-01
9.781076066790352908e-01
9.809037900874636451e-01
9.876210235131397397e-01
9.799914857386121669e-01
9.858354903652574164e-01
9.804966932109597799e-01
9.937666339823504336e-01
9.835723598435462955e-01
9.928286852589641720e-01
9.791469833985693150e-01
9.820594904628517918e-01
9.864297495876442889e-01
9.808796750245132312e-01
9.851940776310524894e-01
9.795254496747034523e-01
9.854040839804428797e-01
9.870901639344262790e-01
9.810562571756601402e-01
9.765602530917457669e-01
9.742594190394018305e-01
9.842842716485735721e-01
9.862708719851577266e-01
9.830985915492956861e-01
9.915966386554622147e-01
9.805867126833477387e-01
9.890040621935844989e-01
9.803617222297207334e-01
9.806830168776372592e-01
9.822014642766977444e-01
9.829588487755617221e-01
9.851661392405063333e-01
9.852602818521714045e-01
9.789813023855576946e-01
9.863387978142076351e-01
9.786839666357739498e-01
9.769721115537849387e-01
9.877043034937771360e-01
9.869140063272936469e-01
9.850606909430439373e-01
9.688839615668884964e-01
9.822268326417703532e-01
9.796530169664497967e-01
9.759069897744782063e-01
9.790073474284000099e-01
9.883879781420765731e-01
9.885258964143426308e-01
9.885290148448042657e-01
9.896670493685419956e-01
9.753415300546448563e-01
9.892787524366470908e-01
9.856935654008438519e-01
9.825945241199478541e-01
9.900370713623726227e-01
9.921243082162622962e-01
9.843304843304843121e-01
9.852602818521714045e-01
9.823504692533968630e-01
9.859223980949712862e-01
9.887239109118923786e-01
9.891038039974210383e-01
9.867702041990221717e-01
9.915634218289084423e-01
9.836842105263158276e-01
9.839480874316940406e-01
9.802493346407059605e-01
9.834600506869415337e-01
9.854508196721311064e-01
9.912507608034084594e-01
9.929261801372741836e-01
9.834162520729685664e-01
9.894990776216829875e-01
9.865565273728539308e-01
9.872448979591836871e-01
9.867911479944674324e-01
9.816439465514913421e-01
9.921277552856500037e-01
9.767759562841529242e-01
9.913633966244725926e-01
9.916078431372549185e-01
9.879668049792531548e-01
9.934164448802353942e-01
9.898096909164528778e-01
9.850058636287485347e-01
9.866609904924081853e-01
9.905295451513937977e-01
9.927379925222894475e-01
9.860058309037900148e-01
9.855300644774328545e-01
9.876733436055471493e-01
9.815064298836497780e-01
9.830007390983001025e-01
9.916862745098038445e-01
9.849507355918477591e-01
9.873949579831933221e-01
9.741315594974131464e-01
9.839269040949712997e-01
9.927740355174525799e-01
9.832361516034985316e-01
9.755378486055777953e-01
9.887275242047026680e-01
9.834660547982184697e-01
9.851164797238999293e-01
9.779577147998200770e-01
9.875124166311906038e-01
9.755027669051153927e-01
9.872752420470262136e-01
9.840354767184035234e-01
9.889340243731615798e-01
9.920470262793914529e-01
9.805670816044259608e-01
9.776401564537158251e-01
9.846850733390855037e-01
9.745882352941176441e-01
9.947048611111111160e-01
9.854573287409108540e-01
9.843203398300848228e-01
9.837431693989071579e-01
9.816233858379452837e-01
9.827259475218658169e-01
9.862378976486859683e-01
9.843974690825424423e-01
9.771016711315219094e-01
9.743440233236152492e-01
9.818928788800973528e-01
9.879206212251941954e-01
9.876494023904381914e-01
9.793790546802594310e-01
9.678270042194093703e-01
9.882082254817371458e-01
9.905054644808743980e-01
9.922696351267779047e-01
9.801229508196721563e-01
9.842896174863386971e-01
9.827800829875518174e-01
9.956859361518550777e-01
9.919824038597985227e-01
9.854231340261843108e-01
9.880464480874315836e-01
9.888916940166624370e-01
9.932946486137974595e-01
9.898626117113511480e-01
9.866803278688524026e-01
9.805617147080561979e-01
9.798893237953840707e-01
9.855932203389830004e-01
9.829787234042552946e-01
9.866195405200706148e-01
9.931972789115647293e-01
9.875151842353894205e-01
9.896414342629481498e-01
9.837268240629585270e-01
9.837519511849013298e-01
9.883301096067051983e-01
9.884562841530054600e-01
9.773511647972390470e-01
9.865777338603426427e-01
9.802215189873417778e-01
9.853142076502732216e-01
9.891424619640387661e-01
9.775314116777531481e-01
9.826536822884965883e-01
9.896196002578980799e-01
9.944606413994169225e-01
9.819071945508728305e-01
9.786400591278640038e-01
9.823061928325086400e-01
9.901293850873683633e-01
9.904232313870867666e-01
9.918395573997234038e-01
9.865889212827987365e-01
9.822510822510823747e-01
9.889998650290188209e-01
9.826597131681876762e-01
9.929524666366771335e-01
9.933060109289617579e-01
9.789617486338797470e-01
9.831258644536653435e-01
9.901155972524711135e-01
9.859073914293932095e-01
9.878048780487804770e-01
9.857605614792819271e-01
9.699926090169991300e-01
9.787900874635568904e-01
9.962827988338193164e-01
9.882219384135092488e-01
9.843905207889882547e-01
9.884540410856200721e-01
9.846131722749495996e-01
9.819927971188475713e-01
9.817927170868347986e-01
9.851519820703179553e-01
9.892842134752766192e-01
9.744513318813871061e-01
9.795297372060857155e-01
9.802204531537048737e-01
9.794562866852023486e-01
9.879793061472914584e-01
9.823123382226057743e-01
9.839480874316939296e-01
9.923526765632029178e-01
9.801749271137025765e-01
9.870262390670553332e-01
9.689229459344401718e-01
9.765027322404371546e-01
9.906421180766890044e-01
9.857122846337020849e-01
9.796530169664497967e-01
9.775791116787285739e-01
9.879306162057254204e-01
9.776503164556962222e-01
9.866165611814345926e-01
9.803254635187408361e-01
9.840902069817732967e-01
9.964981089788486068e-01
9.917695473251029181e-01
9.843304843304843121e-01
9.861533779671333155e-01
9.864603481624757420e-01
9.965986394557823091e-01
9.826417704011065624e-01
9.931773879142299366e-01
9.940612768254826204e-01
9.835818395041044937e-01
9.849726775956284541e-01
9.801186569048220276e-01
9.890027322404371102e-01
9.885880077369438856e-01
9.886603375527426296e-01
9.876078431372549149e-01
9.809286898839137958e-01
9.722597091018143622e-01
9.844783371575110964e-01
9.903459993821439600e-01
9.927275453591243304e-01
9.934959349593496247e-01
9.886178861788617045e-01
9.825949367088606667e-01
9.855847100745059874e-01
9.909281751387015724e-01
9.920470262793914529e-01
9.837082560296845912e-01
9.893537261958315066e-01
9.825263438708816688e-01
9.893803098450775213e-01
9.951357466063348589e-01
9.935109289617485295e-01
9.798755186721992416e-01
9.971311475409836422e-01
9.835589941972919803e-01
9.742547425474255007e-01
