9.580816796088581500e-01
9.990973565441650939e-01
9.517492711370262315e-01
9.712309820193637533e-01
9.262501750945509871e-01
9.625172890733056930e-01
9.796189942568986897e-01
9.567716141929035745e-01
9.367331855136732388e-01
9.411202185792350017e-01
9.644908250455246357e-01
9.650915283099190667e-01
9.377820760799484567e-01
9.691544434857636281e-01
9.583614522877581532e-01
9.948914431673051562e-01
9.683493048994465946e-01
9.602459016393443125e-01
9.356571714142929430e-01
9.614080834419816979e-01
9.785686949866054807e-01
9.722683264177039986e-01
9.274791473586654345e-01
9.666180758017492991e-01
9.756255392579810115e-01
9.919567510548523703e-01
9.668600902643454953e-01
9.640179910044976985e-01
9.804432855280311720e-01
9.898004434589799949e-01
9.755878284923928945e-01
9.525046382189239491e-01
9.852769679300291683e-01
9.890538311590942877e-01
9.755328218243819460e-01
9.587287891860800659e-01
9.787891860799539101e-01
9.469640179910044919e-01
9.494826536822885688e-01
9.508990318118949459e-01
9.703881552621047568e-01
9.724302788844620959e-01
9.663367821262557333e-01
9.895529640427599416e-01
9.716162775864267687e-01
9.781341107871720508e-01
9.614342629482072189e-01
9.612195433090955365e-01
9.733093417303942951e-01
9.709019607843136779e-01
9.749065286166236355e-01
9.578981302385557450e-01
9.491129785247431894e-01
9.721574344023323766e-01
9.918278602489128959e-01
9.530196078431372175e-01
9.153732446415373536e-01
9.847569744032211858e-01
9.605638026690658249e-01
9.868804664723032083e-01
9.549180327868851403e-01
9.346650843881856296e-01
9.294460641399416856e-01
9.998022151898734444e-01
9.700938506793668203e-01
9.518904823989569053e-01
9.396501457725947581e-01
9.834425036390102015e-01
9.108366533864541426e-01
9.734309071729957408e-01
9.187158469945354566e-01
9.589926962872794558e-01
9.303780964797913056e-01
9.837816455696202222e-01
9.648631029986962648e-01
9.051749271137026209e-01
9.791916766706683095e-01
9.729651998849583316e-01
9.740855716021055155e-01
9.890613451589060912e-01
9.800521512385919065e-01
9.799691833590138401e-01
9.356188419489810393e-01
9.775314116777530371e-01
9.311899482631190716e-01
9.864126628379324968e-01
9.424436441243163598e-01
9.600886917960087530e-01
9.521072796934865190e-01
9.525956284153005438e-01
9.933304952462040927e-01
9.442195231668916167e-01
9.684262806868170204e-01
9.647709763272166450e-01
9.829317269076305319e-01
9.333333333333333481e-01
9.609756097560976373e-01
9.467099165894345969e-01
9.686475409836065031e-01
9.790983606557377428e-01
9.821405791555044562e-01
9.660530879018274231e-01
9.609889340243732425e-01
9.291497975708501444e-01
9.505320678746045360e-01
9.919415292353822577e-01
9.735654416505480357e-01
9.971914264597191435e-01
9.522260492409746480e-01
9.796351824087956572e-01
9.783549783549783108e-01
9.699014711836955183e-01
9.858095643536256558e-01
9.523907103825136611e-01
9.661558109833972008e-01
9.715775749674054884e-01
9.659153005464481412e-01
9.875621890547263693e-01
9.610886189833558468e-01
9.642422398052343802e-01
9.682785299806575541e-01
9.923741395599945392e-01
9.754237288135593209e-01
9.373734647050884217e-01
9.421176470588235041e-01
9.802213001383125457e-01
9.505715168365771461e-01
9.991701244813278038e-01
9.496747034060466497e-01
9.579918032786884918e-01
9.694672131147540339e-01
9.833985693075988355e-01
9.562934582091670022e-01
9.698770491803277993e-01
9.507259808464627593e-01
9.653526970954356967e-01
9.375364431486882255e-01
9.668367346938775420e-01
9.837040469570590417e-01
9.580797321972003289e-01
9.919398907103825769e-01
9.367558481580053886e-01
9.546936114732724743e-01
9.974576271186440524e-01
9.401064135749208628e-01
9.958155812538040941e-01
9.842572062084257167e-01
9.992031872509959944e-01
9.845458226481307307e-01
9.610495195861050721e-01
9.748837906732643610e-01
9.897285949917528081e-01
9.071998879394873594e-01
9.621762979971935081e-01
9.597510373443982612e-01
9.739895697522815698e-01
9.523468057366362149e-01
9.514506769825918919e-01
9.891399416909620879e-01
9.659176975511234442e-01
9.602459016393443125e-01
9.651639344262294973e-01
9.506238587948874219e-01
9.462809917355371470e-01
9.484521641686510796e-01
9.578659764164509927e-01
9.846033773236838593e-01
9.601339013998783090e-01
9.857817109144542123e-01
9.396031061259706441e-01
9.656498852746659978e-01
9.677500418830624618e-01
9.844054580896686169e-01
9.570029799914857582e-01
8.922709163346613792e-01
9.506314580941447323e-01
9.650553637337778712e-01
9.724419831223628519e-01
9.503373313343328466e-01
9.852020860495437349e-01
9.450456323337679265e-01
9.237288135593220151e-01
9.630518874216353886e-01
9.518252933507169722e-01
9.814814814814815103e-01
9.830431979368150497e-01
9.492352320675105926e-01
9.916985951468709759e-01
9.743862636582942827e-01
9.545675413022352007e-01
9.460269865067466588e-01
9.459439196281300699e-01
9.560862865947611366e-01
9.302478902953585926e-01
9.679921773142112773e-01
9.707317073170731447e-01
9.678947368421052522e-01
9.193677470988395051e-01
9.545147793224456612e-01
9.572359843546284219e-01
9.598461330813876646e-01
9.852419469277706732e-01
9.550963133052685627e-01
9.811815864447442914e-01
9.836010257794574052e-01
9.800546448087431584e-01
9.953063885267274813e-01
9.951673903908110352e-01
8.961339123126488282e-01
9.632585562266321455e-01
9.428438041883420162e-01
9.991130820399112267e-01
9.655172413793102759e-01
9.530975840194357840e-01
9.994002099265256733e-01
9.628823839662447037e-01
9.972677595628416380e-01
9.346405228758170036e-01
9.478487614080834955e-01
9.653834449178332333e-01
9.883638427699730222e-01
9.697614442295293680e-01
9.743153114800624515e-01
9.671448087431693263e-01
9.299180327868852292e-01
9.489853838512842810e-01
9.892141756548535891e-01
9.665866346538615206e-01
9.788485782322454698e-01
9.832470520563705296e-01
9.587136929460580159e-01
9.610510871015072176e-01
9.789380530973450512e-01
9.511791774518262299e-01
9.151890482398957749e-01
9.511121408711770142e-01
9.748962655601659533e-01
9.553154595171402530e-01
9.307476943346508769e-01
9.649750303684707653e-01
9.531909282700421482e-01
9.549049623676488796e-01
9.130820399113082075e-01
9.361162646876932669e-01
9.841098648259993809e-01
9.713114754098360892e-01
9.807095343680709565e-01
9.833309987393192841e-01
9.749628829801592067e-01
9.391393442622951726e-01
9.757236227824463981e-01
9.359361518550474157e-01
9.684462151394421792e-01
9.427115033475350625e-01
9.665084388185654074e-01
9.709543568464730212e-01
9.746414602346805678e-01
9.552487661731359214e-01
9.642076502732240817e-01
9.529980657640232389e-01
9.852013585638039750e-01
9.494110969206754902e-01
9.937418513689699751e-01
9.478887613215970509e-01
9.557704706640877124e-01
9.644908250455245247e-01
9.523166891587944161e-01
9.084705882352941408e-01
9.655568312284730226e-01
9.699708454810496150e-01
9.801587301587301182e-01
9.526567809700340339e-01
9.670822244011766378e-01
9.751222318090307928e-01
9.613702623906705824e-01
9.581960784313725554e-01
9.820121181519818609e-01
9.777244231025743471e-01
9.713600239916029278e-01
9.868852459016392853e-01
9.486880466472302764e-01
9.629074315514993820e-01
9.467496542185338537e-01
9.611234294161123959e-01
9.628920107847310783e-01
9.473243068987750037e-01
9.482420507073819893e-01
9.533227848101265556e-01
9.913298565840938936e-01
9.453705000700378669e-01
9.457907269925760474e-01
9.472825315737193330e-01
9.253510716925350543e-01
9.352675693101225596e-01
9.237206085753804086e-01
9.645043731778425444e-01
9.733302411873839821e-01
9.577831132452980789e-01
9.950354609929078498e-01
9.475933423301845515e-01
9.974280465401103024e-01
9.465421853388658047e-01
9.460706751054852592e-01
9.779888785912882465e-01
9.759751653394519444e-01
9.830861909175161450e-01
9.775940419086088795e-01
9.661946676872049666e-01
9.764582396161343159e-01
9.725055432372504693e-01
9.548522067755432774e-01
9.154910096818811294e-01
9.944620253164556667e-01
9.606387449222579811e-01
9.686030428769017986e-01
9.541952654433394354e-01
9.855617088607594445e-01
9.825726141078838793e-01
9.621023513139695948e-01
9.352206612743010350e-01
9.595859704641349630e-01
9.820730117340287224e-01
9.894820717131473931e-01
9.863702623906706046e-01
9.763445498993384986e-01
9.603650586701434344e-01
9.564207650273224282e-01
9.876293865185559184e-01
9.586454183266932549e-01
9.744751222318090988e-01
9.419624780672155584e-01
9.669321095964367174e-01
9.786179921773141555e-01
9.698770491803279103e-01
9.432226832641770198e-01
9.692959582790091622e-01
9.614431486880465894e-01
9.236017393912130391e-01
9.212909809924735294e-01
9.307992202729045150e-01
9.682134241521215268e-01
9.570750647109578235e-01
9.786384647709762685e-01
9.603903559127440204e-01
9.868169398907103984e-01
9.572125527426160740e-01
9.717664449371765656e-01
9.707937763713080370e-01
9.336289726533628652e-01
9.951166180758017621e-01
9.743609251369446111e-01
9.699453551912569083e-01
9.176013805004314960e-01
9.716312056737588243e-01
9.625094673062358774e-01
9.374718848403058580e-01
9.516815666240953098e-01
9.399999999999999467e-01
9.787878787878787623e-01
9.758043248945147408e-01
9.653362897265336251e-01
9.758401943582130089e-01
9.685131195335276999e-01
9.402489626556016500e-01
9.737561115904515008e-01
9.413027013380460550e-01
9.596518987341772222e-01
9.523737066342057300e-01
9.775481566526342814e-01
9.780737704918033293e-01
9.666666666666666741e-01
9.634163208852004612e-01
9.352459016393442903e-01
9.951274362818590680e-01
9.925037481259371130e-01
9.814890710382513372e-01
9.491009681881050764e-01
9.027174674324135450e-01
9.885766993046686268e-01
9.693877551020408934e-01
9.861319340329834926e-01
9.767509276437847943e-01
9.573011734028683550e-01
9.954810495626822409e-01
9.671522622215996678e-01
9.735957417005183245e-01
9.788562508869023127e-01
9.160833840535606010e-01
9.643415906127771331e-01
9.563368875691726778e-01
9.612833269549687643e-01
9.803223388305847275e-01
9.549600199900050157e-01
9.977729788095559549e-01
9.482133933033483064e-01
9.640494679321254257e-01
9.756097560975609539e-01
9.385763490241102458e-01
9.378467536362273815e-01
9.432203389830507989e-01
9.520419902214553032e-01
9.183833116036506095e-01
9.767759562841529242e-01
9.840453586497890370e-01
9.500309214594928608e-01
9.605209879875826751e-01
9.585397653194263068e-01
9.415184199467713233e-01
9.733236151603499309e-01
9.582264813065191067e-01
9.119785686949866133e-01
9.695355191256831429e-01
9.403940178314638132e-01
9.599585062240664213e-01
9.744223107569721654e-01
9.722303206997084946e-01
9.757903161264506187e-01
9.562932226832642213e-01
9.522130013831259232e-01
9.720549096512116627e-01
9.771888185654008518e-01
9.720420142106889205e-01
9.951752518802327030e-01
9.513119533527697458e-01
9.784692635423006823e-01
9.573770491803277327e-01
9.903668956274083168e-01
9.915044794562867247e-01
9.630179511405048132e-01
9.985100042571306567e-01
9.668653327657159569e-01
9.179600886917960167e-01
9.984181765890135507e-01
9.255186721991701670e-01
9.855480710349051598e-01
9.160997732426304774e-01
9.692266162775003968e-01
9.545822648130651844e-01
9.427908084295749669e-01
9.830174927113702887e-01
9.543798083412066147e-01
9.489496447327773199e-01
9.689488243430152137e-01
9.624538063562453338e-01
9.632878931029827951e-01
9.819313240365872275e-01
9.484972677595628898e-01
9.383667180277349695e-01
9.605197401299350179e-01
9.551125989044431108e-01
9.917695473251028071e-01
9.548071034905082355e-01
9.801333900950759404e-01
9.415702982349360983e-01
9.211065573770491621e-01
9.893499308437067041e-01
9.554371331479765139e-01
9.551880838172178700e-01
9.689488243430152137e-01
9.901195219123506419e-01
9.460008404538451376e-01
9.962431693989071135e-01
9.294605809128630991e-01
9.301552106430155398e-01
9.144377336784583754e-01
9.430327868852459439e-01
9.918395573997232928e-01
9.481036577135916188e-01
9.093872229465449486e-01
9.923921568627450673e-01
9.206482045039562356e-01
9.700364421649345648e-01
9.921459492888065057e-01
9.658367911479944778e-01
9.471311475409835978e-01
9.356846473029045708e-01
9.456470588235293961e-01
9.891567802015562849e-01
9.870991253644315622e-01
9.512079902820893551e-01
9.641460234680573338e-01
9.634854771784231442e-01
9.701399300349825561e-01
9.580915538362346773e-01
9.297573435504469241e-01
9.609704641350210741e-01
9.629504656498852899e-01
9.755702523957349159e-01
9.527144191009737639e-01
9.940657334144857860e-01
9.631758194976585141e-01
9.484628141344559893e-01
9.630379367221472142e-01
9.477761119440279991e-01
9.640156453715775786e-01
9.684426229508197315e-01
9.940005274261602963e-01
9.543568464730289858e-01
9.084996304508500264e-01
9.903294651193810250e-01
9.874414644529586615e-01
9.821138211382113292e-01
9.779883381924199259e-01
9.763848396501457749e-01
9.615437158469944956e-01
9.407431551499347844e-01
9.661668839634941497e-01
9.757052233769739624e-01
9.447521097046414074e-01
9.345846757248914560e-01
9.452221545952526061e-01
9.612453264308311596e-01
9.949003984063744532e-01
9.335734628916066979e-01
9.506437768240343367e-01
9.616134352976457578e-01
9.251451653622823068e-01
9.790691074215978063e-01
9.524177949709864421e-01
9.859630179511404968e-01
9.502731474996498617e-01
9.894125683060109866e-01
9.663922256714805314e-01
9.803129074315515279e-01
9.440279860069965556e-01
9.362237561115903661e-01
9.626047711154094300e-01
9.373681434599155926e-01
9.551337359792924087e-01
9.472677595628415936e-01
9.592896174863387859e-01
9.376366120218579958e-01
9.909735654416504946e-01
9.934723996026677550e-01
9.763848396501457749e-01
9.880052151238591929e-01
9.674961304917252258e-01
9.569827931172469881e-01
9.617520828073718997e-01
9.454270923209663335e-01
9.568965517241380114e-01
9.661128691983122962e-01
8.873091469393472597e-01
9.623953455371079269e-01
9.782712227646148673e-01
9.460269865067466588e-01
9.917748917748917536e-01
9.071998879394873594e-01
9.596452328159644773e-01
9.702185792349726778e-01
9.675203414699212745e-01
9.562862669245647540e-01
9.551880838172178700e-01
9.940467852640425539e-01
9.846281413445592268e-01
9.741024549453667358e-01
9.727358617897152726e-01
9.693234346547136004e-01
9.794616660288302246e-01
9.297117516629712641e-01
9.929310780106033185e-01
9.583333333333332593e-01
9.582849774339134985e-01
9.487078059071729630e-01
9.643944004869141606e-01
9.449708454810495928e-01
9.810126582278481111e-01
9.803894102815520206e-01
9.779380865667460787e-01
9.646857923497267340e-01
9.600076540375047651e-01
9.581545064377682275e-01
9.834010365597423142e-01
9.716925351071692418e-01
9.322246858832223815e-01
9.400403938399394255e-01
9.640232108317214887e-01
9.675870348139256061e-01
8.948824343015214788e-01
9.650874635568512661e-01
9.464855211123868184e-01
9.620362381363243287e-01
9.749899959983994169e-01
9.734901960784313468e-01
9.802069275753485522e-01
9.679487179487179516e-01
9.592391304347827052e-01
9.796680497925311926e-01
9.845501955671447369e-01
9.420477423065861666e-01
9.729083665338644771e-01
9.870916334661354874e-01
9.464855211123867074e-01
9.001961058971844620e-01
9.820247339660627128e-01
9.382916280506642392e-01
9.638661202185792032e-01
9.828957334006563906e-01
9.432448642974958775e-01
9.533000404912943537e-01
9.558939873417721111e-01
9.765150492644081304e-01
9.930367504835591053e-01
9.642668776371308148e-01
9.592987333951189521e-01
9.694856800119958651e-01
9.806755934266585539e-01
9.456286685202347497e-01
9.756830601092896238e-01
9.667381974248926424e-01
9.756984309223115659e-01
9.738831151302470568e-01
9.797958009778544586e-01
9.511612021857923649e-01
9.967782602605407272e-01
9.501582278481012223e-01
9.599511072763876607e-01
9.409501957079228207e-01
9.583492792448016218e-01
9.468568185043281238e-01
9.729598893499308288e-01
9.515338282672642922e-01
9.946389680013403289e-01
9.771989005497251357e-01
9.726775956284152702e-01
9.857571214392802927e-01
9.636928060466999346e-01
9.717348927875243403e-01
9.774273345701917082e-01
9.671345660682953982e-01
9.585167400293450601e-01
9.614754098360656087e-01
9.955533596837944366e-01
9.319815933275812370e-01
9.673582295988935043e-01
9.603498542274052641e-01
9.899723374827109623e-01
9.824905448942428121e-01
9.857871720116617720e-01
9.801092589998599003e-01
9.733056708160442438e-01
9.770635605406959856e-01
9.777845404747413927e-01
9.498232769502650275e-01
9.487551867219916613e-01
9.579378774805866747e-01
9.483061141854500775e-01
9.226782462529765638e-01
9.441798571228463555e-01
9.719917012448132665e-01
9.889430284857572140e-01
9.469987228607918972e-01
9.920916481892091410e-01
9.776623026049399146e-01
9.679215686274510455e-01
9.380165289256198191e-01
9.303123686790867319e-01
9.503546099290780536e-01
9.408087766296722165e-01
9.280279975654290858e-01
9.712309820193637533e-01
9.535162693057430694e-01
9.628154946686462434e-01
9.659150843881856296e-01
9.905976676384838919e-01
9.656114301722930060e-01
9.057562767911818691e-01
9.800237341772152222e-01
9.649110519680628162e-01
9.484094052558782462e-01
9.772153496591770017e-01
9.604086845466155431e-01
9.773242630385486907e-01
9.702710373208457417e-01
9.594310451453308408e-01
9.974043715846994118e-01
9.974854932301741028e-01
9.516815666240954208e-01
9.368215097197677421e-01
9.438722294654497968e-01
9.303278688524589946e-01
9.838865836791148567e-01
9.407549311763871991e-01
9.331893642866783134e-01
9.811715481171549014e-01
9.316326530612245582e-01
9.511139491982403271e-01
9.489626556016597103e-01
9.820490989073364929e-01
9.551880838172178700e-01
9.798259493670885556e-01
9.589266877637130371e-01
9.831258644536652325e-01
9.706967503902369510e-01
9.878787878787878007e-01
9.794562866852023486e-01
9.667041479260369830e-01
9.646965775093472306e-01
9.374117647058823888e-01
9.913853480879675217e-01
9.693934724751366305e-01
9.274530975840193925e-01
9.427450980392156898e-01
9.446808510638298184e-01
9.707937763713080370e-01
9.959792260010051912e-01
9.271606667600503782e-01
9.608600583090379788e-01
9.926160337552742963e-01
9.753246753246753720e-01
9.946721311475409388e-01
9.690065337577483673e-01
9.660965550703541904e-01
9.644621513944223734e-01
9.806097716545477683e-01
9.794238683127571843e-01
9.464003164556962222e-01
9.630249543517954702e-01
9.712416311625076126e-01
9.899482631189947535e-01
9.685517613713051643e-01
9.549709915611814814e-01
9.628630705394191081e-01
9.488917861799217590e-01
9.758412424503881688e-01
9.764227642276422925e-01
9.999227679950570824e-01
9.074102251978088951e-01
9.761583445793972080e-01
9.603323338330834735e-01
9.718103181958603898e-01
9.976346433770014732e-01
9.789915966386554258e-01
9.445944122013767430e-01
9.854031510658016746e-01
9.625094673062357664e-01
9.626969416126043289e-01
9.786307053941908363e-01
9.242015294646873658e-01
9.815214265171124941e-01
9.696969696969696129e-01
9.751728907330567964e-01
9.812338222605694327e-01
9.512754757727088784e-01
9.425650088361524626e-01
9.997300580375219070e-01
9.414454940770730085e-01
9.729891956782712459e-01
9.909836065573770503e-01
9.842083951950331144e-01
9.623238423928673901e-01
9.771241830065360290e-01
9.695536147501213620e-01
9.949026171637249671e-01
9.898743532889874297e-01
9.954702329594478094e-01
9.395758303321328775e-01
9.565063147438626068e-01
9.668049792531120401e-01
9.889344262295082233e-01
9.434697855750487916e-01
9.676537281579298266e-01
9.997975435281414303e-01
9.747604265083007480e-01
9.742205425833446730e-01
9.620018535681187366e-01
9.280722573839662592e-01
9.253666954270922673e-01
9.338080168776371481e-01
9.958610495195860945e-01
9.843579234972676950e-01
9.542653032637624655e-01
9.820002801512817125e-01
9.618940529735132694e-01
9.597282532567587010e-01
9.548033526756930511e-01
9.590594744121715420e-01
9.818227720272658665e-01
9.398965307364577360e-01
9.548843578819233846e-01
9.542185338865836197e-01
9.544260027662516688e-01
9.278656126482214272e-01
9.611473272490220765e-01
9.476511744127936732e-01
9.729694092827003704e-01
9.701291329643819683e-01
9.810785864978902593e-01
9.853620955315871566e-01
9.807256235827663815e-01
9.752567693744164101e-01
9.692114978902953704e-01
9.372060857538035972e-01
9.774501992031872089e-01
9.623196526124107031e-01
9.469787915166066883e-01
9.737006496751624551e-01
9.541271210813919712e-01
9.944567627494456108e-01
9.742443593018306203e-01
9.461637653127015213e-01
9.261612021857923427e-01
9.763729246487866664e-01
9.523201362281822346e-01
9.356060606060605522e-01
9.912863070539418286e-01
9.999280989358642069e-01
9.750540624034600423e-01
9.909651211654293412e-01
9.724705548460337301e-01
9.615437158469946066e-01
9.274518262870290464e-01
9.955015744489429386e-01
9.558527466206500067e-01
9.738039215686274952e-01
9.714698721850274499e-01
9.457201173619084189e-01
9.820488594952084815e-01
9.679862048283101039e-01
9.459197786998616575e-01
9.873306772908366780e-01
9.950886592677636866e-01
9.919301053754835396e-01
9.582801191996593859e-01
9.660530879018273120e-01
9.717167721518987777e-01
9.963080168776371481e-01
9.525664811379097596e-01
9.661897691996220727e-01
9.343680709534368800e-01
9.832113102751830480e-01
9.538399244162505397e-01
9.810559951308581716e-01
9.596127247579528952e-01
9.623201211815197720e-01
9.719298245614035325e-01
9.902820893507895406e-01
9.570214892553723374e-01
9.253583085000709474e-01
9.820015822784810000e-01
9.748088169140800563e-01
9.597677595628415492e-01
9.534208533198686997e-01
9.558441558441558294e-01
9.661864745898359752e-01
9.882082254817370348e-01
9.897540983606556431e-01
9.612601106853980726e-01
9.872627066748316249e-01
9.489626556016598213e-01
9.880090818788136442e-01
9.669447018844609110e-01
9.605638026690659359e-01
9.440442843804188744e-01
9.547172357943042309e-01
9.923784872016105929e-01
9.784232365145227872e-01
9.448742746615087507e-01
9.897648686030429133e-01
9.508298755186721518e-01
9.842682140554480652e-01
9.702547685740963157e-01
9.684842758806857521e-01
9.726775956284152702e-01
9.366362451108213305e-01
9.547023295944779830e-01
9.702772404900064096e-01
9.570116350275565953e-01
9.536238136324417525e-01
9.896344025773917696e-01
9.571707953063885999e-01
9.554152315346345903e-01
9.721959778647590866e-01
9.566466766616692485e-01
9.666619974786384573e-01
9.469113321193444177e-01
9.464797913950456776e-01
9.504656498852745994e-01
9.362655834150441780e-01
9.638143891017453280e-01
9.925059532147358921e-01
9.908789386401326560e-01
9.495850622406638575e-01
9.867296446243815078e-01
9.673582295988935043e-01
9.671882581271227242e-01
9.932523616734143523e-01
9.563921568627450354e-01
9.801749271137026875e-01
9.764582396161343159e-01
9.775178596442078982e-01
9.679588607594936667e-01
9.733924611973392427e-01
9.744904845458226550e-01
9.572188668392291877e-01
9.737463126843657335e-01
9.582295988934992348e-01
9.661885245901639108e-01
9.619643370721886466e-01
9.603111814345991482e-01
9.709373097991479407e-01
9.651192778852353271e-01
9.623896904328337332e-01
9.946070878274267946e-01
9.855280312907430673e-01
9.666524762310203522e-01
9.254237288135592765e-01
9.983505772979457404e-01
9.782182378484381990e-01
9.702785876255264341e-01
9.740562891823396630e-01
9.263705482192876595e-01
9.850622406639003570e-01
9.943983402489626755e-01
9.811305474570781726e-01
9.763019724705548352e-01
9.798392084106369859e-01
9.825274016763378970e-01
9.598890388364073045e-01
9.297872340425531457e-01
9.451476793248945185e-01
9.759334233018444049e-01
9.487427466150870625e-01
9.479901051329623352e-01
9.813258636788048106e-01
9.663118083765233068e-01
9.524052478134110711e-01
9.795189504373177369e-01
9.496428071158424800e-01
9.461964038727523896e-01
9.680851063829787329e-01
9.785670545009185206e-01
9.681223371880706141e-01
9.479012012417330491e-01
9.861176470588235432e-01
9.583333333333333703e-01
9.583333333333332593e-01
9.954075774971298252e-01
9.791427477994641970e-01
9.671412136899626422e-01
9.586167800453514465e-01
9.686406796601698677e-01
9.983326663998932649e-01
9.791400595998297485e-01
9.300291545189505182e-01
9.463490349574841254e-01
9.540474741326840924e-01
9.635126777983920032e-01
9.743539029535864815e-01
9.273224043715846410e-01
9.915954615492366120e-01
9.732455525984031741e-01
9.802595628415300411e-01
9.499132986527945022e-01
9.410349854227405553e-01
9.877284247032146469e-01
9.314739841055630354e-01
9.617565698478560687e-01
9.530046224961479240e-01
9.328081556997219748e-01
9.839648077195970455e-01
9.403547671840354338e-01
9.547450980392157005e-01
9.652370581336907618e-01
9.622534411806442645e-01
9.230658613747483310e-01
9.792985232067510371e-01
9.883250101228235884e-01
9.676744499932514731e-01
9.568464730290456854e-01
9.707112970711296862e-01
9.865484109386548628e-01
9.542483660130718359e-01
9.448493683187560999e-01
9.826961519240380305e-01
9.574967405475880433e-01
9.583079732197200551e-01
9.676337846550612243e-01
9.650511276089087653e-01
9.113407322362545582e-01
9.976486860304287774e-01
9.544951590594743518e-01
9.144283978944527380e-01
9.991009681881051208e-01
9.459016393442623016e-01
9.700364421649345648e-01
9.784580498866213283e-01
9.499072356215213508e-01
9.660439283009341072e-01
9.307753164556962222e-01
9.739067055393586525e-01
9.480000000000000648e-01
9.342828585707146916e-01
9.585276967930028702e-01
9.633471645919778892e-01
9.731012658227847778e-01
9.840938722294655383e-01
9.625814863102998276e-01
9.911183194315724698e-01
9.836791147994466966e-01
9.633139909735654038e-01
9.657894736842105310e-01
9.843905207889882547e-01
9.153005464480873377e-01
9.857635893011216233e-01
9.326558949760160866e-01
9.321083172147002216e-01
9.374409501957079449e-01
9.258893280632410905e-01
9.242230736483609821e-01
9.624538063562454449e-01
9.599739243807039468e-01
9.026661563974996971e-01
9.831284153005463988e-01
9.874892148403796588e-01
9.969801553062985766e-01
9.476312592792549561e-01
9.234294161123428601e-01
9.822043628013776839e-01
9.587583148558758150e-01
9.922662125727259586e-01
9.619246215631757080e-01
9.665585418597467671e-01
9.440502586844049526e-01
9.856557377049181001e-01
9.701004260499087595e-01
9.706643658326142843e-01
9.897744782182378298e-01
9.870157513835674523e-01
9.769251054852320371e-01
9.684017146356399541e-01
9.633471645919778892e-01
9.784256559766764116e-01
9.590588235294117414e-01
9.722576983113381255e-01
9.887755102040816091e-01
9.325490196078430882e-01
9.618706977999730290e-01
9.804966932109596689e-01
9.527294303797467778e-01
9.241199478487613916e-01
9.412536443148687981e-01
9.977383146255653923e-01
9.789029535864979259e-01
9.912019298992479355e-01
9.860012172854534240e-01
9.720620842572061937e-01
9.772111553784861293e-01
9.537050007003782248e-01
9.284232365145227428e-01
9.724281742354031755e-01
9.571828731492596498e-01
9.405420746416914834e-01
9.529961183891314525e-01
9.393741851368970774e-01
9.544809800128948307e-01
9.740524781341107774e-01
9.463414634146340987e-01
9.673402868318122794e-01
9.730874316939890356e-01
9.627398795349488836e-01
9.584651898734177777e-01
8.940962099125364659e-01
9.559156996131785711e-01
9.878487201610582913e-01
9.636180615473108890e-01
9.308948576056148561e-01
9.326397225556889437e-01
9.893178410794603028e-01
9.658523417465244565e-01
9.455690508322087684e-01
8.912171507607191678e-01
9.779154518950436970e-01
9.491006505931879333e-01
9.421310471524800834e-01
9.015905947441217316e-01
9.532149418248622164e-01
9.606509270374816722e-01
9.598792062122519786e-01
9.435328898743532422e-01
9.760285066407515808e-01
9.566851265822784445e-01
9.578215683628020782e-01
9.495809155383624356e-01
9.781341107871720508e-01
9.570739321697175894e-01
9.704973741118319008e-01
9.635193133047210701e-01
9.828586853826426495e-01
9.671491414786432816e-01
9.987393192323854585e-01
9.919354838709677491e-01
9.661885245901639108e-01
9.505102040816326703e-01
9.510869565217391353e-01
9.827791986359760701e-01
9.311069882498455019e-01
9.423413293353324338e-01
9.816060126582278889e-01
9.805617147080560869e-01
9.559156996131786821e-01
9.709016393442623238e-01
9.752602571953460364e-01
9.869078148198138223e-01
9.342344866227763056e-01
9.624360042862245557e-01
9.995742869306087908e-01
9.222364126578685983e-01
9.513661202185792476e-01
9.682143339182075481e-01
9.772727272727272929e-01
9.443091905051734791e-01
9.822513159670670513e-01
9.556647258612324114e-01
9.496339308255491440e-01
9.808627450980391682e-01
9.725409836065573854e-01
9.586445366528354439e-01
9.429544487015750764e-01
9.701638884997898504e-01
9.648526077097505649e-01
9.908351810790835268e-01
9.702329594477997476e-01
9.636521275176737067e-01
9.694196111820632122e-01
9.163748424149040783e-01
9.694117647058824172e-01
9.773077461829388080e-01
9.512471655328798015e-01
9.496088657105605790e-01
9.780312907431552016e-01
9.258370014672536730e-01
9.563233376792698026e-01
9.699453551912567972e-01
9.368846250946730736e-01
9.647979139504563317e-01
9.973385628239249678e-01
9.520864567716141869e-01
9.273466371027346833e-01
9.614791987673343421e-01
9.550546448087431362e-01
9.697522816166883608e-01
9.630128597672994450e-01
9.386612021857922983e-01
9.650511276089087653e-01
9.772377083625157779e-01
9.578146611341631367e-01
9.476486860304287330e-01
9.293426913213659324e-01
9.830601092896174009e-01
9.800138312586446077e-01
9.320438426821405775e-01
9.063524590163933858e-01
9.477848101265822223e-01
9.898053753475440919e-01
9.773710225517454608e-01
9.809037900874635341e-01
9.248366013071895875e-01
9.863126843657817888e-01
9.589835934373749371e-01
9.589903181189487480e-01
9.554597701149425415e-01
9.860655737704917545e-01
9.822732805842970816e-01
9.251454519653752318e-01
9.752996436669906233e-01
9.817470664928291679e-01
9.918404995033347493e-01
9.972303206997085168e-01
9.343213475866537499e-01
9.512079902820893551e-01
9.370414832599707200e-01
9.603106125970664042e-01
9.762618690654671916e-01
9.377783776488054501e-01
9.445474204510349026e-01
9.797958009778545696e-01
9.645390070921986414e-01
9.289764868603043180e-01
9.300813008130081050e-01
9.721867461331062943e-01
9.327988338192420015e-01
9.638312586445365593e-01
9.162998532746431390e-01
9.570906877662812562e-01
9.912943717100823893e-01
9.463785514205682592e-01
9.533983008495752198e-01
9.800834052343974090e-01
9.788251366120218622e-01
9.703881552621047568e-01
9.838331160365059169e-01
9.653834449178332333e-01
9.405025868440503034e-01
9.831284153005463988e-01
9.252873563218391162e-01
9.672923378624458390e-01
9.534480458850207452e-01
9.444674965421853141e-01
9.651211654293317954e-01
9.583494519664732536e-01
9.493626558341504706e-01
9.252281616688395882e-01
9.689032077321754199e-01
9.295938104448743244e-01
9.809128630705393759e-01
9.442443644124316471e-01
9.431981593327581903e-01
9.806693989071038065e-01
9.457839010077816466e-01
9.626698417145258535e-01
9.871045134203029203e-01
9.493230174081238593e-01
9.962033067973055100e-01
9.810444874274660831e-01
9.886055776892430647e-01
9.879448909299655135e-01
9.453398300849574776e-01
9.643987341772152222e-01
9.642401021711366482e-01
8.634962879955175863e-01
9.726832641770400967e-01
9.460546155134863522e-01
9.855722089928561358e-01
9.641624002857482889e-01
9.272475795297372425e-01
9.790691074215978063e-01
9.508474576271186418e-01
9.818167985392574071e-01
9.778823529411765358e-01
9.168651071578652889e-01
9.895833333333333703e-01
9.301569077688480736e-01
9.553599011430337073e-01
9.713968957871397247e-01
9.436114732724901755e-01
9.658720022704696540e-01
9.353142076502731772e-01
9.797814207650273888e-01
9.682143339182075481e-01
9.838983050847457390e-01
9.800242947766231172e-01
9.483665338645418386e-01
9.879875826697259722e-01
9.616048317515100141e-01
9.721964782205746447e-01
9.553001277139208103e-01
9.894248326232502055e-01
9.604771115409412863e-01
9.857990406463015276e-01
9.464480874316939518e-01
9.841776642542925391e-01
9.517730496453901123e-01
9.795657726692209577e-01
9.444444444444444198e-01
9.772573896612228861e-01
9.495727692954194499e-01
9.675024513237148183e-01
9.795081967213115082e-01
9.679205015339469309e-01
9.689488243430152137e-01
9.535649250595321647e-01
9.912156862745097330e-01
9.521072796934865190e-01
9.747680890538032994e-01
9.859843546284223770e-01
9.982683982683981938e-01
9.941819213849865111e-01
8.878787878787879340e-01
9.960858415440679847e-01
9.531484257871064569e-01
9.922630560928433763e-01
9.878431372549020262e-01
9.746615087040618741e-01
9.538039215686274774e-01
9.435131195335277887e-01
9.745838956365271422e-01
9.320438426821405775e-01
9.617188808845702486e-01
9.774046957838929961e-01
9.850074962518741151e-01
9.661492978566149636e-01
9.864297495876442889e-01
9.891852919971160230e-01
9.811715481171549014e-01
9.631147540983606703e-01
9.371766444937177365e-01
9.435654008438818519e-01
9.406189555125724633e-01
9.436978683966635861e-01
9.482459650526876560e-01
9.243169398907103984e-01
9.677179962894247867e-01
9.738880559720139996e-01
9.211952191235059928e-01
9.745626822157433811e-01
9.648189209164818037e-01
9.568767714941287528e-01
9.726345778977357748e-01
9.306184935701163896e-01
9.651884700665189776e-01
9.799908703590992642e-01
9.622534411806442645e-01
9.543309095547901633e-01
9.810181190681622754e-01
9.620218579234972589e-01
9.508422416585682324e-01
9.597534996956786912e-01
9.399379133486300830e-01
9.828295728678869692e-01
9.961102320675105926e-01
9.527662517289073874e-01
9.693745970341715035e-01
9.688046647230320607e-01
9.806316641921987154e-01
9.419165580182529141e-01
8.806356245380635439e-01
9.552347046413501852e-01
9.223032069970845681e-01
9.549152994531144856e-01
9.687810415779763984e-01
9.835411122005882634e-01
9.386468693094270899e-01
9.752109704641350740e-01
9.565921606737933791e-01
9.764344262295081567e-01
9.678617992177314111e-01
9.600583090379007922e-01
9.590687766281192905e-01
9.387026239067055577e-01
9.405378199597353994e-01
9.860232067510548148e-01
9.991752886489728702e-01
9.665975103734439910e-01
9.793061472915398635e-01
9.802587701747366156e-01
9.387017758726270422e-01
9.433962264150943522e-01
9.317784256559766831e-01
9.841269841269841834e-01
9.513862024500322478e-01
9.738156296396274225e-01
9.601958280119199385e-01
9.519363762102351911e-01
9.963814389101746105e-01
9.937841530054645212e-01
9.614732724902215200e-01
9.520408163265305923e-01
9.577752264319429054e-01
9.574468085106382365e-01
9.910096818810510966e-01
9.738338192419825345e-01
9.439142461964038500e-01
9.527541083384053477e-01
9.741120218579235601e-01
9.674853801169590595e-01
9.760928961748633892e-01
9.342359767891683653e-01
9.820002801512816015e-01
9.819492282178848841e-01
9.911078717201166066e-01
9.688446215139442375e-01
9.819313240365871165e-01
9.545621555419472326e-01
9.783135604031126809e-01
9.423353465631291170e-01
9.667296531245781477e-01
9.847667638483964536e-01
9.406392694063927529e-01
9.679588607594936667e-01
9.718505427922241591e-01
9.510429970200084959e-01
9.725337935001439060e-01
9.650622282201228863e-01
9.655862344937975461e-01
9.547555680067236761e-01
9.353488999865029463e-01
9.610750695088043916e-01
9.796923816390290529e-01
9.792985232067510371e-01
9.327249022164275649e-01
9.521808723489396664e-01
9.383086567960516877e-01
9.534550195567144115e-01
9.989795918367346816e-01
9.623631728894885828e-01
9.011096116359273989e-01
9.720180528691166888e-01
9.900318311274920458e-01
9.744729907773386213e-01
9.665580182529334152e-01
9.549100968188104499e-01
9.768875192604006275e-01
9.747416762342134833e-01
9.394068397899815182e-01
9.607350096711798626e-01
9.668380801687763704e-01
9.549180327868853624e-01
9.436972573839662592e-01
9.719738895984105786e-01
9.706549286381218611e-01
9.641625431099115628e-01
9.613387978142076129e-01
9.957264957264956307e-01
9.520941308306486439e-01
9.710515112813963290e-01
9.354077906269020470e-01
9.598285364360072958e-01
9.619593881856539630e-01
9.771393265369168191e-01
9.815936254980079934e-01
9.653846153846153966e-01
9.930367504835589942e-01
9.506518904823990646e-01
9.600784423588737404e-01
9.792490118577075187e-01
9.753795126929455384e-01
9.820490989073363819e-01
9.988753936122357624e-01
9.728627450980391611e-01
9.852005532503458340e-01
9.742711370262391313e-01
9.848605577689242274e-01
9.578335832083958445e-01
9.949026171637249671e-01
9.635856573705179340e-01
9.708835341365462668e-01
9.851324337831084410e-01
9.162998532746432501e-01
9.599876314162029134e-01
9.860210071053444603e-01
9.409405255878284802e-01
9.593536985609694145e-01
9.774590163934425702e-01
9.682225738396624815e-01
9.844614729672200859e-01
9.497126436781608838e-01
9.605089662447257037e-01
9.652575315840621339e-01
9.132931783162907546e-01
9.854287556415216587e-01
9.547172357943042309e-01
9.468198417528910227e-01
9.473784921546115623e-01
9.471953578336556046e-01
9.588502067493663850e-01
9.682885021097046296e-01
9.470805617147081135e-01
9.606557377049180779e-01
9.462109539151141169e-01
9.942479148691401036e-01
9.705099778270509514e-01
9.549863387978141382e-01
9.388422035480858963e-01
9.441606357315168729e-01
9.760021097046414074e-01
9.707290701266604316e-01
9.668032786885245589e-01
9.475795297372060499e-01
9.395417590539542063e-01
9.949507700075739258e-01
9.784153005464479858e-01
9.753379350014380611e-01
9.768715763846622657e-01
9.901095556908094952e-01
9.761661807580175321e-01
9.684167903900661178e-01
9.691003911342893629e-01
9.360495780590717407e-01
9.126737751383452446e-01
9.192668371696504082e-01
9.906420765027321718e-01
9.367486338797813561e-01
9.342968947235547050e-01
9.290583186064125254e-01
9.776361819090454430e-01
9.938374923919659487e-01
9.768997727846503443e-01
9.463601532567049723e-01
9.473233122362869629e-01
9.773579247263457503e-01
9.235332043842682248e-01
9.665585418597466560e-01
9.832623250152161543e-01
8.965541392351870087e-01
9.910039113428943391e-01
9.818464030233500228e-01
9.407103825136612363e-01
9.608488583835270713e-01
9.628972653362897205e-01
9.557808455565142136e-01
9.703153988868274960e-01
9.735297869626227119e-01
9.886465110345707963e-01
9.659275683665926593e-01
9.648928307464892384e-01
9.979757085020242169e-01
9.031513713080169259e-01
9.430254008798070187e-01
9.696374239350912250e-01
