9.885677308024158894e-01
9.830431979368149387e-01
9.810495626822157700e-01
9.734439834024896099e-01
9.930662557781202437e-01
9.930843706777315871e-01
9.795489564364757706e-01
9.781984007996002983e-01
9.867701404286769451e-01
9.842213114754098102e-01
9.857122846337020849e-01
9.861643252447850339e-01
9.935525467440360359e-01
9.913718723037101554e-01
9.734107166959102830e-01
9.839648077195969345e-01
9.894047779727359604e-01
9.810792349726775718e-01
9.863818090954522555e-01
9.655801825293349738e-01
9.774843730067610537e-01
9.780082987551866891e-01
9.843991350015446340e-01
9.862973760932944867e-01
9.835346563129133690e-01
9.865506329113924444e-01
9.892327530625403265e-01
9.790729635182409130e-01
9.864406779661016866e-01
9.825572801182556049e-01
9.877593360995849947e-01
9.925788497217069573e-01
9.898688046647230454e-01
9.886039886039885705e-01
9.686274509803921573e-01
9.854040839804428797e-01
9.912999712395743623e-01
9.873188405797101996e-01
9.870663420572124425e-01
9.773167358229599699e-01
9.847939175670267220e-01
9.919521912350597326e-01
9.747338431548957516e-01
9.775672173631357875e-01
9.878811072840923968e-01
9.781341107871720508e-01
9.705976095617531163e-01
9.899859675979079121e-01
9.947518368571000025e-01
9.778823529411764248e-01
9.846850733390855037e-01
9.901998710509348767e-01
9.840602907829798518e-01
9.919096209912536821e-01
9.852301694406957466e-01
9.894117647058823239e-01
9.827050997782704744e-01
9.768478573482888283e-01
9.853051431998800513e-01
9.841836734693877320e-01
9.823087431693988680e-01
9.918908227848101111e-01
9.903790087463557601e-01
9.781118143459915926e-01
9.894242891161226794e-01
9.961538461538460565e-01
9.763119533527696570e-01
9.911450752062106462e-01
9.945019920318725060e-01
9.867484177215190000e-01
9.862021857923497503e-01
9.955112598904443111e-01
9.840286831812256052e-01
9.847046413502109630e-01
9.923076923076923350e-01
9.760932944606414141e-01
9.779245031345872308e-01
9.859073914293932095e-01
9.837359967606964517e-01
9.884700665188470570e-01
9.805736636245110383e-01
9.896344025773917696e-01
9.866378728573356183e-01
9.881744271988175399e-01
9.850702143385070553e-01
9.914553859083905518e-01
9.762571695344803846e-01
9.827050997782704744e-01
9.870157513835675633e-01
9.791666666666666297e-01
9.785014899957429346e-01
9.838806417753785949e-01
9.921952603944941274e-01
9.740860064434795351e-01
9.875656472042013689e-01
9.869791666666666297e-01
9.792313377679231490e-01
9.833178869323446758e-01
9.886612021857923427e-01
9.902322404371585174e-01
9.954075774971298252e-01
9.954648526077097825e-01
9.804594481019750507e-01
9.922777028040186131e-01
9.772792637331032539e-01
9.903173413293353544e-01
9.723404255319149092e-01
9.850702143385070553e-01
9.916443423906110555e-01
9.792603698150925684e-01
9.933209647495362393e-01
9.846133081387501429e-01
9.947495388108414938e-01
9.882513661202185773e-01
9.859514687100893182e-01
9.728813559322034843e-01
9.881147540983605815e-01
9.904324531190202840e-01
9.865796971060128984e-01
9.898052343274498233e-01
9.840747904577691330e-01
9.961533270346875080e-01
9.891786179921773225e-01
9.838709677419354982e-01
9.717647058823529749e-01
9.692254495159059458e-01
9.855576150756872877e-01
9.737897648686030250e-01
9.875621890547263693e-01
9.800546448087432694e-01
9.796448087431692819e-01
9.802267512484815759e-01
9.896409819781466499e-01
9.810109289617486850e-01
9.897281433426011743e-01
9.737897648686031360e-01
9.816326530612243806e-01
9.884839650145772483e-01
9.902687673772011534e-01
9.840231284236153897e-01
9.858606557377048718e-01
9.746463090068636648e-01
9.874837027379401722e-01
9.810951760104302810e-01
9.774230658613748401e-01
9.816646378575775156e-01
9.876570583887657184e-01
9.925099601593624365e-01
9.867053583479551415e-01
9.906134515890613335e-01
9.916779127305442865e-01
9.906282801019643536e-01
9.918756128309287323e-01
9.920270442658503107e-01
9.698478561549100929e-01
9.809647979139505258e-01
9.951760104302477261e-01
9.724693745970341974e-01
9.876093294460640548e-01
9.825170411512244018e-01
9.846994535519125735e-01
9.922131147540983465e-01
9.921637248934875863e-01
9.828407339963580736e-01
9.808796750245132312e-01
9.936727063560540918e-01
9.882219384135092488e-01
9.778606208155812274e-01
9.880825958702064149e-01
9.919470808167961673e-01
9.925765960318532199e-01
9.889428715027643868e-01
9.868046183835657015e-01
9.832552859372782894e-01
9.941832669322708815e-01
9.820767955096313395e-01
9.916061435885225039e-01
9.816060126582278889e-01
9.928160919540229834e-01
9.839634941329856721e-01
9.786179921773141555e-01
9.893741851368970108e-01
9.750566893424035264e-01
9.820730117340286114e-01
9.833558254610885729e-01
9.912959381044488261e-01
9.865506329113924444e-01
9.815524336597134525e-01
9.824038597984958709e-01
9.906867508908323572e-01
9.765117441279359545e-01
9.892037786774628971e-01
9.808796750245132312e-01
9.891218354430380000e-01
9.894393741851369439e-01
9.887657058388764630e-01
9.918713450292397926e-01
9.845271441910097288e-01
9.898096909164529889e-01
9.867014341590614190e-01
9.674719935213929034e-01
9.904924081169292904e-01
9.891567802015563959e-01
9.830559304243514651e-01
9.942637332973410791e-01
9.822404371584698701e-01
9.898956975228161426e-01
9.890741000140076400e-01
9.842414904048185642e-01
9.857635893011216233e-01
9.866613311991463409e-01
9.756097560975609539e-01
9.934723996026678661e-01
9.834660547982183587e-01
9.800569800569800538e-01
9.825949367088607778e-01
9.723899913718723198e-01
9.929971988795518456e-01
9.845501955671447369e-01
9.774041387705417749e-01
9.892152689087555517e-01
9.816247582205028799e-01
9.873705122747268303e-01
9.928961748633878814e-01
9.784153005464482078e-01
9.867319426706400165e-01
9.940467852640425539e-01
9.761904761904761640e-01
9.915254237288135819e-01
9.805867126833478498e-01
9.807745504840941209e-01
9.917300253434706558e-01
9.636578171091445544e-01
9.866983031348863786e-01
9.940026075619295964e-01
9.835495829471733176e-01
9.924619640387275510e-01
9.904628518073896881e-01
9.842720685111989720e-01
9.820488594952084815e-01
9.825949367088607778e-01
9.896032657226686569e-01
9.918699186991869476e-01
9.829313543599258463e-01
9.826718435432844068e-01
9.843579234972678060e-01
9.868440502586844909e-01
9.939067096231966048e-01
9.841409097044134802e-01
9.924180327868852292e-01
9.963985594237694254e-01
9.900776531492666566e-01
9.970517928286852793e-01
9.941418137553257317e-01
9.810126582278481111e-01
9.850622406639003570e-01
9.882007822685788812e-01
9.863278644791250160e-01
9.740437158469945622e-01
9.785944551901999411e-01
9.865963124696749409e-01
9.699872286079183059e-01
9.864406779661016866e-01
9.899221839520347954e-01
9.909735654416506057e-01
9.782882756688612291e-01
9.766831608936872300e-01
9.761568627450979418e-01
9.864778670748819422e-01
9.822157434402331022e-01
9.854227405247812932e-01
9.858665430954587361e-01
9.752066115702479054e-01
9.866264020707506965e-01
9.931162941367022157e-01
9.887058823529411011e-01
9.938146932592779592e-01
9.859277044150993596e-01
9.772829509671614456e-01
9.886612021857923427e-01
9.880466472303206515e-01
9.855932203389830004e-01
9.976486860304287774e-01
9.796747967479675356e-01
9.879381297005818130e-01
9.823339780786588538e-01
9.611290096652193027e-01
9.957146624472573704e-01
9.775097783572359589e-01
9.855021711724331057e-01
9.789886538730914189e-01
9.911309777210159933e-01
9.911308203991131549e-01
9.760154738878142888e-01
9.764177040110650907e-01
9.793731778425656120e-01
9.714749536178107769e-01
9.784580498866213283e-01
9.724049000644745533e-01
9.778077672814515786e-01
9.685241886099204001e-01
9.894882434301521812e-01
9.814741561181434815e-01
9.787611986407167564e-01
9.938588203536240506e-01
9.905004633920296842e-01
9.912900782630649221e-01
9.849470595739252543e-01
9.847803268855901404e-01
9.918699186991870587e-01
9.743555135645836085e-01
9.919087136929460868e-01
9.834520042194092593e-01
9.861325115562402654e-01
9.821576763485476702e-01
9.832609609188962541e-01
9.915611814345991482e-01
9.818810511756570492e-01
9.855463347164592491e-01
9.923371647509579008e-01
9.824630801687763704e-01
9.810299869621903479e-01
9.891633466135458796e-01
9.823615160349854492e-01
9.913718723037101554e-01
9.844198174706649818e-01
9.800546448087431584e-01
9.797399646553900388e-01
9.799203187250995484e-01
9.869140063272936469e-01
9.811040626265352671e-01
9.804966932109596689e-01
9.873533246414601949e-01
9.911885245901639330e-01
9.882434301521438869e-01
9.750977835723599885e-01
9.858600583090378899e-01
9.826060878692457479e-01
9.846919249904323435e-01
9.775828460038986645e-01
9.926209734638853366e-01
9.803710094909404704e-01
9.859223980949711752e-01
9.897308330144150013e-01
9.855191256830601043e-01
9.832542194092827037e-01
9.787139689578713275e-01
9.972969409282700370e-01
9.964523281596451287e-01
9.948250728862972903e-01
9.927723676202069303e-01
9.871584699453552769e-01
9.774230658613747291e-01
9.840103159252094889e-01
9.733653117899521146e-01
9.932523616734143523e-01
9.765857811834823821e-01
9.806374501992031201e-01
9.827050997782704744e-01
9.874077004219409259e-01
9.897265336289726712e-01
9.883924956134431117e-01
9.806122448979591733e-01
9.839557399723375397e-01
9.825280414150129316e-01
9.825170411512244018e-01
9.841112869198311852e-01
9.868381010346926052e-01
9.800995024875621686e-01
9.831967213114753967e-01
9.899723374827109623e-01
9.946058091286307246e-01
9.771174863387979137e-01
9.883808095952024697e-01
9.926286856571714390e-01
9.825136612021857507e-01
9.853388658367912001e-01
9.889340243731615798e-01
9.796367248474527889e-01
9.829446064139941708e-01
9.863193403298351480e-01
9.841720779220779480e-01
9.938070404172099082e-01
9.833090379008745385e-01
9.784983891301302084e-01
9.798991455385908100e-01
9.673619980133389973e-01
9.888161898965308616e-01
9.934810951760104647e-01
9.833985693075988355e-01
9.857762469702768815e-01
9.793853073463267833e-01
9.910669665167416431e-01
9.942637332973411901e-01
9.906921539230385543e-01
9.883520276100086210e-01
9.898004434589799949e-01
9.885189437428243409e-01
9.841805368121159248e-01
9.875488917861798832e-01
9.864106988783434282e-01
9.795306388526727748e-01
9.953264308311762232e-01
9.870121308016877038e-01
9.815089672232529816e-01
9.930489944661897717e-01
9.883311603650586363e-01
9.850119064294717841e-01
9.883381924198250124e-01
9.785396139829936057e-01
9.899221839520346844e-01
9.862704918032786372e-01
9.833908541846418938e-01
9.805670816044260718e-01
9.750597609561753032e-01
9.846938775510203357e-01
9.809923969587834858e-01
9.862378976486860793e-01
9.947441217150760906e-01
9.871130410421627976e-01
9.895833333333333703e-01
9.852486870559159504e-01
9.719738895984106897e-01
9.825072886297375740e-01
9.894248326232502055e-01
9.898224043715847520e-01
9.816552186295862681e-01
9.891875193080011952e-01
9.875826697260089437e-01
9.904214559386973482e-01
9.705548460337731775e-01
9.804138950480414394e-01
9.775668679896462043e-01
9.876210235131397397e-01
9.916717697489283445e-01
9.867947178871548930e-01
9.873127277635307397e-01
9.819813740045890693e-01
9.825574473151565957e-01
9.905247813411077740e-01
9.836010257794574052e-01
9.911183194315724698e-01
9.846473029045643699e-01
9.847006651884701034e-01
9.910919152382238195e-01
9.900284900284900269e-01
9.931693989071038731e-01
9.845916795069338256e-01
9.810719640179909051e-01
9.863816189896530418e-01
9.868028948488718477e-01
9.900183710961419914e-01
9.780757769263516144e-01
9.818167985392575181e-01
9.855874316939889912e-01
9.793222683264176665e-01
9.774482545566883784e-01
9.938778086341832907e-01
9.741355463347163290e-01
9.934661354581673098e-01
9.790586916935144490e-01
9.743852459016394407e-01
9.815352697095435230e-01
9.813008130081301017e-01
9.841817658901352850e-01
9.911202185792350461e-01
9.792531120331949834e-01
9.877176407072478792e-01
9.849413298565841135e-01
9.858039215686273948e-01
9.920876445526476406e-01
9.748279119989202712e-01
9.884353741496598733e-01
9.865836791147994944e-01
9.844262295081966929e-01
9.875518672199170567e-01
9.795294117647059817e-01
9.830335501977294221e-01
9.808309037900874161e-01
9.932514509380483414e-01
9.908083441981747619e-01
9.779391424619640061e-01
9.800099950024987461e-01
9.871050934880720718e-01
9.768695898964098179e-01
9.967695147679325185e-01
9.912268862194628660e-01
9.842083951950330034e-01
9.895291449913298232e-01
9.851643335362142428e-01
9.865190861359443009e-01
9.853935450950375152e-01
9.790073474284001209e-01
9.717016491754122409e-01
9.853976531942634232e-01
9.803278688524590390e-01
9.918908227848101111e-01
9.797372060857538756e-01
9.883222468588321874e-01
9.874616513271975426e-01
9.836100468284376674e-01
9.929046563192904795e-01
9.927113702623906466e-01
9.860787172011661328e-01
9.777322404371585618e-01
9.756192959582790092e-01
9.742503259452413023e-01
9.794844108516669312e-01
9.833860759493671111e-01
9.857823224541252261e-01
9.886640292148508591e-01
9.838222605694565415e-01
9.884462151394421969e-01
9.899480650025129780e-01
9.849785407725322184e-01
9.850052481631429435e-01
9.916687705124968000e-01
9.796367248474527889e-01
9.876853642811089795e-01
9.902820893507895406e-01
9.820703179717047426e-01
9.890710382513661081e-01
9.728708327709542081e-01
9.895045632333767660e-01
9.672663668165917272e-01
9.797958009778544586e-01
9.876208897485494465e-01
9.825290084388186296e-01
9.856197871728501481e-01
9.806010928961748085e-01
9.829234972677595161e-01
9.864754098360656309e-01
9.879432624113475558e-01
9.906343124733929528e-01
9.901603498542274062e-01
9.827249022164276093e-01
9.826169782116920270e-01
9.943977591036414765e-01
9.924892703862661092e-01
9.808743169398906891e-01
9.753873063468266880e-01
9.860891350210970741e-01
9.825605827146659532e-01
9.873705122747268303e-01
9.867246100726276836e-01
9.903798100949525729e-01
9.857761286332715756e-01
9.853620955315869345e-01
9.889135254988913326e-01
9.730874316939891466e-01
9.843937575030012876e-01
9.947130883301096294e-01
9.748169654127745165e-01
9.892842134752766192e-01
9.771654547773950261e-01
9.786433943522065970e-01
9.782696720205156238e-01
9.876033057851241193e-01
9.893481311391759681e-01
9.808573540280858261e-01
9.820121181519818609e-01
9.902322404371585174e-01
9.796905222437137795e-01
9.899789029535864815e-01
9.917072428484480229e-01
9.664723032069970632e-01
9.846387130801688148e-01
9.857823224541252261e-01
9.764672923378624469e-01
9.868169398907102874e-01
9.848194922821789099e-01
9.935622317596566333e-01
9.721949852920577229e-01
9.824833702882483921e-01
9.865484109386548628e-01
9.796768492804848183e-01
9.769825918762089501e-01
9.920634920634920917e-01
9.892807745504840211e-01
9.900874635568512883e-01
9.853297614491645096e-01
9.897900488927235951e-01
9.848606109110310536e-01
9.865098039215686176e-01
9.949017843754686119e-01
9.898053753475439809e-01
9.920948616600790970e-01
9.871369294605808475e-01
9.938722294654498413e-01
9.937446074201898849e-01
9.891633466135458796e-01
9.853386454183267196e-01
9.835438193647147997e-01
9.865527384787786680e-01
9.880644233534655596e-01
9.786839666357738388e-01
9.890027322404371102e-01
9.768997727846503443e-01
9.841805368121158137e-01
9.939263058442434629e-01
9.783095991561181481e-01
9.883924956134431117e-01
9.845261121856866415e-01
9.951872362869198518e-01
9.915044794562866137e-01
9.813315339631129008e-01
9.872945830797321687e-01
9.911955514365151654e-01
9.852459016393443347e-01
9.846629638980055610e-01
9.818854445720117674e-01
9.875826697260088327e-01
9.782139775668681203e-01
9.846311475409834646e-01
9.723350609329037830e-01
9.931434599156118148e-01
9.785015818234110707e-01
9.908894587663652498e-01
9.880724582217120799e-01
9.858095643536255448e-01
9.916320885200553548e-01
9.768174814399774863e-01
9.891941698777014791e-01
9.803223388305847275e-01
9.748633879781420930e-01
9.843203398300849338e-01
9.973005803752192922e-01
9.835807467386414871e-01
9.807668521954236995e-01
9.781347010392765773e-01
9.875283446712017632e-01
9.795081967213113971e-01
9.831192358366271922e-01
9.902933563416738139e-01
9.800829875518672907e-01
9.813411078717201308e-01
9.838865836791148567e-01
9.787085025913994096e-01
9.881195335276968805e-01
9.855021711724331057e-01
9.838865836791148567e-01
9.884239286741443031e-01
9.795343883140597008e-01
9.932466548851299759e-01
9.839557399723375397e-01
9.863387978142076351e-01
9.821163449858280048e-01
9.833309987393192841e-01
9.800392211794368702e-01
9.855463347164592491e-01
9.885682158920540141e-01
9.736767418759756376e-01
9.881744271988175399e-01
9.721284923741395634e-01
9.807843137254902421e-01
9.854321333520100756e-01
9.967782602605407272e-01
9.806576402321083297e-01
9.922821788493429995e-01
9.869141813755325510e-01
9.798063623789764476e-01
9.832058779427199635e-01
9.857605614792819271e-01
9.867484177215190000e-01
9.836734693877551283e-01
9.865527384787785570e-01
9.789344764237599694e-01
9.810126582278481111e-01
9.910351589858523713e-01
9.908022130013830475e-01
9.888916940166623260e-01
9.894281254434511563e-01
9.839269040949714107e-01
9.844614729672200859e-01
9.881880024737167423e-01
9.752732240437158584e-01
9.753062540296582039e-01
9.914857386121753713e-01
9.776571572835142110e-01
9.815514993481095907e-01
9.883520276100086210e-01
9.798063623789764476e-01
9.851709947495389530e-01
9.924416250506140624e-01
9.816439465514915641e-01
9.898688046647230454e-01
9.801333900950759404e-01
9.840248962655602227e-01
9.972328650489570290e-01
9.842842716485735721e-01
9.880010548523207037e-01
9.771888185654008518e-01
9.789073305670816794e-01
9.794948204909891265e-01
9.915003695491499958e-01
9.755946864380599104e-01
9.903173413293353544e-01
9.930255967788322868e-01
9.799999999999999822e-01
9.843260188087774587e-01
