9.912280701754386802e-01
9.875564152159896913e-01
9.953352769679300049e-01
9.930152143845090151e-01
9.883737218097772281e-01
9.930843706777316982e-01
9.916654993696596421e-01
9.873813093453274181e-01
9.851441241685143790e-01
9.883879781420764621e-01
9.899145538590838900e-01
9.804171988080034872e-01
9.846550612508059297e-01
9.859792924935288916e-01
9.903495748414090638e-01
9.925500212856535054e-01
9.931839654474287071e-01
9.855874316939891022e-01
9.923163418290854576e-01
9.851368970013038018e-01
9.785049113407322530e-01
9.899031811894881683e-01
9.776799505715169092e-01
9.931486880466471323e-01
9.777825711820534726e-01
9.887921940928270370e-01
9.793681495809155590e-01
9.763868065967016285e-01
9.794654498044328417e-01
9.730968218773097256e-01
9.964038727524204830e-01
9.733457019171304347e-01
9.795918367346938549e-01
9.859799070325385717e-01
9.844842284739983018e-01
9.868421052631578538e-01
9.828875467356918971e-01
9.830084957521239009e-01
9.955112598904443111e-01
9.908022130013830475e-01
9.873949579831933221e-01
9.804780876494023634e-01
9.815564552406658150e-01
9.888241010689990951e-01
9.859038142620231149e-01
9.807580174927112981e-01
9.857370517928286668e-01
9.880724582217119689e-01
9.914529914529914834e-01
9.798431372549019081e-01
9.814495254529767010e-01
9.896840747904578350e-01
9.837935174069627475e-01
9.986151603498543139e-01
9.859049332733542670e-01
9.803137254901961306e-01
9.784922394678492452e-01
9.859792924935288916e-01
9.781076623181886864e-01
9.873906705539358120e-01
9.799863387978142715e-01
9.854298523206750371e-01
9.905247813411078850e-01
9.890559071729957408e-01
9.904748564224681306e-01
9.796610169491525300e-01
9.902332361516035242e-01
9.796821931101407088e-01
9.787250996015935955e-01
9.877373417721518889e-01
9.752049180327868605e-01
9.798387096774194838e-01
9.925684485006518454e-01
9.802215189873417778e-01
9.853976531942633121e-01
9.906705539358601209e-01
9.905962384953981292e-01
9.838941616335921125e-01
9.839384532325550214e-01
9.889135254988913326e-01
9.904172099087353853e-01
9.934864827006584242e-01
9.904845458226481103e-01
9.744271988174427745e-01
9.829268292682926678e-01
9.784983891301302084e-01
9.922635720955048644e-01
9.843311160384331515e-01
9.919824038597984117e-01
9.868852459016393963e-01
9.778629203916560098e-01
9.943019943019943963e-01
9.838229033631331610e-01
9.847317551477798858e-01
9.776027185665739916e-01
9.914930555555555580e-01
9.859571322985957176e-01
9.843219029966018274e-01
9.924863387978142271e-01
9.666666666666666741e-01
9.931751498915677434e-01
9.978658129918633879e-01
9.871830788625857167e-01
9.906282801019642426e-01
9.891429393155017902e-01
9.820089955022488493e-01
9.881366860090264881e-01
9.898004434589801059e-01
9.849470595739252543e-01
9.836331834082958636e-01
9.901051329622757580e-01
9.868403293291941880e-01
9.869447992053356211e-01
9.871584699453552769e-01
9.887186036611324003e-01
9.896349413298566322e-01
9.835382513661201642e-01
9.822043628013776839e-01
9.828310091467986620e-01
9.847839318320146251e-01
9.806576402321083297e-01
9.679443919557295661e-01
9.822033898305085886e-01
9.871777567822919153e-01
9.985882352941176654e-01
9.825726141078838793e-01
9.925857275254865719e-01
9.888658367911480340e-01
9.669600714376833661e-01
9.843579234972676950e-01
9.844262295081966929e-01
9.865029018760966828e-01
9.946076344543777203e-01
9.877049180327868161e-01
9.813870868087735122e-01
9.931535269709543812e-01
9.890670553935860809e-01
9.944606413994168115e-01
9.921995675007723170e-01
9.755782105903834101e-01
9.735655737704917989e-01
9.880935705280852188e-01
9.780312907431552016e-01
9.880052151238591929e-01
9.945355191256830540e-01
9.853925745587340801e-01
9.899482631189948645e-01
9.814342629482071256e-01
9.767175057362667001e-01
9.699186991869918062e-01
9.823061928325086400e-01
9.940020992652571774e-01
9.884437596302003692e-01
9.880086745758388522e-01
9.820193637621023042e-01
9.802477183833115948e-01
9.853976531942634232e-01
9.906511927788523852e-01
9.776239067055393361e-01
9.893966170159050888e-01
9.870218579234972811e-01
9.877732240437158140e-01
9.856208155812538063e-01
9.936265583415043734e-01
9.885137974506233993e-01
9.787891860799540211e-01
9.768695898964098179e-01
9.717741935483871218e-01
9.943952802359881105e-01
9.828875467356916751e-01
9.879200971791064489e-01
9.895292343776176391e-01
9.915279652121756770e-01
9.781467291045835566e-01
9.850199203187250951e-01
9.910065059318790004e-01
9.742826526967495182e-01
9.922204641350211851e-01
9.735132433783107997e-01
9.907431551499348288e-01
9.948500651890481716e-01
9.764667535853976954e-01
9.836601307189541954e-01
9.825293350717079210e-01
9.925775978407557210e-01
9.786589297227594741e-01
9.793644514767931852e-01
9.876543209876542662e-01
9.855967078189300512e-01
9.880952380952380265e-01
9.793228385807096759e-01
9.907782276203329630e-01
9.859223980949712862e-01
9.779799578059071852e-01
9.810299869621903479e-01
9.863266814486326695e-01
9.746198830409357194e-01
9.948646125116713534e-01
9.872452422729112165e-01
9.786831812255540886e-01
9.788095559454716987e-01
9.789981552433659751e-01
9.904324531190202840e-01
9.796071375018743366e-01
9.849507355918477591e-01
9.730874316939890356e-01
9.842242503259451825e-01
9.815800532287435320e-01
9.847317551477798858e-01
9.912999712395744734e-01
9.918634120314793190e-01
9.873614190687360903e-01
9.855257556406982200e-01
9.889323795383991866e-01
9.925775978407558320e-01
9.926819620253164445e-01
9.905090595340810822e-01
9.857943177270906965e-01
9.865058670143416197e-01
9.805234327449787735e-01
9.811976727685540745e-01
9.843971631205672423e-01
9.894990776216829875e-01
9.869535519125683942e-01
9.892076502732239929e-01
9.780757769263516144e-01
9.890040621935846099e-01
9.857276243830864759e-01
9.875332679647009781e-01
9.924503882657462750e-01
9.914937759336099887e-01
9.885287448312657377e-01
9.894985250737462490e-01
9.729651998849582206e-01
9.935462842242502868e-01
9.870250231696013898e-01
9.934993084370677963e-01
9.835934373749499748e-01
9.848484848484848619e-01
9.848157646106088237e-01
9.901766877637130371e-01
9.769741038397754540e-01
9.858093126385809590e-01
9.870129870129868976e-01
9.818090307736554445e-01
9.796448087431693930e-01
9.760532150776053406e-01
9.889340243731615798e-01
9.800242947766230062e-01
9.918032786885245811e-01
9.721888755502201551e-01
9.877049180327869271e-01
9.810358565737051784e-01
9.945222154595252384e-01
9.874736286919831851e-01
9.896957123098202302e-01
9.813559322033897914e-01
9.757236227824462871e-01
9.827185792349727445e-01
9.878143133462282677e-01
9.896894711305190828e-01
9.934723996026677550e-01
9.801173402868318396e-01
9.798443679040693688e-01
9.909090909090909616e-01
9.856422468132791659e-01
9.908532013795171567e-01
9.825098039215687251e-01
9.798443679040693688e-01
9.890670553935859699e-01
9.786200194363459115e-01
9.803058387395737761e-01
9.822103936125508028e-01
9.823842392867414564e-01
9.832361516034985316e-01
9.876862745098038410e-01
9.871875788942185981e-01
9.876617313592103153e-01
9.878542510121458564e-01
9.823087431693988680e-01
9.886297376093294842e-01
9.798565840938722182e-01
9.879668049792531548e-01
9.863266814486326695e-01
9.880800340570455864e-01
9.784010315925208978e-01
9.925059532147360031e-01
9.896492616033755185e-01
9.741199478487614360e-01
9.950273147499649751e-01
9.829107718167811036e-01
9.747410245494537717e-01
9.917220990391721891e-01
9.782076079948419656e-01
9.775933609958505910e-01
9.852040816326529393e-01
9.829545454545454142e-01
9.831265839669200979e-01
9.893617021276596146e-01
9.856050382366170481e-01
9.780771586037966259e-01
9.951590594744121887e-01
9.844409282700421482e-01
9.859437751004016537e-01
9.794844108516669312e-01
9.807692307692308376e-01
9.780989649078515313e-01
9.782497767572394531e-01
9.837306942570099855e-01
9.939393939393939004e-01
9.929815089755702484e-01
9.856846473029045042e-01
9.837816455696202222e-01
9.920156884717746815e-01
9.838174273858921737e-01
9.735257038800951834e-01
9.899789029535864815e-01
9.715767634854770574e-01
9.867219917012448605e-01
9.838229033631332721e-01
9.778481012658227778e-01
9.906127770534549626e-01
9.932270916334662303e-01
9.804664723032070484e-01
9.725337935001439060e-01
9.789439374185138210e-01
9.851092896174863389e-01
9.895228477657156407e-01
9.776095617529880766e-01
9.908685648547599367e-01
9.904170603320285871e-01
9.813740045890133601e-01
9.709256844850064905e-01
9.848360655737705693e-01
9.778699861687413231e-01
9.913950456323338267e-01
9.973032069970846347e-01
9.857549857549856576e-01
9.836076030105880275e-01
9.902534113060429410e-01
9.847452816801476327e-01
9.930974978429680800e-01
9.705841154223280309e-01
9.909427222860058837e-01
9.799180327868852736e-01
9.854298523206750371e-01
9.881005173688099941e-01
9.895833333333332593e-01
9.818920916481892469e-01
9.869533527696794373e-01
9.925441265976872041e-01
9.898907103825136389e-01
9.817371297095196514e-01
9.813023855577047705e-01
9.910376167634435962e-01
9.856050382366171592e-01
9.899957428693060280e-01
9.784063745019920821e-01
9.799704360679970527e-01
9.914952531645568889e-01
9.838876570583887649e-01
9.831286273451208535e-01
9.866618075801748544e-01
9.781466113416320551e-01
9.933132010353753483e-01
9.782251956576621943e-01
9.941983122362869629e-01
9.910225197808886222e-01
9.926648807245822548e-01
9.788934426229507491e-01
9.896265560165975472e-01
9.853388658367912001e-01
9.966530054644808789e-01
9.843203398300849338e-01
9.815717141429285419e-01
9.693989071038251470e-01
9.829875518672198664e-01
9.816500910491665621e-01
9.865190861359443009e-01
9.726676384839649803e-01
9.767616191904048284e-01
9.895640074211502490e-01
9.869621903520208184e-01
9.741253644314868954e-01
9.842414904048186752e-01
9.768174814399775974e-01
9.785014899957428236e-01
9.897291539866099885e-01
9.834419817470665404e-01
9.805641787015791921e-01
9.793978823829571079e-01
9.892553723138430843e-01
9.945027486256872162e-01
9.771224186799838396e-01
9.759495252373812102e-01
9.907247627264883505e-01
9.841832963784183930e-01
9.961729812476081136e-01
9.928025191183085241e-01
9.840938722294654273e-01
9.841098648259994919e-01
9.766623207301172727e-01
9.796519988495829834e-01
9.935390295358650370e-01
9.789734075448361938e-01
9.758401943582128979e-01
9.877444589308995715e-01
9.641406359434093742e-01
9.937317784256558539e-01
9.923066540693750159e-01
9.714887102946805353e-01
9.881147540983605815e-01
9.889272361230946329e-01
9.735131396957124039e-01
9.752191235059761709e-01
9.905247813411079960e-01
9.884620514872615171e-01
9.843015214384508438e-01
9.821576763485477812e-01
9.703740019610589407e-01
9.791007383966244815e-01
9.943620636391720113e-01
9.681424719738895845e-01
9.797376093294460908e-01
9.707851491174680492e-01
9.734972677595628010e-01
9.609649857597587497e-01
9.910410874266295522e-01
9.895397489539748959e-01
9.865190861359443009e-01
9.882928905917411910e-01
9.796008869179599898e-01
9.781420765027321051e-01
9.904564315352697434e-01
9.926515615431720230e-01
9.881285847672403033e-01
9.831961128357403767e-01
9.838034822513159749e-01
9.900583402786045095e-01
9.922011661807579319e-01
9.766500202456472879e-01
9.724281742354031755e-01
9.871369294605809586e-01
9.934220251293421899e-01
9.776623026049399146e-01
9.793072424651372287e-01
9.872267759562840528e-01
9.774478218237847571e-01
9.780734632683658614e-01
9.993913572732805450e-01
9.673619980133389973e-01
9.804041641151254316e-01
9.900666950475379702e-01
9.883597078514911871e-01
9.932377049180327599e-01
9.878284923928077887e-01
9.810009267840593683e-01
9.746276192880585221e-01
9.975103734439834113e-01
9.892430278884462025e-01
9.815100154083205020e-01
9.915300546448087005e-01
9.825726141078837683e-01
9.895048041389504778e-01
9.828875467356916751e-01
9.788934426229507491e-01
9.866528354080221774e-01
9.898096909164528778e-01
9.903520208604954522e-01
9.877647058823528781e-01
9.799147900182593185e-01
9.851531920637063289e-01
9.824366110080395842e-01
9.913554633471646227e-01
9.896857923497268672e-01
9.808437067773166929e-01
9.919215686274509558e-01
9.879448909299655135e-01
9.864431486880467226e-01
9.852206775543257411e-01
9.838331160365059169e-01
9.727524204702627797e-01
9.794477761119440018e-01
9.906511927788522742e-01
9.863771817794806385e-01
9.802874472573839260e-01
9.906870022945065690e-01
9.736131731677689638e-01
9.839269040949712997e-01
9.820450395617772443e-01
9.929047821768128834e-01
9.864140834290088256e-01
9.884540410856200721e-01
9.770739630184908098e-01
9.845501955671447369e-01
9.836748633879781600e-01
9.940664556962025555e-01
9.848547717842323079e-01
9.964523281596453508e-01
9.889955982392957257e-01
9.815524336597134525e-01
9.926829268292683972e-01
9.830903790087464067e-01
9.963556851311952123e-01
9.876366120218578182e-01
9.865710560625814418e-01
9.846805736636246031e-01
9.917667701444188300e-01
9.845727848101266666e-01
9.808096372040902011e-01
9.848600121728544599e-01
9.895743457003164378e-01
9.794422310756971672e-01
9.786396381303400505e-01
9.908482706387276018e-01
9.921277552856500037e-01
9.837162332744255888e-01
9.861643252447849228e-01
9.782076079948420766e-01
9.904845458226481103e-01
9.905448942428911607e-01
9.814207650273223393e-01
9.930489944661897717e-01
9.689700130378096077e-01
9.873813093453274181e-01
9.872735116479723905e-01
9.861379754996776326e-01
9.818037974683544444e-01
9.951826287029048590e-01
9.816939890710382199e-01
9.938524590163932970e-01
9.875683060109289313e-01
9.900064474532559444e-01
9.861643252447850339e-01
9.769679300291546076e-01
9.926336375488917785e-01
9.869032027622335335e-01
9.856609310390822554e-01
9.895228477657157518e-01
9.794362956571757151e-01
9.916916541729134948e-01
9.798259493670885556e-01
9.809497128449362613e-01
9.919114516815665805e-01
9.783902845576853968e-01
9.873813093453273071e-01
9.858379715522572750e-01
9.883737218097772281e-01
9.858093126385809590e-01
9.837431693989071579e-01
9.848606109110311646e-01
9.900064474532559444e-01
9.802448876546326906e-01
9.890040621935844989e-01
9.667049368541905663e-01
9.839648077195970455e-01
9.865029018760965718e-01
9.805995237428211109e-01
9.924097461410894550e-01
9.897265336289726712e-01
9.958975006311537870e-01
9.887978142076503385e-01
9.839458413926498448e-01
9.870780590717299630e-01
9.846317711503347336e-01
9.813411078717201308e-01
9.899789029535864815e-01
9.839613391231266659e-01
9.819302423308586825e-01
9.797814207650273888e-01
9.668325041459370217e-01
9.801186569048220276e-01
9.889340243731614688e-01
9.840354767184036344e-01
9.810051736881005846e-01
9.850416561474375499e-01
9.856866537717601240e-01
9.821261838068561234e-01
9.874827109266943737e-01
9.731049562682216880e-01
9.840540885317005104e-01
9.749065286166235245e-01
9.879951980792317512e-01
9.919215686274509558e-01
9.853051431998800513e-01
9.889558232931726645e-01
9.790019762845849627e-01
9.878976486860304718e-01
9.787483702737941327e-01
9.776387690537819974e-01
9.927490039840637381e-01
9.929083665338646059e-01
9.918994769741038553e-01
9.894242891161226794e-01
9.895024446361806447e-01
9.623107815878900739e-01
9.795765027322405061e-01
9.749431961625851795e-01
9.779577147998200770e-01
9.883924956134431117e-01
9.878032700421941481e-01
9.894047779727359604e-01
9.820760799484203885e-01
9.854957805907172963e-01
9.928174235403151027e-01
9.861298545509071811e-01
9.847839318320146251e-01
9.829317269076305319e-01
9.824453551912568638e-01
9.760161575359758146e-01
9.810562571756601402e-01
9.865703873667162060e-01
9.923065861374747998e-01
9.862704918032786372e-01
9.830508474576270528e-01
9.886603375527426296e-01
9.939603106125971532e-01
9.788095559454716987e-01
9.815665263426458509e-01
9.863062296012486962e-01
9.878976486860304718e-01
9.843815660456646244e-01
9.919584520020103824e-01
9.855697151424288593e-01
9.890027322404371102e-01
9.881934032983508143e-01
9.885949520853016814e-01
9.904033588244114394e-01
9.928262213976499773e-01
9.791469833985693150e-01
9.762571695344804956e-01
9.925546448087432250e-01
9.872364953886693106e-01
9.785015818234109597e-01
9.869986168741355925e-01
9.852040816326530503e-01
9.841632088520055888e-01
9.886538730914693485e-01
9.810495626822157700e-01
9.845216416865106845e-01
9.853388658367910891e-01
9.769916594765601925e-01
9.953590992087645306e-01
9.756374652865438257e-01
9.759336099585061985e-01
9.861949956859361599e-01
9.875826697260089437e-01
9.890741000140075290e-01
9.831909230984732240e-01
9.878284923928077887e-01
9.838205897051474080e-01
9.950333475237689296e-01
9.945306725794530456e-01
9.921041975975165572e-01
9.733333333333333837e-01
9.823504692533968630e-01
9.809497128449362613e-01
9.940038684719536555e-01
9.860313815537695703e-01
9.839470480827754439e-01
9.726141078838174137e-01
9.883790673264356563e-01
9.838034822513159749e-01
9.862209915611814814e-01
9.806851311953352912e-01
9.876733436055470383e-01
9.866503368034291732e-01
9.831223628691982963e-01
9.855722089928561358e-01
9.878284923928077887e-01
9.849154253976267759e-01
9.770114942528735913e-01
9.871948779511805494e-01
9.843905207889882547e-01
9.856524427952999545e-01
9.756147540983606259e-01
9.695035460992907916e-01
9.851000425713070108e-01
9.818858874021711980e-01
9.814863102998696576e-01
9.803710094909404704e-01
9.912171507607192567e-01
9.818362423726408883e-01
9.911594007288433428e-01
9.854906195168039451e-01
9.832361516034985316e-01
9.726834113807293347e-01
9.857538035961272982e-01
9.839648077195970455e-01
9.900277707649582926e-01
9.914952531645570000e-01
9.894514767932489629e-01
9.948824343015214566e-01
9.925500212856535054e-01
9.763488543976349687e-01
9.819277108433734913e-01
9.804472763618190534e-01
9.800834052343974090e-01
9.734117647058821987e-01
9.920857262921978226e-01
9.839613391231265549e-01
9.852206775543258521e-01
9.873725490196079146e-01
9.892972275950999705e-01
9.883306962025316666e-01
9.886078070028481157e-01
9.887939487323154086e-01
9.889941690962098519e-01
9.882647679324894074e-01
9.752628324056895615e-01
9.770491803278689158e-01
9.847545652538113314e-01
9.867176128093158027e-01
9.930677290836653626e-01
9.836713866564612552e-01
9.738895984106712422e-01
9.852320675105485925e-01
9.797626293365794270e-01
9.713937918441875041e-01
9.919438285291943824e-01
9.892698069914969139e-01
9.787051687763713703e-01
9.899031811894882793e-01
9.830508474576270528e-01
9.879925222893299885e-01
9.940872135994087699e-01
9.740500463392030017e-01
9.855447352404139716e-01
9.896536212325686144e-01
9.838830584707646265e-01
9.850169910410874197e-01
9.719796215429402642e-01
9.891956782713084984e-01
9.806316641921987154e-01
9.833178869323446758e-01
9.868720020196919407e-01
9.900370713623726227e-01
9.770401106500691268e-01
9.814065077222972056e-01
9.784296807592752776e-01
9.920916481892091410e-01
9.878284923928077887e-01
9.840379637618636988e-01
9.941962478067215558e-01
9.876293865185559184e-01
9.802267512484815759e-01
9.903283850652271347e-01
9.840602907829798518e-01
9.920765027322404617e-01
9.748279119989202712e-01
9.829594477998274682e-01
9.882619714552487444e-01
9.932071809801067408e-01
9.859251369446135893e-01
9.908351810790835268e-01
9.890710382513661081e-01
9.862611711351206845e-01
9.816233858379452837e-01
9.873443983402490076e-01
9.909153005464480524e-01
9.793072424651371177e-01
9.967320261437908613e-01
9.863679308948575253e-01
9.914968281819408480e-01
9.829936563638818070e-01
9.867933271547728591e-01
9.818697257383965926e-01
9.875611159045154519e-01
9.839135021097046296e-01
9.760532150776052296e-01
9.810792349726775718e-01
9.890040621935846099e-01
9.866227762992015871e-01
9.742628685657171994e-01
9.954475416725032666e-01
9.865248226950354971e-01
9.885892116182573020e-01
9.808129260287806739e-01
9.713937918441875041e-01
9.830340839926963170e-01
9.931535269709543812e-01
9.948132780082987736e-01
9.722496706192358396e-01
9.860495436766623101e-01
9.845702148925536967e-01
9.724419831223629629e-01
9.722576983113381255e-01
9.924841772151898889e-01
9.796189942568988007e-01
9.801253834867280634e-01
9.865279445111377887e-01
9.839794303797467778e-01
9.822959889349931473e-01
9.863745019920318047e-01
9.766774057991315372e-01
9.821261838068561234e-01
9.823838080959520491e-01
9.873454127121080726e-01
9.800443458980043765e-01
9.788562508869022016e-01
9.844616376531269974e-01
9.875000000000000444e-01
9.833262381155101206e-01
9.848871860366114062e-01
9.863306982872200868e-01
9.817427385892116831e-01
9.899338510209950703e-01
9.947482236638862663e-01
9.862725871970865477e-01
9.864481339577125807e-01
9.908469945355191655e-01
9.917313776243887880e-01
9.786324786324787084e-01
9.927379925222893364e-01
9.821960784313725767e-01
9.882836275106512414e-01
9.839265212399540550e-01
9.948711027129166773e-01
9.807317438896386852e-01
9.724757952973721586e-01
9.899601593625498852e-01
9.913892078071182556e-01
9.813258636788049216e-01
9.808429118773946964e-01
9.836601307189543064e-01
9.868143459915611482e-01
9.831882911392404445e-01
9.905998763141620200e-01
9.925765960318531089e-01
9.905395417590538987e-01
9.852310022721535443e-01
9.837359967606964517e-01
9.786975045648205196e-01
9.815352697095435230e-01
9.837162332744256998e-01
9.849122807017544057e-01
9.801592657578619416e-01
9.838830584707646265e-01
9.851000425713068998e-01
9.833201476793248519e-01
9.908532013795171567e-01
9.693989071038251470e-01
9.884498863923252276e-01
9.866419294990723676e-01
9.641856742697079152e-01
9.890710382513662191e-01
9.795081967213113971e-01
9.783595856392791612e-01
9.862829148805879464e-01
9.903181189488242664e-01
9.820490989073364929e-01
9.764442384924312268e-01
9.810316389263757930e-01
9.867280245431506724e-01
9.896747199352138313e-01
9.724618924360080019e-01
9.763485477178424077e-01
9.851708575112830824e-01
9.856154910096819322e-01
9.902489626556016944e-01
9.828497743391360064e-01
9.900626917433640317e-01
9.843433661762721609e-01
9.804644808743169238e-01
9.899608865710560757e-01
9.894305435720448516e-01
9.775628626692456358e-01
9.889161053276178670e-01
9.959735404083980281e-01
9.927861044964280124e-01
9.878748370273794377e-01
9.829059829059829667e-01
9.854906195168039451e-01
9.906296851574213358e-01
9.892842134752766192e-01
9.917355371900826722e-01
9.779009126466753354e-01
9.726008908084762261e-01
9.754867628519400258e-01
9.907762168298566152e-01
9.845216416865107956e-01
9.675341242505421935e-01
9.910788381742738906e-01
9.817064027590343134e-01
9.906639004149376815e-01
9.839883551673944684e-01
9.777327935222672739e-01
9.756078431372547932e-01
9.678571428571428603e-01
9.787824261508472068e-01
9.939067096231964937e-01
9.922863924050633333e-01
9.887657058388765741e-01
9.792819543798083615e-01
9.848288754673568679e-01
9.909734513274336409e-01
9.807053941908713268e-01
9.832650273224043946e-01
9.783577796951394845e-01
9.876714135021097407e-01
9.888922702373706963e-01
9.889748549323018612e-01
9.892842134752766192e-01
9.929261801372741836e-01
9.825293350717079210e-01
9.805591031644671496e-01
9.878096479791393936e-01
9.854550907182486608e-01
9.904748564224682417e-01
9.864755425979915282e-01
9.926637321595304098e-01
9.803921568627451677e-01
9.880359612724758378e-01
9.917012448132780378e-01
9.819403952057013107e-01
9.874414644529586615e-01
9.868893011750154987e-01
9.880722114764667330e-01
9.841805368121158137e-01
9.921341070277239771e-01
9.895174050632911111e-01
9.738341580446843171e-01
9.815602836879432358e-01
9.910946196660481711e-01
9.777911164465785676e-01
9.870430032217397676e-01
9.948250728862974013e-01
9.824344023323615671e-01
9.948172012886958848e-01
9.906639004149377925e-01
9.887814313346228179e-01
9.925290875688915770e-01
9.715459525258672846e-01
9.746254555270615905e-01
9.889411764705882124e-01
9.856719367588933078e-01
9.892759562841531018e-01
9.834800357188416831e-01
9.922821788493429995e-01
9.910123669830314119e-01
9.846128927761581551e-01
9.823838080959520491e-01
9.848606109110309426e-01
9.676458067262665441e-01
9.828717201166180528e-01
9.896072344445943081e-01
9.917072428484480229e-01
9.740259740259739063e-01
9.924182489451476297e-01
9.952185792349725890e-01
9.864827006583555269e-01
9.864126628379324968e-01
9.911885245901639330e-01
9.923969587835134165e-01
9.854227405247812932e-01
9.809923969587834858e-01
9.889788573999098720e-01
9.946058091286307246e-01
9.833309987393192841e-01
9.948254556688290728e-01
9.894281254434510453e-01
9.899482631189948645e-01
9.782745098039216103e-01
9.874350812531411670e-01
9.753086419753087544e-01
9.729651998849583316e-01
9.818697257383965926e-01
9.864354163854770485e-01
9.799568092860034829e-01
9.930843706777316982e-01
9.916317991631797835e-01
9.861788617886177999e-01
9.963318660797653159e-01
9.758665370910268866e-01
9.773863068465766801e-01
9.846805736636243811e-01
9.903377967133293325e-01
9.834300451321728032e-01
9.893542512956996493e-01
9.901773185355275952e-01
9.910096818810512076e-01
9.951590594744121887e-01
9.909569442569847730e-01
9.863762102351314454e-01
9.754781420765027411e-01
9.826562289107843018e-01
9.903961584633853565e-01
9.832405689548546768e-01
9.854834637717747592e-01
9.705959915611814814e-01
9.764577259475218929e-01
9.816470588235294281e-01
9.906921539230385543e-01
9.920553935860059180e-01
9.708852005532503382e-01
9.634757383966245925e-01
9.951760104302477261e-01
9.928943937418512888e-01
9.851714550509731438e-01
9.864453665283541284e-01
9.891038039974210383e-01
9.885964912280702510e-01
9.796367248474527889e-01
9.949453551912568194e-01
9.864825999424792213e-01
9.900908861398636240e-01
9.880722114764668440e-01
9.897422054258335766e-01
9.865777338603426427e-01
9.901376472257698014e-01
9.805617147080560869e-01
9.801825293350716617e-01
9.830335501977294221e-01
9.882513661202185773e-01
9.841817658901351740e-01
9.826718435432845178e-01
9.851531920637063289e-01
9.869918699186992495e-01
9.770378874856486817e-01
9.815964523281597298e-01
9.912728820774797667e-01
9.868705591597157767e-01
9.908093914118010215e-01
9.840354767184035234e-01
9.848360655737704583e-01
9.936853317102860572e-01
9.884958297382800962e-01
9.870430032217398786e-01
9.805591031644671496e-01
9.868802742616032964e-01
9.715860379669319924e-01
9.891424619640387661e-01
9.802478134110786945e-01
9.718431372549019009e-01
9.818362423726407773e-01
9.706997084548104615e-01
9.794509803921569446e-01
9.798893237953839597e-01
9.923741395599946502e-01
9.882647679324894074e-01
9.858539765319427328e-01
9.895043731778425666e-01
9.847545652538113314e-01
9.849024261603375185e-01
9.844614729672200859e-01
9.830340839926963170e-01
9.809312638580931498e-01
9.848605577689243384e-01
9.815100154083205020e-01
9.711618257261410703e-01
9.813870868087735122e-01
9.863278644791250160e-01
9.802043422733077715e-01
9.776200873362445032e-01
9.885267275097783246e-01
9.862024500322372766e-01
9.868804664723032083e-01
9.879526977087952355e-01
9.816166883963493017e-01
9.903005464480874043e-01
9.864827006583554159e-01
9.756065400843881852e-01
9.736880466472302986e-01
9.835267440309456433e-01
9.722461892436008446e-01
9.906528616623525574e-01
9.890673505196383442e-01
9.901960784313725839e-01
9.890054972513743214e-01
9.866378728573357293e-01
9.931773879142300476e-01
9.878976486860304718e-01
9.820699708454809773e-01
9.790789641535910803e-01
9.927740355174524689e-01
9.910788381742737796e-01
9.878750765462339656e-01
9.863278644791250160e-01
9.915156744319815196e-01
9.869179600886918147e-01
9.721412374473599183e-01
9.749472573839663703e-01
9.840734242137939569e-01
9.912314635718890710e-01
9.922011661807579319e-01
9.811267205903221322e-01
9.871022551745443074e-01
9.904064630143902814e-01
9.893372924821164371e-01
9.857386121753937136e-01
9.858523602745483672e-01
9.910225197808886222e-01
9.919398907103824659e-01
9.844752186588920928e-01
9.871939030484757627e-01
9.851662404092071945e-01
9.844774273345701099e-01
9.874437781109445256e-01
9.717827004219409259e-01
9.827790096082777982e-01
9.869947979191677767e-01
9.844262295081966929e-01
9.895897121861605417e-01
9.858955324605209736e-01
9.750665359294018453e-01
9.851768067627098002e-01
9.689938981126720030e-01
9.909890733645523309e-01
9.948087431693989346e-01
9.908894587663651388e-01
9.845191040843215280e-01
9.900334753499695495e-01
9.796193818329059777e-01
9.865356622998543434e-01
9.898384246402424091e-01
9.893333333333332869e-01
9.903005464480875153e-01
9.875518672199170567e-01
9.919824038597985227e-01
9.809497128449362613e-01
9.833933573429370911e-01
9.827050997782704744e-01
9.761288467069312302e-01
9.703881552621048678e-01
9.868028948488718477e-01
9.662417705561002768e-01
9.815686274509803910e-01
9.913153102675444917e-01
9.837935174069627475e-01
9.891786179921772115e-01
9.720990873533247312e-01
9.948646125116712424e-01
9.878096479791395046e-01
9.826718435432844068e-01
9.822645796516031869e-01
9.893741851368971219e-01
9.844516038660877655e-01
9.944402798600699978e-01
9.758314855875831473e-01
9.915254237288135819e-01
9.912568306010929309e-01
9.868970013037809963e-01
9.884874464176363063e-01
9.841530054644809233e-01
9.824905448942429231e-01
9.752066115702480165e-01
9.808437067773166929e-01
9.843015214384508438e-01
9.779997300580376418e-01
9.780737704918032183e-01
9.825034578146610853e-01
9.881366860090263771e-01
9.538251366120218400e-01
9.926160337552742963e-01
9.789156626506024805e-01
9.653228297806610847e-01
9.835276967930028924e-01
9.843937575030011766e-01
9.893215339233037975e-01
9.934640522875817226e-01
9.848547717842323079e-01
9.875687156421789625e-01
9.841530054644808123e-01
9.907942787583688959e-01
9.889314601958281159e-01
9.793488824101068690e-01
9.889830508474575232e-01
9.925500212856535054e-01
9.867346938775510834e-01
9.763524457402008583e-01
9.921716830881360805e-01
9.927304255035347413e-01
9.834627552487777979e-01
9.823213393303349417e-01
9.908894587663652498e-01
9.877973432190298997e-01
9.808743169398906891e-01
9.956157317859445355e-01
9.868603042876902265e-01
9.879526977087952355e-01
9.811976727685539634e-01
9.884839650145771373e-01
9.856846473029046152e-01
9.810590903027878174e-01
9.701004260499087595e-01
9.853556485355648986e-01
9.698546085100707703e-01
9.890679660169915399e-01
9.779982743744607410e-01
9.892759562841529908e-01
9.867280245431505614e-01
9.898305084745763205e-01
9.945222154595252384e-01
9.844789356984479101e-01
9.873633879781420486e-01
9.800724637681158535e-01
9.850119064294718951e-01
9.836601307189543064e-01
9.899031811894882793e-01
9.852220198907409854e-01
9.824629271437782529e-01
9.905448942428911607e-01
9.843546284224250487e-01
9.770275949012466876e-01
9.787878787878788733e-01
9.829875518672199775e-01
9.697212218220622182e-01
9.897900488927235951e-01
9.877732240437158140e-01
9.854573287409108540e-01
9.924359153943129730e-01
9.888289098815414846e-01
9.803997421018697533e-01
9.921004286589100163e-01
9.698259187620890120e-01
9.902788844621515096e-01
9.901135348896542565e-01
9.935657171414292721e-01
9.935390295358650370e-01
9.738186462324394110e-01
9.825605827146659532e-01
9.865145228215768114e-01
9.938013067515496513e-01
9.756268384927860859e-01
9.927372306226932563e-01
9.912171507607192567e-01
9.782886334610472190e-01
9.879400260756192598e-01
9.953590992087645306e-01
9.885490196078431380e-01
9.924359153943129730e-01
9.850342827004219259e-01
9.885827273886975686e-01
9.808464627741736441e-01
9.923872875092387691e-01
9.853976531942634232e-01
9.871576557400311147e-01
9.913934426229508157e-01
9.650956284153004994e-01
9.756377378863545502e-01
9.906779661016950067e-01
9.943312187879606023e-01
9.885258964143426308e-01
9.940612768254823983e-01
9.773511647972389360e-01
9.884151992585727964e-01
9.944657300979140579e-01
9.939135727328058945e-01
9.880722114764667330e-01
9.916687705124969110e-01
9.841530054644808123e-01
9.937562083155953019e-01
9.811734364925853713e-01
9.933304952462039816e-01
9.870157513835675633e-01
9.881225536509651297e-01
9.794789186160526295e-01
9.558061353130690163e-01
9.866983031348864897e-01
9.913298652794451105e-01
9.880359612724758378e-01
9.802493346407059605e-01
9.848627450980391718e-01
9.733929331630480908e-01
9.845392702535560314e-01
9.815514993481095907e-01
9.714904143475571185e-01
9.839648077195970455e-01
9.806356245380635217e-01
9.877176407072478792e-01
9.674537731134432716e-01
9.819471308833009893e-01
9.757647058823528674e-01
9.875564152159896913e-01
9.781960784313725732e-01
9.809766763848396520e-01
9.809566651671914883e-01
9.964539007092199085e-01
9.907857262523035446e-01
9.857359252713961961e-01
9.883183408295852512e-01
9.911308203991129329e-01
9.732343679712101014e-01
9.727229031482816923e-01
9.935213929005264344e-01
9.893586425079091695e-01
9.886917960088692503e-01
9.923523206751054815e-01
9.820760799484202774e-01
9.915044794562867247e-01
9.785247432306256599e-01
9.827868852459016313e-01
9.857761286332714645e-01
9.880059970014992698e-01
9.915537848605577853e-01
9.981778425655976061e-01
9.872135994087213318e-01
9.840734242137940679e-01
9.784825311141100990e-01
9.735456215554194603e-01
9.867701404286770561e-01
9.917072428484480229e-01
9.787852987086703704e-01
9.874984054088531416e-01
9.791486914006327646e-01
9.803278688524590390e-01
9.823453190800128798e-01
9.637857577601947057e-01
9.856930759886624038e-01
9.865190861359443009e-01
9.847046413502109630e-01
9.921161825726141359e-01
9.795615731785944913e-01
9.691690962099124285e-01
9.583614522877581532e-01
9.887874837027380570e-01
9.758314855875831473e-01
9.880010548523207037e-01
9.882653061224490054e-01
9.907963185274110129e-01
9.897828863346105344e-01
9.900546294999299501e-01
9.877433814259700684e-01
9.736946202531645556e-01
9.855847100745059874e-01
9.768442622950819221e-01
9.891134289439373894e-01
9.948250728862972903e-01
9.827297626293366450e-01
9.801749271137025765e-01
9.883520276100086210e-01
9.856935654008438519e-01
9.892037786774627861e-01
9.901106500691563284e-01
9.913268411442484052e-01
9.925303454715219686e-01
9.838946723821189178e-01
9.781649421789410104e-01
9.777696793002914610e-01
9.835934373749499748e-01
9.938104448742746122e-01
9.914968281819409590e-01
9.884347949482048534e-01
9.897648686030429133e-01
9.910600255427841621e-01
9.633196721311476640e-01
9.925684485006518454e-01
9.784256559766764116e-01
9.845643576986859991e-01
9.931656995486781714e-01
9.847164591977870529e-01
9.784256559766764116e-01
9.961964038727524340e-01
9.834144856968959347e-01
9.823087431693988680e-01
9.721637426900584522e-01
9.927595628415299966e-01
9.831721470019342268e-01
9.838212634822804947e-01
9.808649062380405681e-01
9.808309037900875271e-01
9.889243027888445781e-01
9.830559304243514651e-01
9.879975505205144115e-01
9.896032657226687679e-01
9.945355191256830540e-01
9.854231340261844219e-01
9.798833819241983267e-01
9.796322999279020172e-01
9.849683544303797778e-01
9.754481191618278313e-01
9.959557258407831792e-01
9.792205924647685578e-01
9.727845254161044952e-01
9.884620514872615171e-01
9.929261801372740726e-01
9.836010257794574052e-01
9.928174235403151027e-01
9.822158135063686624e-01
9.872758438818565185e-01
9.878748370273794377e-01
9.895291449913298232e-01
9.789915966386554258e-01
9.724902216427639967e-01
9.851311953352769324e-01
9.883040935672513516e-01
9.925775978407557210e-01
9.811734364925853713e-01
9.835818395041046047e-01
9.827075098814228582e-01
9.832464146023468521e-01
9.746887966804980152e-01
9.859924359153942053e-01
9.841816558234468548e-01
9.851000425713070108e-01
9.876853642811089795e-01
9.824630801687763704e-01
9.791486914006326536e-01
9.915611814345991482e-01
9.821200510855683241e-01
9.873949579831933221e-01
9.925775978407556099e-01
9.814890710382513372e-01
9.764582396161343159e-01
9.857823224541251150e-01
9.850290903930750686e-01
9.904899573950091130e-01
9.778322106552358450e-01
9.921545358649789259e-01
9.854803830707444812e-01
9.886852589641433875e-01
9.934810951760104647e-01
9.860090264345583444e-01
9.819426336375488562e-01
9.731054769575571139e-01
9.817193675889328563e-01
9.785686949866054807e-01
9.749538810841492653e-01
9.898035687509372238e-01
9.900392156862745097e-01
9.896957123098201192e-01
9.695335276967930183e-01
9.879681274900398158e-01
9.853823088455772039e-01
9.859251369446134783e-01
9.905976095617530230e-01
9.711152301513747975e-01
9.835082458770614267e-01
9.905962384953981292e-01
9.824984539270253947e-01
9.925857275254865719e-01
9.784232365145228982e-01
9.887654632668518850e-01
9.871584699453552769e-01
9.885284810126582222e-01
9.908471690080885574e-01
9.771364317841080283e-01
9.884625527426160740e-01
9.902818270165210102e-01
9.915254237288135819e-01
9.762733720180528652e-01
9.792819543798082504e-01
9.757303712720633015e-01
9.843092231151933102e-01
9.755641521598967802e-01
9.913965586234494420e-01
9.922863924050633333e-01
9.719881744271987589e-01
9.926229508196721119e-01
9.860624737358172354e-01
9.880644233534656706e-01
9.773835920177382786e-01
9.932377049180327599e-01
9.816593303988262464e-01
9.819781467291046617e-01
9.887262658227847778e-01
9.893419833178869194e-01
9.892076502732241039e-01
9.910788381742738906e-01
9.735402808573540012e-01
9.950770007573845888e-01
9.873633879781420486e-01
9.747627264883520493e-01
9.809799147900183369e-01
9.939135727328058945e-01
9.969387755102041559e-01
9.900796328789309708e-01
9.885919165580182577e-01
9.717827004219409259e-01
9.809690916452962206e-01
9.854219948849105570e-01
9.790300546448087449e-01
9.881147540983605815e-01
9.717243120424134961e-01
9.887023478919465536e-01
9.949400299850075235e-01
9.857729762629335868e-01
9.684423125473364813e-01
9.871576557400312257e-01
9.928797468354431111e-01
9.839556155345627886e-01
9.903288201160542759e-01
9.857120790855731229e-01
9.863816189896530418e-01
9.929261801372740726e-01
9.808996088657105927e-01
9.883250101228235884e-01
9.809426229508196871e-01
9.864126628379326078e-01
9.862527716186253457e-01
9.900057520851308634e-01
9.823747680890537737e-01
9.890292129098099405e-01
9.839265212399540550e-01
9.965262379896526745e-01
9.743532889874353398e-01
9.877792772529614407e-01
9.762658227848102221e-01
9.813395771250177368e-01
9.860305034417600201e-01
9.961960025789813322e-01
9.815027426967726232e-01
9.796448087431695040e-01
9.939374185136897744e-01
9.937459703417150791e-01
9.832249011353488832e-01
9.779883381924198149e-01
9.864778670748820533e-01
9.763670064874884202e-01
9.865058670143416197e-01
9.825949367088607778e-01
9.869116698903932505e-01
9.732446415373244841e-01
9.855874316939889912e-01
9.769490254872563728e-01
9.773142112125162706e-01
9.887834339948231577e-01
9.869462025316455556e-01
9.851164797238998183e-01
9.921616656460501282e-01
9.890292129098099405e-01
9.881900391415845419e-01
9.819490027770764184e-01
9.735422740524781737e-01
9.890559071729958518e-01
9.821993670886075556e-01
9.807738524393174728e-01
9.927025355596783562e-01
9.805577689243027972e-01
9.879781420765028077e-01
9.950553797468354444e-01
9.849963045084996205e-01
9.873706634205721144e-01
9.825945241199478541e-01
9.952288845905866710e-01
9.721706864564008121e-01
9.847317551477798858e-01
9.897753092653370777e-01
9.803058387395736650e-01
9.791589363017935144e-01
9.949288806431664245e-01
9.929722759509993502e-01
9.866120218579235157e-01
9.867967853042479698e-01
9.902322404371585174e-01
9.831284153005463988e-01
9.741875179752660374e-01
9.840354767184035234e-01
9.870177587262706220e-01
9.886392325170411111e-01
9.875662711436505870e-01
9.860979889323795433e-01
9.807171314741036650e-01
9.763317344105024720e-01
9.888916940166624370e-01
9.880553864881315151e-01
9.787172011661806614e-01
9.946815089672232935e-01
9.812158469945354566e-01
9.910600255427841621e-01
9.798194713088328456e-01
9.630692690394182520e-01
9.877647058823528781e-01
9.826597131681877872e-01
9.920765027322404617e-01
9.770580296896086425e-01
9.756147540983606259e-01
9.733924611973392427e-01
9.862865161372624812e-01
9.881952781112446349e-01
9.887275242047026680e-01
9.828529194382852330e-01
9.872014696876914019e-01
9.754167250315169957e-01
9.850746268656717097e-01
9.911807580174927246e-01
9.797487065779748594e-01
9.833116036505867852e-01
9.930843706777316982e-01
9.862483530961791978e-01
9.864106988783434282e-01
9.833860759493671111e-01
9.840992087644553354e-01
9.897254901960783613e-01
9.897308330144151123e-01
9.865527384787784460e-01
9.895491803278688714e-01
9.826765091082271253e-01
9.929962179576971026e-01
9.876543209876542662e-01
9.833310838169793122e-01
9.943306010928961713e-01
9.919778077672815053e-01
9.798495813821483935e-01
9.799070325386115554e-01
9.906127770534549626e-01
9.880800340570455864e-01
9.854628422425033563e-01
9.897811181434599259e-01
9.878556971067984360e-01
9.832113102751831590e-01
9.825311141100614432e-01
9.850606909430439373e-01
9.870157513835674523e-01
9.865058670143416197e-01
9.817442719881744884e-01
9.956175298804781360e-01
9.953190928270041482e-01
9.844945355191256908e-01
9.846308310163731647e-01
9.850409836065574520e-01
9.884508990318119359e-01
9.918356933282306276e-01
9.966113416320885321e-01
9.876311844077961810e-01
9.787878787878788733e-01
9.818989071038251026e-01
9.811203319502074249e-01
9.845319080012957524e-01
9.967930029154519200e-01
9.842454394693200825e-01
9.852769679300291683e-01
9.880800340570455864e-01
9.898096909164528778e-01
9.800242947766230062e-01
9.686721991701243706e-01
9.907700421940928148e-01
9.935684647302904793e-01
9.785396139829936057e-01
9.840059387231745447e-01
9.914264597191426720e-01
9.928048472607927666e-01
9.838602107509670791e-01
9.790352504638218933e-01
9.837519511849014409e-01
9.828819233110164255e-01
9.927115670130922664e-01
9.824453551912568638e-01
9.886468952734013271e-01
9.900626917433640317e-01
9.863816189896531528e-01
9.918248945147679629e-01
9.825274016763378970e-01
9.734556660596722644e-01
9.826169782116918050e-01
9.752547307132459764e-01
9.933507170795305985e-01
9.886538730914693485e-01
9.782103825136612141e-01
9.862948207171314818e-01
9.812615955473098506e-01
9.859792924935290026e-01
9.940573770491802907e-01
9.956284153005463544e-01
9.739229024943309998e-01
9.907966637906240326e-01
9.856614929785662005e-01
9.821685360943341880e-01
9.827063872759405072e-01
9.822158135063686624e-01
9.838913013027035248e-01
9.970628415300546443e-01
9.679588607594936667e-01
9.808627450980391682e-01
9.807305148116192139e-01
9.901773185355275952e-01
9.854759850445786729e-01
9.886178861788618155e-01
9.758865248226950007e-01
9.921952603944941274e-01
9.747718383311603230e-01
9.906195168038871568e-01
9.837431693989070469e-01
9.853321829163071977e-01
9.781620802827568628e-01
9.901106500691563284e-01
9.927595628415301077e-01
9.765150492644081304e-01
9.715189873417722222e-01
9.719225449515904725e-01
9.905660377358491697e-01
9.900057520851308634e-01
9.876925018934612499e-01
9.817596566523605350e-01
9.921121251629725357e-01
9.859038142620231149e-01
9.882011605415860211e-01
9.945355191256830540e-01
9.819672131147539895e-01
9.728825136612021529e-01
9.718502738892269566e-01
9.836497890295359259e-01
9.913461538461538769e-01
9.903294651193810250e-01
9.843974690825424423e-01
9.901246673203529802e-01
9.725099601593625298e-01
9.762978142076503829e-01
9.882483370288248636e-01
9.865190861359444119e-01
9.784482758620689502e-01
9.836099585062240136e-01
9.899573950091297148e-01
9.853274643190608195e-01
9.937442075996293367e-01
9.777911164465786786e-01
9.795622362869198518e-01
9.819927971188475713e-01
9.905867182462927412e-01
9.697651174412793562e-01
9.773248751518424093e-01
9.859571322985957176e-01
9.848017929682028049e-01
9.933412447257383704e-01
9.856728098964907536e-01
9.713114754098360892e-01
9.808464627741736441e-01
9.898774983881366563e-01
9.804594481019750507e-01
9.831751509922347365e-01
9.853801169590642450e-01
9.896526237989652364e-01
9.765737051792828805e-01
9.857823224541251150e-01
9.869078148198137113e-01
9.831160365058670969e-01
9.876832492189377977e-01
9.825945241199478541e-01
9.810444874274660831e-01
9.891205112598905336e-01
9.916276429686391447e-01
9.825290084388186296e-01
9.817378691983122962e-01
9.866983031348863786e-01
9.842242503259451825e-01
9.812298641266283816e-01
9.863266814486326695e-01
9.779485257371314244e-01
9.823929571828731167e-01
9.878032700421941481e-01
9.831286273451208535e-01
9.917638483965014462e-01
9.881005173688099941e-01
9.893290649593169395e-01
9.919825072886298001e-01
9.950597609561753210e-01
9.782069970845481688e-01
9.781912765106042240e-01
9.889314601958280049e-01
9.941256830601092886e-01
9.865182436611007466e-01
9.814868804664722557e-01
9.910788381742738906e-01
9.843905207889882547e-01
9.882082254817370348e-01
9.871102712916721700e-01
9.819302423308586825e-01
9.874837027379399501e-01
9.927490039840636271e-01
9.793494398704278847e-01
9.919301053754835396e-01
9.811066126855600977e-01
9.818602045104356524e-01
9.723889555822329278e-01
9.830973338436025388e-01
9.829594477998273572e-01
9.825136612021857507e-01
9.823957137389973671e-01
9.823842392867414564e-01
9.923065861374747998e-01
9.852310022721535443e-01
9.883735312306740628e-01
9.930189834660134718e-01
9.931305855675602867e-01
9.893586425079091695e-01
9.870430032217397676e-01
9.876501552166284670e-01
9.858254219409282593e-01
9.819490027770765295e-01
9.892072708911892054e-01
9.799578059071730740e-01
9.847569744032210748e-01
9.745325596389425860e-01
9.939603106125970422e-01
9.944392956441149289e-01
9.836653386454183856e-01
9.957264957264957417e-01
9.813057233247052258e-01
9.935974389755902747e-01
9.786400591278640038e-01
9.932918395573996362e-01
9.829059829059828557e-01
9.784283513097072893e-01
9.902534113060429410e-01
9.801912568306010431e-01
9.878087649402390591e-01
9.959514170040485448e-01
9.721265467534123683e-01
9.892759562841529908e-01
9.949767581346529166e-01
9.790348101265823333e-01
9.855280312907431783e-01
9.709607661414890734e-01
9.900666950475380812e-01
9.919028340080970896e-01
9.921627840092033246e-01
9.781482000280150579e-01
9.857122846337020849e-01
9.823504692533968630e-01
9.951644100580270269e-01
9.852602818521714045e-01
9.906784660766961848e-01
9.819298245614035414e-01
9.782103825136612141e-01
9.781482000280151690e-01
9.768574096305189247e-01
9.875683060109289313e-01
9.889683505782105311e-01
9.754167250315169957e-01
9.832886847812221109e-01
9.848871860366112951e-01
9.876093294460640548e-01
9.802875695732837791e-01
9.746887966804979042e-01
9.894722634633552616e-01
9.886789623631728752e-01
9.900956284153005216e-01
9.829245780590717407e-01
9.854901960784314685e-01
9.742047026279392341e-01
9.855722089928561358e-01
9.813065190983938368e-01
9.866811861283296681e-01
9.929047821768128834e-01
9.935307456315860541e-01
9.905090595340810822e-01
9.852040816326530503e-01
9.919028340080972006e-01
9.886538730914693485e-01
9.838334353949785838e-01
9.900221729490022993e-01
9.909019607843136956e-01
9.956809286003509563e-01
9.924636521275176371e-01
9.847745750184774272e-01
9.863278644791249050e-01
9.973055725658297455e-01
9.771865889212827394e-01
9.886055776892430647e-01
9.880359612724758378e-01
9.854231340261844219e-01
9.872016105838367084e-01
9.817064027590344244e-01
9.878671775223499818e-01
9.746254555270618125e-01
9.831258644536653435e-01
9.830746489283074263e-01
9.791987673343605092e-01
9.817427385892116831e-01
9.834024896265560756e-01
9.751629726205996995e-01
9.675726200747771788e-01
9.887058823529412122e-01
9.874999999999999334e-01
9.853935450950377373e-01
9.791979010494752389e-01
9.914617486338798136e-01
9.827586206896551380e-01
9.932215743440233613e-01
9.802213001383126567e-01
9.923065861374749108e-01
9.926010970787091381e-01
9.884110787172011303e-01
9.912507608034084594e-01
9.699453551912569083e-01
9.786454183266932727e-01
9.908866234167438281e-01
9.729694092827003704e-01
9.879925222893299885e-01
9.887978142076503385e-01
9.873222016079159502e-01
9.872267759562841638e-01
9.734289617486338031e-01
9.822959889349931473e-01
9.882082254817371458e-01
9.948914431673053782e-01
9.905520313132676335e-01
9.830601092896175119e-01
9.608053521837919275e-01
9.780786589297227884e-01
9.759237028144591708e-01
9.818989071038251026e-01
9.919438285291943824e-01
9.810365771359157439e-01
9.851368970013039128e-01
9.772404900064474154e-01
9.828326180257509481e-01
9.839935974389755202e-01
9.958158995815900028e-01
9.874103585657371118e-01
9.733226623982926817e-01
9.851000425713068998e-01
9.840103159252094889e-01
9.915983606557376984e-01
9.819528329019269197e-01
9.784255599472990728e-01
9.805511603375527407e-01
9.918032786885245811e-01
9.836099585062241246e-01
9.886917960088692503e-01
9.933049300060864395e-01
9.906511927788523852e-01
9.785714285714286476e-01
9.758053072229317948e-01
9.866223207686622976e-01
9.900284900284899159e-01
9.927971188475390729e-01
9.873339511893728382e-01
9.886583679114799850e-01
9.933673469387755972e-01
9.886827458256030043e-01
9.790794979079497917e-01
9.830508474576271638e-01
9.796071375018742255e-01
9.889344262295082233e-01
9.735655737704917989e-01
9.795297372060857155e-01
9.935500083766125590e-01
9.869859073914293290e-01
9.855136733185514419e-01
9.772573896612228861e-01
9.849963045084996205e-01
9.854956268221575222e-01
9.809037900874636451e-01
9.901376472257699124e-01
9.836100468284376674e-01
9.766081871345029253e-01
9.808024158757550071e-01
9.919967987194878711e-01
9.776577297585701265e-01
9.880935705280851078e-01
9.714946070878274220e-01
9.712682191321830860e-01
9.876901798063624227e-01
9.663196570728720403e-01
9.849397590361446131e-01
9.913268411442482941e-01
9.949669255104975907e-01
9.794398907103825103e-01
9.849302744039586388e-01
9.559037900874636229e-01
9.828717201166179418e-01
9.895700297999148187e-01
9.907103825136611697e-01
9.823493609251370273e-01
9.742961199047485144e-01
9.899221839520346844e-01
9.863062296012488073e-01
9.904172731683648090e-01
9.927478902953585926e-01
9.678929324894514075e-01
9.869281045751634451e-01
9.806919987642879200e-01
9.783583134892842592e-01
9.870867035617993945e-01
9.904783325835957442e-01
9.727632379793061945e-01
9.802707930367504652e-01
9.925970388155263002e-01
9.863070539419087623e-01
9.889038836407256783e-01
9.853556485355648986e-01
9.876026135030993025e-01
9.809426229508196871e-01
9.914794243877809166e-01
9.628415300546447897e-01
9.901998710509347656e-01
9.765295358649789259e-01
9.857254901960783577e-01
9.847557086363056822e-01
9.745089218773429485e-01
9.877176407072478792e-01
9.726598702502317062e-01
9.904783325835957442e-01
9.895787139689578016e-01
9.734663710273466775e-01
9.940664556962025555e-01
9.911726595400064399e-01
9.856050382366171592e-01
9.820193637621024152e-01
9.813891465677180292e-01
9.897285949917529191e-01
9.773909563825529112e-01
9.896926536731633917e-01
9.896493212669683626e-01
9.842213114754098102e-01
9.898340248962654853e-01
9.771857923497266896e-01
9.795615731785943803e-01
9.823095453176754477e-01
