7.074345700316364560e-01
7.335912314635718579e-01
7.133381924198249902e-01
7.008990318118949459e-01
6.907830228323293964e-01
6.720608575380360161e-01
6.905729093710603061e-01
6.962143928035982032e-01
7.305247597930524250e-01
6.853825136612021751e-01
7.219498529205771176e-01
7.195260394494110701e-01
6.437137330754352238e-01
6.360368133448375261e-01
6.800512889728708155e-01
6.817085284518233923e-01
6.982048859495207926e-01
6.749316939890711575e-01
6.438655672163917654e-01
7.219687092568448650e-01
7.208827656588850941e-01
6.767634854771784614e-01
6.786376274328081992e-01
6.680758017492711698e-01
7.084411849295370045e-01
7.084651898734177777e-01
6.476466795615732908e-01
6.844077961019490175e-01
7.131029986962190703e-01
7.399852180339985264e-01
7.085753803596127609e-01
7.075448361162646194e-01
6.862973760932943312e-01
7.077522866996551754e-01
6.959079283887468215e-01
6.999568593615186352e-01
7.018262870290481459e-01
7.038980509745127456e-01
7.454351795496043653e-01
6.912171507607192122e-01
7.430305455515539004e-01
7.278884462151393731e-01
7.040785724996250217e-01
6.492549400712666063e-01
7.099119785686949236e-01
6.963556851311953899e-01
6.520318725099601975e-01
7.562826891185099321e-01
6.619433198380567651e-01
7.065882352941176281e-01
6.885245901639344135e-01
7.182462927143777875e-01
6.934773909563825001e-01
7.239795918367346594e-01
6.573699205278153990e-01
6.999215686274509185e-01
7.143385070214337551e-01
7.005320678746046470e-01
7.240965662018292726e-01
6.584548104956268189e-01
6.495901639344261458e-01
7.074762658227848888e-01
6.612244897959183021e-01
7.222441983122362963e-01
6.346827286734836315e-01
6.928292046936115334e-01
6.533527696793003381e-01
7.279233381853469353e-01
7.338645418326693592e-01
6.484045358649789259e-01
6.831284153005463544e-01
7.090687766281194016e-01
6.390482398956975896e-01
7.252109704641349630e-01
7.114732724902216310e-01
6.869533527696792818e-01
7.101507269574495185e-01
7.068593615185503332e-01
7.295181535969765818e-01
6.632668144863267390e-01
7.187744458930899194e-01
6.720829247793808081e-01
6.677689296801186947e-01
7.054693274205469100e-01
7.195121951219511924e-01
6.711023952934583869e-01
7.127517673736161186e-01
7.322985957132299717e-01
7.016460905349793942e-01
6.875683060109288869e-01
6.473676741875975527e-01
6.641175588544009356e-01
7.449978714346531250e-01
6.759350049026473517e-01
6.913036762434352500e-01
7.020833333333333925e-01
6.172209903917220686e-01
7.113067655236329223e-01
7.241803278688523360e-01
7.101775956284153146e-01
7.121444061742568943e-01
6.465252767773775888e-01
7.000280151281692564e-01
6.979307242465137007e-01
6.852171412136899287e-01
7.140804597701149170e-01
6.573178594455190149e-01
7.223946784922394837e-01
7.514351320321468464e-01
7.035232383808095458e-01
6.818181818181817677e-01
6.849777297880954574e-01
6.995175251880233480e-01
6.900273224043715903e-01
6.856818504328082708e-01
7.054106910039114053e-01
6.962431693989071801e-01
7.114427860696517225e-01
7.272454640875692933e-01
7.018411442483262208e-01
6.858800773694390118e-01
6.862599541098662881e-01
6.760104302477183413e-01
7.227021190444054000e-01
6.822745098039215694e-01
6.930843706777316537e-01
7.117701575532900948e-01
6.898340248962655519e-01
7.103584640898074065e-01
7.286202185792349795e-01
6.751366120218579292e-01
6.627750033742745295e-01
6.802185327089541600e-01
6.990437158469945400e-01
6.481309854803830595e-01
6.651452282157677143e-01
6.577259475218657503e-01
7.268950437317783786e-01
6.383225208526412953e-01
7.550213024954350871e-01
7.273907103825135723e-01
7.349068496988373500e-01
6.975228161668839411e-01
7.496740547588004455e-01
7.120362381363244397e-01
6.464546561168593719e-01
7.238728750923871802e-01
7.058167330677290741e-01
7.093399919017412403e-01
6.402808573540280657e-01
7.360173939121307241e-01
7.270955165692007949e-01
6.608068356912731867e-01
6.974103839775481761e-01
7.139695712309819253e-01
6.937418513689699306e-01
6.635593220338983356e-01
7.053513862024499703e-01
7.229591836734694521e-01
6.845493562231759199e-01
6.597677595628415048e-01
7.157103825136612585e-01
7.210894704808277211e-01
6.979969183359012730e-01
6.509315030116262779e-01
7.349726775956284541e-01
7.231446005392365706e-01
6.957547169811320042e-01
6.602949852507374873e-01
6.842824273799252843e-01
6.967202051558915032e-01
7.102529736974366736e-01
6.938071674913780518e-01
7.433659713353198972e-01
7.388047808764939273e-01
7.112514351320321504e-01
7.596142397904511734e-01
6.979825949367087778e-01
6.771614192903547824e-01
7.198826597131682270e-01
7.077574967405475537e-01
7.632333767926987589e-01
6.575963718820863058e-01
6.615384615384615197e-01
6.929824561403509220e-01
6.869761444229528502e-01
6.721387130801688148e-01
7.321555271746843507e-01
6.476514829005250995e-01
6.504697116942015356e-01
7.262618690654673026e-01
7.035537561853351107e-01
6.984871830788624836e-01
6.838080168776372592e-01
7.621903520208606064e-01
7.144124168514413009e-01
6.890643274853800460e-01
6.998799519807923364e-01
7.014441894992577975e-01
6.985658409387223156e-01
7.184505331353758795e-01
7.183908045977011048e-01
6.766169154228856009e-01
6.965811965811965489e-01
6.762046160075583234e-01
7.034153005464480746e-01
6.621903520208604066e-01
7.227903067656533675e-01
6.801372741280291567e-01
6.471814782858786863e-01
6.112444977991196016e-01
6.687361419068735824e-01
7.148431956861075465e-01
7.263463355378593223e-01
7.165242165242166061e-01
7.051028481012657778e-01
7.149122807017543879e-01
7.030145391489930340e-01
7.294002607561930196e-01
6.235544735240413639e-01
6.843337590464027009e-01
7.001934235976787768e-01
7.249184049950334607e-01
6.856557377049180557e-01
7.191256830601092664e-01
7.247765006385695763e-01
7.142456926740440304e-01
6.684673869547820280e-01
6.997478638464771361e-01
6.884526890997987314e-01
7.357538035961272982e-01
6.540616246498599518e-01
7.450147492625368573e-01
6.821972965199885053e-01
7.255541069100391871e-01
6.957831325301204739e-01
7.189488243430152137e-01
6.829398426037081027e-01
6.971343873517785728e-01
7.272236469159130134e-01
6.406250000000000000e-01
6.751498915678020296e-01
6.436807095343680674e-01
7.087816944959801635e-01
7.324561403508771384e-01
6.597677595628415048e-01
6.863266814486326250e-01
6.698417145258439565e-01
7.019840734242137614e-01
7.168715846994535568e-01
7.011471255168734151e-01
6.566724187517974931e-01
6.970517928286853460e-01
6.669963481436396169e-01
6.481408227848101111e-01
6.752420470262794350e-01
6.518904823989568609e-01
6.545284780578898287e-01
6.531420765027322606e-01
6.869116698903934282e-01
6.860747210092187354e-01
6.675180928054491591e-01
7.337027379400260507e-01
7.003444316877154296e-01
6.965183752417795082e-01
6.062473735817341947e-01
6.834607887239466661e-01
7.314509803921568354e-01
6.936471488710294064e-01
6.658892128279882971e-01
6.825396825396825573e-01
7.360982391102872668e-01
7.052808516598962907e-01
6.830601092896175786e-01
7.025429219306770223e-01
6.839215686274511263e-01
7.330219641504669426e-01
6.546618647458984919e-01
6.947068526015894863e-01
6.842213114754098768e-01
6.348396501457724828e-01
7.181877444589308546e-01
6.872752420470262802e-01
6.932742054693273870e-01
6.841209025117072073e-01
6.651837524177950378e-01
6.853200728393331609e-01
6.946861814345992592e-01
6.634941329856584025e-01
6.507914273707802177e-01
6.681608068356912344e-01
6.750390236980275960e-01
6.785661492978566356e-01
6.849774339136042167e-01
6.177040110650069415e-01
7.163994169096209452e-01
7.501159554730983947e-01
7.500333466720021658e-01
6.426176660219213854e-01
6.390763232868496013e-01
6.834660134721373126e-01
7.062240663900414273e-01
6.834783755274261852e-01
7.019616929255483306e-01
6.898366851127007982e-01
7.075223972814335127e-01
6.659934360010097976e-01
6.956244418930985773e-01
7.179487179487179516e-01
6.831485587583149277e-01
7.168983668511270668e-01
6.740663900414938237e-01
6.694356540084388518e-01
7.395993836671803656e-01
7.172199170124481382e-01
7.045104356352430708e-01
7.359572784810126667e-01
6.853388658367911557e-01
7.047717842323650839e-01
7.116503476656732552e-01
6.849287974683545555e-01
7.061277705345501143e-01
7.185657370517928300e-01
6.972303206997083613e-01
6.762295081967213406e-01
6.458279009126466352e-01
7.420081967213113527e-01
7.250063115374905109e-01
6.820717131474104411e-01
6.932700603968938724e-01
7.260089080847619281e-01
6.718180591172897564e-01
6.630378096479792038e-01
6.806693989071038731e-01
7.559474412171507396e-01
6.794654498044329083e-01
7.416909620991254393e-01
7.357174988753936162e-01
6.748309733384360021e-01
6.964312490628279395e-01
7.097346388534128137e-01
7.505752085130860118e-01
7.089228183218937440e-01
7.455670366118127834e-01
6.633879781420765065e-01
6.749077004219408149e-01
6.320029563932002548e-01
6.878296413502108519e-01
7.320029563932002326e-01
6.936588921282799136e-01
6.819841752891052655e-01
7.339480874316940406e-01
7.507190106413574870e-01
7.094132817537073254e-01
6.798157031052765031e-01
6.632928475033739169e-01
7.201646090534979949e-01
6.515537848605577054e-01
6.922394678492239661e-01
7.390559071729958518e-01
6.935698447893569041e-01
7.243892563098932591e-01
7.395772594752186846e-01
7.360304287690180303e-01
6.317227494966924928e-01
6.391694016662459177e-01
6.527558016877637037e-01
6.861685940353012825e-01
6.946676872050006057e-01
7.632513661202187105e-01
7.053250345781466590e-01
6.634163208852005278e-01
7.056010928961747863e-01
6.894677661169414939e-01
6.470514742628684646e-01
7.153688524590162690e-01
7.197095435684647269e-01
7.577391791567446022e-01
7.511707109408258809e-01
6.895043731778426332e-01
7.022738630684657313e-01
7.686108534322819708e-01
6.814211212516297911e-01
7.275510204081632182e-01
6.422468132791707696e-01
7.371480599523743127e-01
7.062579821200510866e-01
6.965155203895313507e-01
6.940677966101693741e-01
7.396409771899041807e-01
7.295573414976400661e-01
6.919040479760119045e-01
6.617316341829084791e-01
7.322175732217574007e-01
7.440029985007495794e-01
6.920477423065861666e-01
6.957871396895787264e-01
7.161627758642684638e-01
6.858599490178438618e-01
7.007822685788787087e-01
6.745757837215992092e-01
6.604302477183833231e-01
7.682628702904803486e-01
7.412974683544303334e-01
7.379715522572666275e-01
7.034687542178431618e-01
6.934159061277704872e-01
6.428071158425548992e-01
6.849854227405247631e-01
7.418005128897287026e-01
6.833779818854444077e-01
7.293032786885246255e-01
6.537244751222317518e-01
7.256569847856154665e-01
7.047011952191234441e-01
7.157434402332362167e-01
7.085500867013471149e-01
7.020055325034578741e-01
6.769017980636238274e-01
7.052808516598961797e-01
7.159810126582278889e-01
6.570898980537535072e-01
7.059032212288917085e-01
7.153061224489796199e-01
6.647139379184419106e-01
6.719945355191258018e-01
7.260010051934997488e-01
6.627278344145813849e-01
7.029963557835063881e-01
6.904356463743437367e-01
6.902937420178798522e-01
7.263858093126386306e-01
7.226775956284152702e-01
7.408713692946058416e-01
7.302510716472748742e-01
6.917433640122716554e-01
6.697260089080847578e-01
7.579295451477932044e-01
7.135968567686629127e-01
6.903061224489795977e-01
7.455797003644216714e-01
6.887550200803213007e-01
6.831258644536652991e-01
6.710273466371027284e-01
6.912538804157106753e-01
6.228819913030438915e-01
6.940573770491803574e-01
6.388149600784422955e-01
6.876561719140428242e-01
6.587796713329276965e-01
6.407691216120334765e-01
7.406001224739743316e-01
6.961118206328934521e-01
6.649421789409616368e-01
6.633879781420765065e-01
7.339557399723375397e-01
6.858202038924929855e-01
6.552007068921990030e-01
6.349930843706778072e-01
7.532270916334661282e-01
6.748143997758789814e-01
7.179644808743168571e-01
7.330567081604425494e-01
6.756836659275684553e-01
6.420765027322404839e-01
6.508196721311475530e-01
6.695020746887967444e-01
6.882170333378323512e-01
7.174054758800522125e-01
7.250980392156862742e-01
7.275562994522214444e-01
6.955729518153597191e-01
6.858379715522572306e-01
7.322959889349930362e-01
7.173497267759563201e-01
6.853388658367911557e-01
7.141960784313724497e-01
7.059573925245566928e-01
6.730320699708454146e-01
6.536644621406396682e-01
7.242503259452411912e-01
6.755878284923927390e-01
6.562343828085958064e-01
6.395873629916182246e-01
6.997303817227188416e-01
7.054984177215190000e-01
7.375489269806990711e-01
7.029288702928870869e-01
7.618380685607575309e-01
7.102099817407182547e-01
7.249893571732652919e-01
6.969638984564358042e-01
6.471734892787524007e-01
6.476136931534232088e-01
7.173402868318122794e-01
7.378415300546448119e-01
6.915875527426160740e-01
6.934301521438450688e-01
6.968218773096822583e-01
7.348272642390288878e-01
6.785156804313893231e-01
7.031042128603103292e-01
7.134839650145773371e-01
6.880466472303207182e-01
6.344945355191257130e-01
6.989569752281616921e-01
6.762711864406780737e-01
7.046160075583750571e-01
6.917853375527425186e-01
7.120044824205070677e-01
6.662355447352403814e-01
6.716997411561690390e-01
7.010358565737051517e-01
6.591556374602111079e-01
7.164226205503660960e-01
6.732643574748838899e-01
7.272153496591771127e-01
7.125727259826876159e-01
7.557059961315280017e-01
7.043460655958968530e-01
7.552178176215156302e-01
6.892759562841531684e-01
7.261438790660008635e-01
7.494784876140808683e-01
6.736631684157921018e-01
7.039833189531207180e-01
6.797549967762734902e-01
6.538765822784811110e-01
7.081535806729939431e-01
6.717213114754099212e-01
7.288934426229508601e-01
7.021857923497267784e-01
6.039974210186975778e-01
6.759614020150418456e-01
6.696793002915452098e-01
6.882659713168186588e-01
7.109179664245743879e-01
6.735360810991062319e-01
7.085331986872002163e-01
7.274949669255105222e-01
6.993378310844577950e-01
7.018064345991561481e-01
6.353831068777139324e-01
7.198098481623386169e-01
7.080604833908799023e-01
7.006496751624187169e-01
6.985776128633270909e-01
7.442919176355231592e-01
6.869179600886917703e-01
6.810109289617486406e-01
6.393890889689209933e-01
6.736943907156671685e-01
6.297020954304468621e-01
7.840733996358033586e-01
7.338946294170175522e-01
6.878813679579962592e-01
7.305304359562694305e-01
7.110939907550076766e-01
6.537185865544073993e-01
7.405764966740575606e-01
6.788689724816965310e-01
7.560792349726775941e-01
7.493874919406834367e-01
6.971914556962025555e-01
7.302951917224589362e-01
6.754373177842565301e-01
6.711497890295360369e-01
7.223000420226922680e-01
6.822384087407199482e-01
7.195355191256830318e-01
6.205510907003444210e-01
7.431835395102247555e-01
6.381846196946350247e-01
6.974870657797486162e-01
6.920177383592017728e-01
6.803206261045190439e-01
6.669890393294648501e-01
6.488595438175269736e-01
7.372060857538036416e-01
7.438046647230320829e-01
6.889909427222860039e-01
6.540120793787749243e-01
7.002134187008136612e-01
7.033725490196078844e-01
6.835357624831309709e-01
6.936206363917206685e-01
7.167325428194992742e-01
7.251037344398341133e-01
6.807040417209908600e-01
6.918320391141788983e-01
7.075697211155378419e-01
6.929880478087649953e-01
7.278351830590636951e-01
6.285894382966802363e-01
7.082973828012655293e-01
6.495211615693543550e-01
7.591530054644808345e-01
6.905453168391819663e-01
7.348178137651821817e-01
6.872047509785397246e-01
7.753823839662447037e-01
6.615602645431232220e-01
6.782076079948420322e-01
6.611946202531645556e-01
6.893728761198640864e-01
6.833858149647623614e-01
6.711807668898357448e-01
7.557924003707137128e-01
6.765027322404371102e-01
7.452663468821004722e-01
6.806352851128971704e-01
7.121743825077609946e-01
7.222461892436008446e-01
7.400956284153005216e-01
7.280431432973805128e-01
7.630537974683545555e-01
7.458297382801265529e-01
7.121743825077608836e-01
6.983033550197730310e-01
6.765999716191287705e-01
6.259336099585062207e-01
6.726432273427651598e-01
7.339587870665102987e-01
6.736006996501749944e-01
6.859972677595630453e-01
6.343703148425785532e-01
7.073154271831556539e-01
7.076023391812865659e-01
6.532467532467532978e-01
7.347820218652988400e-01
7.559023609443777936e-01
6.758879781420765731e-01
6.949934123847166800e-01
7.160626977279264116e-01
6.915629322268326273e-01
7.672011661807579541e-01
7.331258644536653435e-01
6.722930382406498984e-01
6.844023323615159304e-01
7.084325535789325334e-01
7.772475795297372203e-01
6.769485188380787166e-01
7.063298843578819097e-01
6.788058571067911995e-01
7.224066390041493646e-01
6.975841242450389057e-01
6.910514239438521056e-01
6.722930382406498984e-01
6.813979548956435872e-01
6.683955739972337051e-01
7.266366816591703914e-01
6.907904072655031147e-01
7.608277900960828122e-01
7.085976515049263735e-01
7.340392156862745043e-01
7.475136573749825430e-01
7.162067516458885397e-01
7.238555770470664896e-01
7.073606327337671473e-01
6.725502130249543242e-01
6.912171507607192122e-01
6.705653021442495865e-01
6.621001484680792970e-01
6.787315400843880742e-01
6.637026239067055355e-01
7.271326516318812327e-01
7.270055113288427240e-01
6.646228902953587037e-01
7.101834990895083966e-01
6.669432918395574728e-01
6.766599343600101513e-01
7.008656165744288069e-01
7.155528878217953803e-01
6.982403859798496093e-01
6.868274582560297548e-01
7.232240437158470314e-01
6.745325596389425415e-01
7.011494252873563537e-01
6.447866700328199752e-01
7.484354628422424938e-01
6.572476272648835049e-01
6.533886583679114901e-01
6.987370512274727608e-01
6.970576326089890085e-01
7.278985018221082459e-01
6.728862973760932897e-01
7.525897545054631710e-01
7.331950207468880265e-01
6.862494678586632535e-01
7.294243877808633814e-01
7.447257383966244815e-01
6.691060126582277778e-01
7.056016597510373911e-01
6.995530012771392636e-01
7.287509238728752115e-01
6.760889712696942500e-01
7.048975512243877972e-01
7.624388840954846591e-01
6.976470588235293979e-01
7.651631881215855691e-01
7.314049586776859568e-01
6.891618302065055657e-01
6.702745098039215588e-01
6.813668600902643702e-01
7.101793248945147408e-01
6.665270564583682944e-01
6.863006023252556931e-01
7.034256559766762784e-01
7.259361814345991482e-01
6.770562770562771338e-01
7.012978142076502497e-01
7.179594571955101312e-01
7.335638039786510634e-01
6.720318725099601043e-01
6.819747416762342862e-01
7.111536824180502148e-01
6.856540084388186296e-01
6.993304930006087883e-01
7.150030432136336156e-01
7.275683665927568100e-01
6.913213659063301986e-01
7.364847046413501852e-01
6.668741355463346787e-01
7.393089960886571887e-01
6.811906816220880678e-01
6.572801182557279631e-01
7.201112140871176459e-01
7.109707851491176012e-01
6.934322986954566392e-01
7.050849575212394527e-01
7.030429409947482888e-01
6.999636098981076859e-01
6.643323996265173559e-01
6.557565123498447779e-01
6.442693852332406212e-01
6.703483968694773365e-01
7.076768612913190148e-01
7.187413554633471646e-01
7.022042285200178480e-01
7.064279551337360186e-01
7.226164079822615660e-01
7.043568464730289858e-01
6.911130284728214113e-01
6.739101093264947551e-01
7.034208533198686997e-01
6.686462410581726079e-01
7.432148747938222000e-01
7.053488061891423078e-01
6.974726775956285874e-01
7.030638412741260224e-01
7.258412424503882798e-01
7.587701747365612759e-01
6.746724890829693955e-01
6.571819841752890579e-01
6.726533628972652945e-01
6.894593039976991689e-01
7.043484060290783333e-01
7.151979565772669245e-01
6.755186721991701670e-01
6.594945355191257352e-01
7.546108861898335185e-01
6.381219154328399146e-01
7.353893912808745492e-01
6.851127007693345039e-01
7.269537049534349205e-01
7.238183503243744710e-01
7.293644514767931852e-01
6.998849582973828420e-01
7.101793248945148518e-01
6.588322246858832054e-01
6.433743169398906669e-01
7.186580753606947036e-01
7.076621375542792025e-01
6.884682658670665534e-01
6.746042863146100022e-01
6.984526112185686086e-01
6.981327800829876251e-01
7.255112345367331628e-01
6.428788800973829209e-01
7.270237370663420462e-01
6.798755186721990862e-01
6.937759336099584839e-01
7.119565217391304879e-01
6.506518904823989091e-01
7.040229885057471826e-01
6.681830168776371481e-01
7.091670214275577200e-01
7.134757383966244815e-01
7.545174394172853294e-01
7.632386287848471618e-01
7.046151794050954376e-01
7.088607594936708889e-01
7.099585062240664213e-01
7.094820717131474774e-01
7.002381285894382357e-01
6.604641856742697881e-01
7.191404297851073935e-01
7.078659764164508816e-01
7.124907612712489957e-01
7.195969916276430123e-01
7.131528046421663491e-01
7.088797814207651315e-01
6.986660990492407075e-01
7.164750957854407742e-01
6.898880105401844487e-01
6.385200553250346411e-01
6.908254242162783498e-01
7.372567191844299206e-01
7.014287715366297471e-01
6.609904924081169142e-01
7.179644808743169682e-01
7.261288467069313413e-01
6.986054880791723320e-01
7.335346563129133690e-01
7.050980392156862564e-01
6.978088861838100954e-01
7.036611812731216054e-01
6.400998785261170498e-01
6.818113660218924066e-01
7.027662517289072763e-01
7.282071713147409975e-01
6.666028830207935130e-01
6.585300786981459487e-01
6.538952745849297976e-01
6.909430438842203426e-01
7.359572784810127777e-01
7.169699367088607778e-01
7.004947433518861066e-01
6.936158725873935449e-01
6.860310421286031080e-01
6.895985862156021051e-01
6.982723714401402049e-01
6.958307973219720610e-01
7.012448132780082499e-01
7.046200454430699978e-01
7.464327485380117810e-01
7.407882305304359649e-01
6.488630684657671344e-01
6.966084858805164925e-01
6.389108649789030370e-01
6.587944219523166334e-01
6.666666666666666297e-01
7.232390810401413406e-01
7.374149659863945550e-01
7.014805922368947400e-01
6.745038826574634161e-01
6.620901639344262124e-01
6.111111111111111605e-01
6.922841396203307518e-01
6.683955739972338161e-01
6.700014190435646944e-01
7.276799505715169092e-01
6.476233318338581180e-01
7.029478458049887024e-01
6.791064921041976010e-01
7.091601955708944915e-01
6.747579529737205428e-01
6.980012894906512111e-01
6.838865836791148123e-01
6.745504840940526048e-01
6.335912314635718801e-01
7.108843537414966107e-01
7.023889863679310119e-01
7.112704918032788370e-01
7.312907431551498583e-01
6.905378199597353994e-01
6.900709219858155441e-01
6.677893447642376801e-01
6.660914581535806178e-01
6.916234766774057574e-01
6.988917861799217590e-01
7.518178339073862126e-01
6.749223916857876038e-01
7.067091454272861339e-01
7.043003221739738695e-01
6.608068356912731867e-01
6.990873533246414473e-01
6.721554865703872617e-01
6.906429471914833362e-01
7.449269192564211828e-01
6.797870850259140063e-01
7.259216736828676408e-01
7.428077455048409661e-01
7.464387464387465254e-01
7.769709543568464882e-01
7.318655992236777763e-01
5.901934322986954751e-01
6.749803921568628962e-01
6.612244897959184131e-01
7.309941520467836407e-01
6.541532427510855507e-01
7.084651898734177777e-01
6.922394678492239661e-01
6.602105547307328681e-01
6.965775093471384682e-01
7.568731563421829955e-01
6.724066390041493202e-01
6.586748633879782044e-01
6.485475985044578673e-01
7.090585443037975555e-01
7.100578210590383632e-01
6.359123146357187339e-01
7.051407760190502305e-01
6.930942709062892781e-01
7.125814863102998276e-01
7.322974315311481242e-01
6.796610169491525966e-01
7.240215924426450789e-01
7.225101554839613582e-01
6.890994493035308421e-01
6.839402427637721882e-01
6.711351207149527376e-01
7.099585062240664213e-01
6.426002766251729392e-01
7.091836734693877098e-01
7.120760607350645754e-01
7.510204081632652073e-01
7.416505480335267020e-01
6.677912730544308673e-01
6.519664732430690002e-01
6.533491561181434815e-01
7.336932073774179441e-01
6.525467440361056859e-01
7.223252937538652274e-01
6.662665066026409733e-01
6.410561703319793692e-01
7.429300291545188895e-01
6.901603498542273618e-01
6.675304664518840747e-01
7.062240663900415383e-01
7.378465506125080342e-01
7.169626454378444924e-01
7.045800365185636016e-01
6.951680388716425796e-01
7.083137254901961111e-01
6.646903820816864039e-01
6.726092896174863389e-01
6.478504911340733363e-01
7.168643959688736356e-01
7.231090020132298068e-01
7.405247813411078850e-01
6.882808595702148979e-01
7.059490462851807369e-01
6.846885199375620790e-01
6.720845481049563253e-01
7.112970711297071924e-01
7.140900791235544887e-01
6.881880024737168089e-01
7.148602320675105926e-01
6.812841530054645212e-01
6.683709202969603247e-01
7.152962599803893706e-01
7.066256830601094219e-01
6.525943710817661003e-01
6.693148688046647310e-01
6.789382419634520938e-01
7.207977207977207534e-01
7.131396957123098401e-01
6.679506933744221442e-01
7.272937905468025432e-01
6.422591173549027088e-01
7.327420546932742473e-01
6.981176470588235095e-01
6.821075557044731230e-01
6.765999716191286595e-01
7.124676445211389764e-01
6.667985232067510371e-01
7.417330273991091794e-01
7.394385207180455000e-01
6.780774550484094387e-01
6.775543258199487884e-01
7.144863266814485137e-01
6.518607442977192301e-01
6.955782312925170574e-01
7.386306846576711216e-01
6.773794002607561593e-01
6.777997565429092486e-01
7.182462927143777875e-01
7.089228183218938550e-01
6.833141982395714020e-01
7.358921161825726642e-01
7.229598893499308288e-01
7.229720610068834930e-01
6.956431535269709254e-01
6.724726775956284541e-01
6.912538804157105643e-01
6.983460050686940424e-01
6.797773654916512420e-01
6.735672809896491309e-01
6.758966244725739259e-01
7.538629737609328085e-01
6.594509803921568825e-01
6.600449775112444684e-01
6.831632653061225913e-01
7.139004149377593533e-01
7.060258438818565185e-01
7.329856584093871197e-01
6.923076923076921796e-01
6.633456904541242816e-01
6.897648686030429799e-01
6.429400386847196058e-01
6.839181286549708139e-01
6.922804030083723470e-01
6.631147540983606259e-01
7.078659764164509927e-01
6.898510477152233200e-01
6.486782720825273740e-01
6.490079632878931193e-01
6.817358366271411008e-01
6.807861501348091426e-01
7.426459719142646243e-01
7.360495436766623101e-01
7.327465237912998974e-01
7.913934426229508601e-01
7.091601955708944915e-01
6.548029910842680934e-01
6.296396274800916126e-01
7.331855136733185230e-01
7.725475188161755602e-01
7.104951958610495888e-01
7.132112955867746518e-01
7.155545257954896154e-01
6.441921532282978147e-01
6.535107169253510095e-01
7.067622950819670846e-01
6.506390748630553889e-01
7.153436870865690356e-01
6.886118503992155748e-01
7.214417482616715116e-01
7.432753164556961112e-01
7.044090630740967862e-01
6.581604426002766184e-01
6.947521865889211279e-01
6.962352941176470633e-01
6.367957996310485980e-01
6.586005830903789438e-01
7.212549019607842338e-01
6.525172088001079951e-01
6.773518693480902186e-01
6.767536919831224074e-01
7.024119947848762591e-01
7.043002915451895829e-01
7.734126319316468878e-01
6.802478902953587037e-01
7.191003263800198608e-01
6.657029823493608722e-01
7.110864745011087340e-01
7.283665338645418652e-01
6.729934164448801992e-01
6.330567081604425717e-01
7.070590052517763402e-01
6.694010937708417819e-01
7.094508301404852668e-01
6.803129548762736345e-01
7.309647979139504148e-01
7.036105738233398021e-01
7.215743440233237660e-01
7.031781226903179860e-01
7.433507170795307095e-01
6.891393442622950616e-01
7.340663958537609890e-01
6.937631856540084074e-01
6.857142857142857206e-01
7.238228624783246135e-01
6.794650560828300323e-01
6.816939890710383976e-01
7.193953300040490939e-01
6.693344004268373393e-01
7.108945527236382178e-01
6.915913078688081805e-01
7.366921577447892444e-01
7.446749654218534076e-01
7.857142857142856984e-01
6.553131777012374259e-01
7.132271892222903364e-01
7.186030428769017986e-01
6.959583588487446848e-01
7.604375083366681221e-01
6.356773080241586715e-01
6.675535846267552920e-01
7.289439585357953000e-01
6.897415611814347036e-01
7.326899716560940634e-01
7.084461637653127752e-01
6.801749271137026431e-01
7.090251170710939466e-01
7.464473277726290101e-01
7.065135066902297201e-01
7.032662977459844811e-01
6.873137505321413876e-01
6.898024933464070862e-01
6.776475958612293571e-01
7.089480874316940184e-01
7.104956268221576110e-01
6.859070464767617059e-01
6.722932651321397168e-01
6.808286951144094656e-01
7.280109945027486429e-01
7.033227848101266666e-01
7.108647450110865407e-01
6.819394424436441282e-01
6.474726775956284319e-01
7.266380894060011641e-01
6.336212714266432622e-01
6.937946491105196900e-01
6.636504345755447343e-01
6.321839080459770166e-01
6.869589896409820096e-01
6.958333333333333037e-01
7.038061816709406671e-01
6.697957839262187463e-01
6.912659768715763153e-01
7.167633958698880203e-01
7.133672974284326340e-01
7.259530421610704831e-01
7.291764705882352038e-01
6.771857923497267562e-01
7.206085753803596061e-01
6.721299843905207405e-01
6.947751785964420002e-01
6.827397625716954410e-01
6.255728011825573143e-01
6.412855910267473147e-01
7.317593704148326328e-01
6.692209450830139961e-01
7.007283933323994463e-01
6.802352941176469381e-01
6.840593920717187304e-01
7.343604108309990108e-01
6.972620599739244307e-01
6.720338983050847537e-01
7.174869947979192197e-01
7.031942633637550122e-01
7.040552200172561781e-01
7.226710426659934683e-01
6.833767926988264518e-01
7.049306625577811403e-01
6.543603198400799181e-01
6.891352549889134815e-01
6.924639305224821184e-01
7.085382513661201420e-01
6.645371577574967770e-01
7.118799755052050982e-01
7.115437158469944956e-01
7.136853901106596787e-01
7.554979689032076395e-01
7.033886583679114235e-01
7.347856154910096249e-01
7.193278445134296817e-01
6.743169398907102874e-01
7.453665283540801267e-01
7.029013539651837172e-01
7.014344262295082455e-01
6.910601265822784445e-01
6.475903614457831914e-01
6.795644114921222112e-01
6.639212827988338894e-01
6.958116579965319959e-01
7.000589970501475134e-01
7.642390289449113583e-01
7.119640387275241178e-01
6.970889555222389289e-01
7.383196721311474642e-01
7.568472306755933410e-01
6.945508727117922776e-01
7.218172983479105298e-01
7.417861799217730923e-01
6.822761458776783750e-01
6.861516034985422063e-01
6.956592160673793490e-01
7.082602240518288683e-01
6.893424036281179390e-01
7.368421052631578538e-01
6.455522238880559982e-01
7.425428532865433473e-01
7.276799505715169092e-01
6.536525740580960697e-01
6.842037395228884877e-01
6.775933609958506576e-01
7.152254249815225284e-01
6.953313466723428649e-01
7.066326530612245804e-01
6.733056708160443105e-01
7.387621715352807872e-01
7.587492391965916516e-01
7.081252530705899328e-01
6.958783513405362164e-01
7.183908045977011048e-01
6.307161345987921663e-01
6.960382513661200754e-01
6.677337601707349357e-01
7.324641460234679879e-01
6.979610468654898758e-01
7.130820399113081409e-01
6.432377049180327822e-01
6.655422288855571411e-01
7.159966381846197825e-01
7.122849139655862416e-01
7.165975103734439910e-01
7.250315170191903302e-01
7.350096711798839166e-01
6.748143997758789814e-01
6.885267275097782802e-01
7.108138394733155563e-01
7.214055448098001255e-01
6.991701244813278704e-01
6.583966920101373965e-01
7.121800402645959149e-01
7.357240437158468760e-01
6.701109835438192608e-01
6.676005042723069938e-01
7.148747938221622356e-01
7.242424242424242431e-01
6.943661971830985546e-01
7.061895551257252324e-01
6.649402390438247101e-01
7.053833397116980874e-01
6.855947026486758356e-01
6.681170886075948889e-01
6.792961543919397993e-01
6.914133632161366672e-01
7.310511756569847419e-01
7.278438599430391287e-01
6.880515478358313342e-01
6.953208715323252465e-01
6.682572614107884501e-01
6.854689938981127773e-01
6.833116036505866298e-01
7.136335970785149252e-01
7.334117647058823186e-01
7.006583555119764162e-01
7.428797468354431111e-01
7.405919122337032423e-01
6.679796107506951186e-01
7.018477457501849370e-01
7.153194263363754635e-01
7.520221370796082994e-01
7.433743169398906447e-01
6.939207650273224726e-01
7.110946146578486227e-01
6.986310299869621376e-01
6.929410176811985345e-01
7.055776892430278835e-01
7.423403968146848886e-01
7.604256542996837842e-01
6.939295644114921169e-01
6.980984816233858359e-01
6.773432744978697961e-01
7.502256608639586988e-01
6.911764705882352811e-01
7.338797814207650427e-01
7.419469277706824961e-01
7.254674403610574807e-01
6.885199375620831841e-01
7.414502625230593447e-01
6.407072479416925370e-01
6.729934164448801992e-01
6.711724331138816391e-01
7.194420477423065785e-01
6.453914899293050622e-01
6.450207468879668449e-01
7.289536349628800149e-01
7.145098039215685981e-01
6.678728536966084262e-01
7.290043290043289881e-01
6.719687092568448206e-01
6.751391465677178960e-01
7.206612743011210354e-01
6.466371027346636824e-01
7.185855041166149260e-01
6.997126436781608838e-01
6.539651837524177447e-01
7.095686274509803715e-01
7.417794970986458791e-01
7.102745098039215943e-01
7.017492711370261205e-01
6.818863397810766003e-01
6.589297227595100059e-01
6.914893617021277139e-01
6.425145165362282640e-01
6.681659170414793181e-01
7.360679970436068142e-01
6.994301994301995729e-01
6.923215573179524185e-01
7.272911324065325367e-01
6.496980155306297799e-01
6.490761271249076980e-01
6.795886075949367777e-01
6.739522888459058558e-01
7.230460302749460721e-01
7.226223822862477553e-01
7.287568306010930863e-01
7.303030303030302317e-01
7.493128435782109298e-01
6.949800796812747317e-01
6.857142857142857206e-01
7.662971175166296556e-01
7.036037251990822083e-01
6.943319838056680737e-01
7.139007960808327891e-01
7.070953436807094761e-01
6.792452830188678847e-01
6.775933021143749624e-01
6.809542033422628649e-01
6.949956859361519079e-01
7.343579234972678060e-01
6.696631033365726404e-01
6.094035301278151184e-01
6.888918882440275837e-01
6.889456506314743933e-01
6.920490506329114444e-01
6.679806362378976070e-01
6.563507414571243537e-01
6.766034985422740844e-01
6.645296261303819119e-01
6.986962190352020707e-01
7.022172949002216669e-01
7.161128691983121852e-01
7.243440233236151382e-01
7.040149393090570085e-01
6.719171278558251359e-01
7.414203669981790368e-01
6.881916234766775053e-01
6.645569620253164445e-01
7.337220602526725033e-01
7.110655737704917323e-01
6.784876140808344669e-01
7.466472303206996841e-01
7.552495435179549244e-01
7.354956268221575222e-01
7.093039976991658557e-01
6.606671940928270370e-01
6.133603238866397467e-01
6.844398340248962764e-01
7.251217285453439576e-01
6.998132586367881158e-01
6.522963870177588275e-01
6.876141205112598076e-01
6.658163265306122902e-01
6.944110977724424760e-01
6.852998065764022151e-01
7.694695640437305695e-01
7.558535547041294045e-01
7.448132780082986626e-01
6.578685965659145651e-01
7.204918032786884474e-01
7.323989569752281659e-01
7.011661807580175099e-01
6.804439341752774872e-01
6.851063829787233939e-01
6.948824343015214122e-01
6.722303206997084501e-01
6.899031811894882349e-01
6.657029823493608722e-01
6.489071038251366108e-01
6.761988304093567992e-01
7.004098360655737210e-01
7.219213410702773892e-01
7.418405939207172173e-01
7.005995662712082295e-01
7.593294460641399901e-01
7.319521912350598347e-01
7.354925775978408131e-01
7.087568891610532829e-01
7.130373772164817492e-01
6.701179177451825897e-01
6.411796463760291998e-01
7.031341107871721396e-01
7.087839461667868601e-01
7.153876582278481111e-01
7.337793486493310313e-01
6.829147154817652998e-01
7.114610296232385389e-01
7.347428400059978770e-01
7.026143790849673776e-01
7.116542933183919173e-01
7.113645566203267157e-01
6.966326845844917903e-01
7.105863975006008193e-01
7.034546413502109630e-01
7.219035202086049319e-01
6.717353608109910557e-01
6.728691476590635823e-01
6.457627118644068132e-01
7.250728862973759847e-01
7.046033888139150436e-01
6.992052781526464367e-01
6.956157317859446021e-01
7.369743675657564053e-01
6.444334650856390345e-01
7.245762711864407457e-01
7.181881051175657005e-01
7.013587337162067170e-01
6.970276821023089209e-01
7.833120476798638432e-01
7.016763378465505907e-01
7.151898734177215555e-01
6.648691400632730231e-01
7.016745780590718518e-01
6.526181353767561699e-01
6.645991730025342381e-01
7.084270505323138067e-01
7.173497267759563201e-01
6.635927425401109137e-01
7.033898305084744784e-01
6.413367390378884592e-01
7.003956177723675847e-01
7.196570728720147470e-01
6.803797468354431111e-01
6.753166512202656291e-01
6.988844621513944366e-01
7.159713168187745724e-01
6.954867827208253139e-01
7.282268578878747789e-01
6.769855722089928030e-01
6.977108036890645737e-01
6.395586171705573975e-01
7.620973463885341026e-01
7.088019193282351083e-01
7.004705882352941781e-01
6.959889349930844515e-01
6.494169096209911896e-01
6.830278884462152034e-01
6.648550724637681819e-01
7.230675593426658665e-01
7.379282868525895989e-01
6.947018844609207378e-01
7.626186906546725819e-01
6.558623449379752390e-01
6.897959183673471051e-01
7.482236638863144496e-01
6.892116182572614047e-01
7.173062357990406257e-01
6.786202185792350461e-01
6.857858649789031480e-01
6.752518802327232006e-01
6.578585707146427097e-01
7.155854430379747777e-01
6.439909297052154313e-01
6.940047625717887803e-01
7.143133462282398316e-01
7.042110946146578065e-01
6.818320146074254851e-01
6.960709274142110603e-01
7.326241134751773076e-01
6.575963718820861947e-01
7.049709915611813704e-01
7.247597930524759535e-01
7.078551912568306070e-01
7.157865247233505812e-01
6.810468794938167036e-01
7.231337767923134985e-01
6.947404371584698923e-01
6.886087768440709578e-01
7.279693486590038676e-01
6.448444092827003704e-01
7.038924930491196053e-01
7.168715846994535568e-01
7.390733056708160831e-01
6.920916481892092076e-01
7.666624589750062890e-01
6.644808743169399179e-01
7.001006614897899993e-01
7.326536822884965883e-01
6.908855751673766976e-01
7.236880466472302986e-01
7.219597786475907553e-01
7.176010430247717897e-01
7.208597046413501852e-01
6.994871102712916233e-01
6.641943734015344214e-01
6.553278688524590834e-01
6.672131147540982798e-01
7.015905074476143088e-01
6.783640494824539902e-01
7.436281859070464906e-01
7.153073645769932876e-01
7.008962383236555516e-01
6.638285795373918274e-01
6.697652953586498148e-01
7.207977207977207534e-01
7.314635718891038252e-01
6.874420759962928118e-01
7.083840535605598898e-01
7.266423868889200222e-01
7.221642764015645533e-01
7.324875151842354937e-01
6.877049180327869937e-01
7.206191343325395460e-01
6.812269031781227335e-01
6.656600517687660812e-01
6.484848484848484418e-01
7.538589105753285002e-01
6.814006888633754588e-01
6.970436067997042295e-01
7.141167775314117838e-01
6.864597390913181885e-01
6.663370253164556667e-01
7.026394210302255861e-01
6.633493914807302438e-01
