9.897181478285879130e-01
9.870406189555125387e-01
9.804664723032069373e-01
9.885200553250346189e-01
9.929261801372741836e-01
9.796680497925310815e-01
9.851519820703180663e-01
9.831334332833583378e-01
9.627494456762750730e-01
9.850409836065573410e-01
9.868328897604706773e-01
9.796367248474528999e-01
9.882656350741457763e-01
9.767759562841530352e-01
9.811040626265352671e-01
9.897828863346105344e-01
9.858280469699015613e-01
9.689890710382513817e-01
9.817591204397800864e-01
9.856584093872229335e-01
9.829059829059829667e-01
9.900414937759336453e-01
9.777571825764597158e-01
9.760932944606414141e-01
9.859792924935290026e-01
9.823971518987342222e-01
9.892327530625402154e-01
9.816341829085457604e-01
9.921121251629726467e-01
9.806356245380635217e-01
9.850622406639003570e-01
9.724180581323438322e-01
9.889941690962099630e-01
9.855300644774329655e-01
9.954816709292413357e-01
9.874892148403797698e-01
9.810900201322979575e-01
9.860069965017491667e-01
9.867620206938526595e-01
9.883817427385891419e-01
9.925970388155261892e-01
9.917928286852588649e-01
9.829059829059830777e-01
9.910106899902818567e-01
9.930475825998215100e-01
9.754373177842565745e-01
9.819123505976095068e-01
9.813751754050261678e-01
9.862798020692756795e-01
9.656470588235295249e-01
9.766321541558814490e-01
9.936814958091553240e-01
9.843937575030011766e-01
9.822886297376093312e-01
9.724846303793672764e-01
9.890980392156861756e-01
9.882483370288248636e-01
9.806586137474834208e-01
9.937022042285199586e-01
9.814868804664723667e-01
9.822404371584698701e-01
9.795622362869198518e-01
9.938046647230320829e-01
9.808808016877637037e-01
9.852920577111640155e-01
9.842894393741851156e-01
9.821428571428570953e-01
9.881125667151868797e-01
9.850199203187250951e-01
9.700026371308017037e-01
9.845628415300545777e-01
9.945222154595253494e-01
9.814863102998696576e-01
9.879351265822784445e-01
9.885267275097783246e-01
9.886297376093293732e-01
9.896625316793383753e-01
9.715271786022432465e-01
9.921041975975165572e-01
9.902439024390243816e-01
9.900912646675359419e-01
9.802493346407059605e-01
9.904845458226481103e-01
9.792313377679231490e-01
9.759793052475979058e-01
9.904748564224682417e-01
9.829931972789115457e-01
9.875092387287509599e-01
9.860933730665530916e-01
9.874316939890710465e-01
9.679296154391939799e-01
9.856800119958014639e-01
9.826876685114233068e-01
9.875332679647009781e-01
9.743589743589744501e-01
9.870659722222221433e-01
9.898004434589799949e-01
9.853259190608587570e-01
9.792349726775956276e-01
9.870901639344262790e-01
9.772930220691414815e-01
9.925970388155261892e-01
9.897744782182378298e-01
9.778827410406357723e-01
9.835346563129134800e-01
9.742628685657170884e-01
9.753707285622178480e-01
9.828529194382853440e-01
9.846281413445592268e-01
9.923788105947026761e-01
9.832405689548547878e-01
9.811715481171547903e-01
9.876543209876542662e-01
9.896857923497267562e-01
9.728253157371931081e-01
9.867666232073011301e-01
9.808060109289618023e-01
9.948335246842708868e-01
9.931024141550457429e-01
9.886640292148508591e-01
9.960025789813024000e-01
9.873127277635309618e-01
9.804432855280312831e-01
9.618706977999729180e-01
9.877647058823529891e-01
9.802213001383126567e-01
9.782978066110596949e-01
9.809128630705393759e-01
9.801632861334355074e-01
9.853825136612022195e-01
9.838797814207650427e-01
9.696315292212174253e-01
9.811976727685540745e-01
9.831967213114753967e-01
9.821594068582020221e-01
9.837482710926694907e-01
9.887026239067056022e-01
9.934402332361516041e-01
9.900370713623726227e-01
9.854686548995740258e-01
9.849726775956284541e-01
9.773777840033618380e-01
9.768578878748370720e-01
9.852672750977835570e-01
9.884239286741443031e-01
9.767954960438222090e-01
9.850702143385069443e-01
9.909163346613545365e-01
9.862329599136185898e-01
9.916481892091648653e-01
9.902534113060428300e-01
9.936272304693357649e-01
9.925759910351590332e-01
9.788238295700981695e-01
9.846473029045642589e-01
9.889830508474575232e-01
9.872881355932203729e-01
9.916827852998064685e-01
9.803206997084548124e-01
9.900277707649582926e-01
9.830601092896176230e-01
9.961748633879781156e-01
9.834144856968960458e-01
9.831909230984732240e-01
9.834710743801652333e-01
9.923065861374746888e-01
9.676458067262664331e-01
9.885118685331710786e-01
9.949262536873155760e-01
9.925941903940178612e-01
9.854231340261844219e-01
9.901155972524711135e-01
9.796071375018742255e-01
9.872286079182631680e-01
9.885258964143426308e-01
9.864778670748819422e-01
9.825574473151565957e-01
9.807489451476792963e-01
9.900674662668665915e-01
9.852672750977835570e-01
9.927640156453715337e-01
9.805084745762712162e-01
9.692543684140322302e-01
9.855932203389830004e-01
9.830559304243514651e-01
9.849129593810443950e-01
9.904404008438818519e-01
9.795657726692209577e-01
9.826876685114231957e-01
9.812925170068026448e-01
9.820714642678660677e-01
9.817064027590343134e-01
9.896344025773917696e-01
9.833201476793248519e-01
9.864406779661016866e-01
9.903917220990391401e-01
9.891228070175439591e-01
9.829265039349073252e-01
9.955459576191119098e-01
9.878748370273793267e-01
9.850182210824672824e-01
9.860224208883213715e-01
9.776119402985075091e-01
9.866546708651970921e-01
9.964907544877851242e-01
9.856557377049179891e-01
9.876140808344198163e-01
9.730354391371340839e-01
9.788485782322453588e-01
9.817371297095196514e-01
9.839269040949712997e-01
9.909830007390982853e-01
9.792110117780615797e-01
9.875151842353894205e-01
9.782576098365571848e-01
9.940664556962025555e-01
9.672131147540983243e-01
9.737895158063225587e-01
9.892438070404172556e-01
9.872185027388923340e-01
9.804881509862353184e-01
9.829787234042552946e-01
9.872995600964949992e-01
9.789617486338798580e-01
9.911202185792349351e-01
9.951042997020008718e-01
9.771676705420928588e-01
9.852607709750565990e-01
9.922258019330438827e-01
9.869859073914294401e-01
9.942600276625173095e-01
9.920634920634920917e-01
9.864896755162242403e-01
9.653436870865688135e-01
9.854628422425031342e-01
9.782978066110596949e-01
9.932918395573997472e-01
9.854608510070694827e-01
9.799901185770751866e-01
9.858280469699015613e-01
9.881988396624472593e-01
9.874984054088532526e-01
9.930524759793051270e-01
9.903525046382188890e-01
9.843255680184068712e-01
9.895491803278688714e-01
9.927568366592757210e-01
9.895643647569687396e-01
9.879875826697259722e-01
9.795081967213113971e-01
9.905295451513937977e-01
9.906528616623525574e-01
9.844621513944223912e-01
9.786214242239805738e-01
9.818037974683544444e-01
9.883817427385892529e-01
9.839634941329856721e-01
9.801253834867279524e-01
9.821721311475409832e-01
9.860735009671179885e-01
9.824114507520620432e-01
9.865190861359444119e-01
9.895697522816166991e-01
9.867967853042479698e-01
9.847840103159251068e-01
9.903347807816219595e-01
9.906282801019643536e-01
9.814117647058824279e-01
9.816940936343920843e-01
9.873177842565596940e-01
9.899578879170716217e-01
9.918134074760580621e-01
9.875332679647008671e-01
9.680040264595916044e-01
9.904437965662455934e-01
9.879999999999999893e-01
9.736177732895733294e-01
9.852607709750567100e-01
9.860548807917228764e-01
9.871584699453551659e-01
9.734693877551020558e-01
9.851368970013036908e-01
9.908713692946058416e-01
9.900960827790096230e-01
9.874414644529586615e-01
9.845261121856866415e-01
9.815100154083205020e-01
9.718486286919830741e-01
9.899608865710560757e-01
9.866227762992015871e-01
9.881636083485082489e-01
9.752376897970768121e-01
9.860310421286031524e-01
9.873629916183107591e-01
9.882434301521437758e-01
9.819970845481049704e-01
9.897959183673468164e-01
9.763905562224889367e-01
9.853642811089620146e-01
9.870068509331443307e-01
