9.896462467644521199e-01
9.939393939393939004e-01
9.735422740524781737e-01
9.914937759336099887e-01
9.807395993836671710e-01
9.826417704011064513e-01
9.923658775738898319e-01
9.776361819090455541e-01
9.816703621581670536e-01
9.843579234972678060e-01
9.747163468272868059e-01
9.866609904924081853e-01
9.847195357833655738e-01
9.861230946218003668e-01
9.843433661762720499e-01
9.878671775223499818e-01
9.852881630449453754e-01
9.893442622950818777e-01
9.890054972513743214e-01
9.872229465449804398e-01
9.877535399923460524e-01
9.811894882434302190e-01
9.829317269076305319e-01
9.910349854227404887e-01
9.932412999712395552e-01
9.842431434599157036e-01
9.844616376531269974e-01
9.827586206896552490e-01
9.812255541069100362e-01
9.958610495195860945e-01
9.855463347164592491e-01
9.846629560915275414e-01
9.829446064139941708e-01
9.776578197630829692e-01
9.753623188405797784e-01
9.900776531492665455e-01
9.906528616623526684e-01
9.884432783608195772e-01
9.936853317102860572e-01
9.919778699861687699e-01
9.909963985594236746e-01
9.865338645418326724e-01
9.823811665916929448e-01
9.863945578231292366e-01
9.874984054088532526e-01
9.884110787172011303e-01
9.911553784860558380e-01
9.875621890547263693e-01
9.921277552856500037e-01
9.902745098039216209e-01
9.899338510209950703e-01
9.809155383623469060e-01
9.889289048952913941e-01
9.920553935860058070e-01
9.871794871794872250e-01
9.836078431372549113e-01
9.920177383592018172e-01
9.762007477710670234e-01
9.843304843304843121e-01
9.962827988338192053e-01
9.841530054644808123e-01
9.955168776371308148e-01
9.913994169096209674e-01
9.939345991561181481e-01
9.887239109118923786e-01
9.730117340286832395e-01
9.785714285714285365e-01
9.780446385249877972e-01
9.824701195219123218e-01
9.888581223628691852e-01
9.905054644808743980e-01
9.730675593426658665e-01
9.876792698826597494e-01
9.747494725738397037e-01
9.849413298565841135e-01
9.857871720116617720e-01
9.826597305588902209e-01
9.907966637906241436e-01
9.836685112700769285e-01
9.858832224685883938e-01
9.826597131681877872e-01
9.648410141476396751e-01
9.846133081387501429e-01
9.919438285291944934e-01
9.811529933481153432e-01
9.850819442498949252e-01
9.903294651193811360e-01
9.915003695491501068e-01
9.934014474244359238e-01
9.913251366120219288e-01
9.869447992053356211e-01
9.866546708651972031e-01
9.658010500922378228e-01
9.785684269505533495e-01
9.845535990114302471e-01
9.790798611111111160e-01
9.869179600886919257e-01
9.909638554216867457e-01
9.882513661202185773e-01
9.903688524590164022e-01
9.833524684270952276e-01
9.837268240629585270e-01
9.887939487323154086e-01
9.934772829509672665e-01
9.933132010353753483e-01
9.915667166416791689e-01
9.854287556415215477e-01
9.804138950480414394e-01
9.839265212399540550e-01
9.884432783608195772e-01
9.875695732838589702e-01
9.785396139829937168e-01
9.838938555413651033e-01
9.818306010928962158e-01
9.792110117780616907e-01
9.901564537157757639e-01
9.849726775956284541e-01
9.893481311391759681e-01
9.872544609386715297e-01
9.849360925136945166e-01
9.893617021276595036e-01
9.825887434201646675e-01
9.873533246414601949e-01
9.840059387231745447e-01
9.919215686274509558e-01
9.931535269709543812e-01
9.866388631448872459e-01
9.806362378976486438e-01
9.849470595739251433e-01
9.876366120218580402e-01
9.857923497267758739e-01
9.895397489539748959e-01
9.956719171278558544e-01
9.896857923497268672e-01
9.798424467099166035e-01
9.930843706777315871e-01
9.878279883381925197e-01
9.889212827988338450e-01
9.891875193080013062e-01
9.848600121728545709e-01
9.688524590163934969e-01
9.967082224401176971e-01
9.929595827900913330e-01
9.930247718383311550e-01
9.882082254817372569e-01
9.781649421789410104e-01
9.886178861788618155e-01
9.892430278884460915e-01
9.865029018760966828e-01
9.842572062084257167e-01
9.807317438896386852e-01
9.893537261958313955e-01
9.830508474576271638e-01
9.862227324913892534e-01
9.896265560165974362e-01
9.795306388526726638e-01
9.882659713168188143e-01
9.776273372018052799e-01
9.926384839650146397e-01
9.869982327695026036e-01
9.789617486338797470e-01
9.793715846994536234e-01
9.841752891052952812e-01
9.744361955455946855e-01
9.898445160386608599e-01
9.946793212539546403e-01
9.949623953455370984e-01
9.872185027388923340e-01
9.825368731563420832e-01
9.847569744032211858e-01
9.882575246322040652e-01
9.747863963813033772e-01
9.879292247713300501e-01
9.827586206896551380e-01
9.778486055776892671e-01
9.841816558234468548e-01
9.860102393142040622e-01
9.764636075949366667e-01
9.856946526736631853e-01
9.749674054758801223e-01
9.857887874837026887e-01
9.808996088657104817e-01
9.788582099506468737e-01
9.855280312907431783e-01
9.835807467386414871e-01
9.909090909090908506e-01
9.893855485232067037e-01
9.919824038597985227e-01
9.778629203916560098e-01
9.838030450275347949e-01
9.776986506746626615e-01
9.780326885590043817e-01
9.878834570668160175e-01
9.898470464135020741e-01
9.743807040417210574e-01
9.763488543976348577e-01
9.890643274853800904e-01
9.677204215019341582e-01
9.921041975975166682e-01
9.800521512385920175e-01
9.871102712916722810e-01
9.924081169291896209e-01
9.832249011353488832e-01
9.883790673264356563e-01
9.765825347550276536e-01
9.859972677595628676e-01
9.931551499348110212e-01
9.854321333520100756e-01
9.863426250175093557e-01
9.889991371872303150e-01
9.777244231025743471e-01
9.778270509977826652e-01
9.831843337590463472e-01
9.858280469699014503e-01
9.916779127305442865e-01
9.699367088607595555e-01
9.915875754961174238e-01
9.838602107509670791e-01
9.827900912646675424e-01
9.885118685331710786e-01
9.880800340570455864e-01
9.856221792392005909e-01
9.877252731658862084e-01
9.799863387978142715e-01
9.972677595628415270e-01
9.930466865332765458e-01
9.824205070738197820e-01
9.894624516473256026e-01
9.894242891161226794e-01
9.769916594765603035e-01
9.863070539419087623e-01
9.771908763505401385e-01
9.902654867256637239e-01
9.912999712395743623e-01
9.827249022164276093e-01
9.893419833178869194e-01
9.817427385892115721e-01
9.755235427504335144e-01
9.819664031620553013e-01
9.895397489539748959e-01
9.911656118143459260e-01
9.840540885317003994e-01
9.797487065779748594e-01
9.897959183673469274e-01
9.793643945930399219e-01
9.870218579234972811e-01
9.869918699186991384e-01
9.822804314329738329e-01
9.727358617897151616e-01
9.793715846994536234e-01
9.889955982392957257e-01
9.900776531492665455e-01
9.725099601593625298e-01
9.779367011564211731e-01
9.782436708860760000e-01
9.784923928077454702e-01
9.863102998696218204e-01
9.821261838068560124e-01
9.804644808743169238e-01
9.814958091553835917e-01
9.873241145075206671e-01
9.915566907904073135e-01
9.904172099087353853e-01
9.897946166602883400e-01
9.880722114764668440e-01
9.943969743661577043e-01
9.799820062977957491e-01
9.737254901960784581e-01
9.911978568694986835e-01
9.854227405247812932e-01
9.866375121477162224e-01
9.917361754711151445e-01
9.837512256618574646e-01
9.879206212251941954e-01
9.795918367346939659e-01
9.800784313725490193e-01
9.770891189093662277e-01
9.723889555822328168e-01
9.779577147998200770e-01
9.876366120218578182e-01
9.865160349854227295e-01
9.838331160365058059e-01
9.799446749654219246e-01
9.959349593495934183e-01
9.813395771250177368e-01
9.934235976789168587e-01
9.858523602745482561e-01
9.897151898734177777e-01
9.795306388526727748e-01
9.897744782182378298e-01
9.901947051407760103e-01
9.811267205903220212e-01
9.750923872875092435e-01
9.814958091553835917e-01
9.784923928077454702e-01
9.799562682215743337e-01
9.909554730983303195e-01
9.809257036147792652e-01
9.950999355254674938e-01
9.864297495876444000e-01
9.887936313533375321e-01
9.942600276625173095e-01
9.869462025316455556e-01
9.755174544331171038e-01
9.887974085571602512e-01
9.884924312635154919e-01
9.893966170159051998e-01
9.827784156142364003e-01
9.917528864897285912e-01
9.854397634885438961e-01
9.876501552166284670e-01
9.822959889349930362e-01
9.905063291139241111e-01
9.930662557781202437e-01
9.834716459197787586e-01
9.837512256618573536e-01
9.767273206751054815e-01
9.782157676348548492e-01
9.943291839557398815e-01
9.785014899957429346e-01
9.772547468354431111e-01
9.910691003911342722e-01
9.921115537848604893e-01
9.833819241982506565e-01
9.885677308024160004e-01
9.735332464146023712e-01
9.832650273224042836e-01
9.861777328957334054e-01
9.924302788844621137e-01
9.904371584699452891e-01
9.883250101228235884e-01
9.601835605344851698e-01
9.875488917861798832e-01
9.874999999999999334e-01
9.784232365145227872e-01
9.852672750977835570e-01
9.889941690962098519e-01
9.794571899835058382e-01
9.857762469702768815e-01
9.848553006447744451e-01
9.842486164325245923e-01
9.715990796663790396e-01
9.885137974506232883e-01
9.813113917591529400e-01
9.793715846994535124e-01
9.823971518987342222e-01
9.893569844789356083e-01
9.794303797468355555e-01
9.844050258684404753e-01
9.731778425655976950e-01
9.891205112598904226e-01
9.784153005464482078e-01
9.874173137762438657e-01
9.883301096067054203e-01
9.929941933855087610e-01
9.752586594691857735e-01
9.838938555413652143e-01
9.921115537848606003e-01
9.855875831485587657e-01
9.893196202531645556e-01
9.834441980783443782e-01
9.912943717100823893e-01
9.874635568513119299e-01
9.883125864453665699e-01
9.839660626977279057e-01
9.739964655390053183e-01
9.848364978902953704e-01
9.867620206938527705e-01
9.839903048858272827e-01
9.803961748633880369e-01
9.902489626556015834e-01
9.912171507607192567e-01
9.870901639344261680e-01
9.941279360319840164e-01
9.901299350324838100e-01
9.892076502732239929e-01
9.874827109266943737e-01
9.871130410421626866e-01
9.934723996026677550e-01
9.873906705539358120e-01
9.882558720639680327e-01
9.886943413729127883e-01
9.816818774445893458e-01
9.834548104956267744e-01
9.883036839893541980e-01
9.799691833590138401e-01
9.779338725698878410e-01
9.789257455873402458e-01
9.887874837027379460e-01
9.950735591847753581e-01
9.906238040566398562e-01
9.801974012993504015e-01
9.737006496751624551e-01
9.884599811040626349e-01
9.826961519240380305e-01
9.892867414437733764e-01
9.861049519586104761e-01
9.682357443551473652e-01
9.945269155795470883e-01
9.803780964797913500e-01
9.846131722749497106e-01
9.885267275097783246e-01
9.861230946218004778e-01
9.905722573839662592e-01
9.911564625850339816e-01
9.761776218113105141e-01
9.895045632333767660e-01
9.904748564224681306e-01
9.880466472303207626e-01
9.722634633553786099e-01
9.787600459242250528e-01
9.844945355191256908e-01
9.925222893298819571e-01
9.912863070539419397e-01
9.862948207171313708e-01
9.848396501457725716e-01
9.880618914232359717e-01
9.882434301521437758e-01
9.800829875518672907e-01
9.849418686090488650e-01
9.839794303797468888e-01
9.819277108433734913e-01
9.811267205903221322e-01
9.811953352769680059e-01
9.834905660377358805e-01
9.835382513661201642e-01
9.979058468755235278e-01
9.877201112140870931e-01
9.860305034417600201e-01
9.906343124733929528e-01
9.933304952462040927e-01
9.867701404286770561e-01
9.955421340235836025e-01
9.716459197786999624e-01
9.887323943661971981e-01
9.782579698546084446e-01
9.907544877851262033e-01
9.921716830881359694e-01
9.799976187641386005e-01
9.735422740524781737e-01
9.792819543798082504e-01
9.824683348779734704e-01
9.877593360995849947e-01
9.868440502586843799e-01
9.787420704548521755e-01
9.805817963712699648e-01
9.794398907103825103e-01
9.830508474576271638e-01
9.817591204397800864e-01
9.852404138770540776e-01
9.869447992053356211e-01
9.824249846907532335e-01
9.805591031644671496e-01
9.898052343274498233e-01
9.875000000000000444e-01
9.933609958506223192e-01
9.890330552981154710e-01
9.876293865185559184e-01
9.825726141078838793e-01
9.900398406374502080e-01
9.751365737498248754e-01
9.834699453551912773e-01
9.705394190871370341e-01
9.850702143385069443e-01
9.827437446074201999e-01
9.840846994535519254e-01
9.806362378976487548e-01
9.876501552166284670e-01
9.812907431551498583e-01
9.846274509803920605e-01
9.903377967133292215e-01
9.916992846537994177e-01
9.772418058132343877e-01
9.864453665283541284e-01
9.851092896174862279e-01
9.852697095435685171e-01
9.857254901960783577e-01
9.902411021814007119e-01
9.846209912536443287e-01
9.911594007288433428e-01
9.885267275097783246e-01
9.839557399723375397e-01
9.798850574712644201e-01
9.787878787878787623e-01
9.853838512842344466e-01
9.756724683544303334e-01
9.829261708732622838e-01
9.757727088675933746e-01
9.819261037748432397e-01
9.617315885575168366e-01
9.918404995033347493e-01
9.897308330144151123e-01
9.827560353876143573e-01
9.828210894552723564e-01
9.874185136897001280e-01
9.695355191256830318e-01
9.817378691983122962e-01
9.873443983402488966e-01
9.824094604582408463e-01
9.884798728813559698e-01
