9.928098935864251295e-01
9.831076724693745827e-01
9.916180758017492103e-01
9.775242047026280190e-01
9.831909230984732240e-01
9.894190871369294982e-01
9.909651211654293412e-01
9.858820589705148407e-01
9.931263858093126728e-01
9.883879781420764621e-01
9.811598263062053515e-01
9.861643252447850339e-01
9.895551257253384358e-01
9.924503882657462750e-01
9.858280469699014503e-01
9.895700297999149297e-01
9.807666351734376509e-01
9.964480874316939962e-01
9.778860569715143169e-01
9.878096479791396156e-01
9.866692180125016254e-01
9.806362378976486438e-01
9.778344145814026334e-01
9.919825072886296891e-01
9.870578084555651222e-01
9.907041139240506666e-01
9.862669245647969207e-01
9.750749625187407066e-01
9.855280312907430673e-01
9.819660014781965707e-01
9.862378976486860793e-01
9.891774891774891554e-01
9.800291545189503406e-01
9.811066126855600977e-01
9.817561807331628421e-01
9.958297382801265529e-01
9.728932988208225385e-01
9.903173413293353544e-01
9.831862446743762085e-01
9.908022130013830475e-01
9.862611711351207955e-01
9.855776892430279101e-01
9.841055630529313980e-01
9.912536443148688425e-01
9.779308585278734256e-01
9.813411078717201308e-01
9.868525896414341858e-01
9.946421737466513147e-01
9.706852601589442964e-01
9.900392156862745097e-01
9.797238999137187765e-01
9.766602192134106186e-01
9.743230625583566562e-01
9.865889212827988475e-01
9.922777028040186131e-01
9.865882352941175437e-01
9.830007390983001025e-01
9.887115329306873646e-01
9.768331084120557284e-01
9.818513119533526234e-01
9.846311475409835756e-01
9.750791139240506666e-01
9.774052478134109823e-01
9.808148734177215555e-01
9.891441378344306701e-01
9.921773142112124688e-01
9.771137026239067325e-01
9.716763706938379430e-01
9.847808764940239046e-01
9.823971518987342222e-01
9.801229508196721563e-01
9.884357881923311329e-01
9.852020860495436239e-01
9.897151898734177777e-01
9.866362451108212639e-01
9.869533527696792152e-01
9.838602107509670791e-01
9.863387978142075241e-01
9.863004454042380020e-01
9.898743532889875407e-01
9.921121251629726467e-01
9.926460288555820632e-01
9.755027669051153927e-01
9.909830007390982853e-01
9.941611234294160937e-01
9.836111500210114045e-01
9.810590903027878174e-01
9.813008130081299907e-01
9.768695898964098179e-01
9.819672131147541005e-01
9.843195686107564235e-01
9.904783325835957442e-01
9.831133815808145160e-01
9.752766493906709355e-01
9.848625270312016955e-01
9.948784722222222543e-01
9.900960827790095120e-01
9.824683348779734704e-01
9.856557377049179891e-01
9.773907103825136833e-01
9.901135348896543675e-01
9.877284247032146469e-01
9.754867628519400258e-01
9.816314289998500087e-01
9.882082254817371458e-01
9.895052473763118472e-01
9.834300451321728032e-01
9.861788617886177999e-01
9.864778670748820533e-01
9.847576211894053522e-01
9.850958565244279930e-01
9.872452422729113275e-01
9.876543209876542662e-01
9.889344262295081123e-01
9.857386121753939356e-01
9.771186440677965823e-01
9.890710382513661081e-01
9.844367904069396547e-01
9.842555105713000074e-01
9.837188070602556067e-01
9.834300451321728032e-01
9.880550681603456065e-01
9.803780964797913500e-01
9.788095559454716987e-01
9.956078431372549220e-01
9.816044260027662061e-01
9.833951189372875934e-01
9.894882434301521812e-01
9.886465110345706853e-01
9.900273224043715237e-01
9.780737704918032183e-01
9.865029018760966828e-01
9.902085994040017436e-01
9.734289617486339141e-01
9.874884151992586734e-01
9.831950207468879155e-01
9.822157434402333243e-01
9.808309037900875271e-01
9.947482236638862663e-01
9.845556908094947879e-01
9.702868852459016757e-01
9.835411122005883744e-01
9.837679269882659838e-01
9.886571056062581908e-01
9.902933563416739249e-01
9.745130858186243916e-01
9.892830746489283955e-01
9.777689243027888333e-01
9.738156296396274225e-01
9.919438285291943824e-01
9.863547758284600953e-01
9.595141700404858920e-01
9.796189942568986897e-01
9.785686949866053697e-01
9.937759336099585283e-01
9.731421121251628836e-01
9.794002607561930196e-01
9.947775628626692734e-01
9.810495626822157700e-01
9.968442312547336481e-01
9.759562841530053934e-01
9.743169398907104428e-01
9.852404138770541886e-01
9.904048186020451006e-01
9.824905448942429231e-01
9.935289042277826166e-01
9.860933730665530916e-01
9.840231284236153897e-01
9.758702064896754846e-01
9.933132010353753483e-01
9.871777567822918042e-01
9.649857597587535585e-01
9.769830559304243378e-01
9.827586206896552490e-01
9.760159362549800655e-01
9.765914019645363098e-01
9.869627336587688538e-01
9.870121308016877038e-01
9.927536231884057649e-01
9.833116036505867852e-01
9.831160365058669859e-01
9.932203389830508433e-01
9.751233826864080800e-01
9.852672750977835570e-01
9.750337381916328594e-01
9.952288845905866710e-01
9.861550632911392222e-01
9.925500212856535054e-01
9.803462466297716560e-01
9.863135730482668340e-01
9.769490254872563728e-01
9.876293297345928313e-01
9.586776859504131387e-01
9.881988396624472593e-01
9.824641460234680990e-01
9.873614190687362013e-01
9.884795321637427357e-01
9.843270641589969561e-01
9.871777567822918042e-01
9.704693611473272918e-01
9.851531920637064399e-01
9.925500212856535054e-01
9.903686694731470563e-01
9.866546708651972031e-01
9.857605614792819271e-01
9.851092896174862279e-01
9.912646675358539605e-01
9.743661577251716555e-01
9.788485782322454698e-01
9.904371584699452891e-01
9.942643724156329244e-01
9.923133776792313343e-01
9.763019724705548352e-01
9.790794979079497917e-01
9.835807467386414871e-01
9.871439873417722222e-01
9.905090595340811932e-01
9.758570094704548392e-01
9.871577574967405067e-01
9.879793061472914584e-01
9.658720022704697650e-01
9.821405544809800325e-01
9.921952603944941274e-01
9.745218579234973255e-01
9.877732240437158140e-01
9.894281254434511563e-01
9.876033057851238972e-01
9.813258636788049216e-01
9.910351589858523713e-01
9.776387690537819974e-01
9.876901798063624227e-01
9.867947178871547820e-01
9.842477876106194845e-01
9.901495542134024497e-01
9.813559322033897914e-01
9.938986716095150609e-01
9.881742738589210928e-01
9.866613311991463409e-01
9.842720685111988610e-01
9.923741395599946502e-01
9.904404008438818519e-01
9.832249011353488832e-01
9.801921655580192461e-01
9.832405689548546768e-01
9.793643945930399219e-01
9.859289617486338697e-01
9.804138950480413284e-01
9.894242891161226794e-01
9.798893237953839597e-01
9.922814207650272333e-01
9.829265039349073252e-01
9.886396318665515714e-01
9.894023904382470702e-01
9.941418137553257317e-01
9.876714135021097407e-01
9.937067773167358453e-01
9.809647979139504148e-01
9.661864745898358642e-01
9.920081967213114638e-01
9.832366215344938709e-01
9.906598738476467547e-01
9.819781467291046617e-01
9.898305084745763205e-01
9.720627631075392516e-01
9.789168278529980505e-01
9.893542512956996493e-01
9.889788573999099830e-01
9.866666666666666918e-01
9.887102946804440240e-01
9.886297376093294842e-01
9.940071266601878675e-01
9.871794871794872250e-01
9.805294859223980808e-01
9.733247052056369641e-01
9.729510851959831674e-01
9.875294117647058778e-01
9.859252713961121906e-01
9.935974389755901637e-01
9.832808517019042682e-01
9.869535519125682832e-01
9.882653061224488944e-01
9.890482398956974563e-01
9.917012448132780378e-01
9.917960088691795129e-01
9.956719171278558544e-01
9.889103803997421061e-01
9.808796750245132312e-01
9.924841772151898889e-01
9.895045632333767660e-01
9.870430032217396565e-01
9.867628519400476472e-01
9.883638427699730222e-01
9.933481152993348662e-01
9.877498388136686236e-01
9.847856154910097359e-01
9.883381924198251234e-01
9.847518552875695885e-01
9.821928771508603440e-01
9.948420373952288065e-01
9.840144893298684581e-01
