9.760569456427955481e-01
9.859445519019987003e-01
9.814139941690962488e-01
9.609958506224066666e-01
9.696736237568287509e-01
9.520746887966805572e-01
9.675724891441378483e-01
9.707021489255373004e-01
9.716186252771618070e-01
9.840163934426229275e-01
9.168651071578652889e-01
9.865190861359444119e-01
9.840747904577691330e-01
9.611734253666953665e-01
9.541773518693481559e-01
9.829714772243507426e-01
9.697665002024564718e-01
9.662568306010929087e-01
9.780734632683658614e-01
9.475634083784554296e-01
