9.787891860799540211e-01
9.757575757575758235e-01
9.855685131195335291e-01
9.890733056708160831e-01
9.818602045104356524e-01
9.691562932226831517e-01
9.831208852780501939e-01
9.710144927536232817e-01
9.944567627494457218e-01
9.548497267759562535e-01
9.754167250315169957e-01
9.813395771250177368e-01
9.827852998065764734e-01
9.838941616335922236e-01
9.910919152382238195e-01
9.865190861359443009e-01
9.805641787015791921e-01
9.898907103825136389e-01
9.856946526736631853e-01
9.793350717079529755e-01
9.797168006123229134e-01
9.737206085753803420e-01
9.803058387395736650e-01
9.841836734693877320e-01
9.857635893011216233e-01
9.841112869198311852e-01
9.805931656995485746e-01
9.834457771114442082e-01
9.867014341590613080e-01
9.701404286770141105e-01
9.812586445366527910e-01
9.813234384662956611e-01
9.922011661807579319e-01
9.899535162693058332e-01
9.756180733162830299e-01
9.786453839516824349e-01
9.855478861087144660e-01
9.881309345327335958e-01
9.849360925136945166e-01
9.860304287690180303e-01
9.856609310390823664e-01
9.846215139442231479e-01
9.749587644324486657e-01
9.709264658244248780e-01
9.822043628013777949e-01
9.842565597667638500e-01
9.739442231075697842e-01
9.870519198877407696e-01
9.880041985305143548e-01
9.865098039215687287e-01
9.802272073626689952e-01
9.838168923275305566e-01
9.849273042550353852e-01
9.865160349854227295e-01
9.853801169590643561e-01
9.880784313725490264e-01
9.821877309682187640e-01
9.897181478285879130e-01
9.963262857999699573e-01
9.838192419825072532e-01
9.808060109289616912e-01
9.796281645569620000e-01
9.805393586005830553e-01
9.792325949367088889e-01
9.689032077321753089e-01
9.864406779661017977e-01
9.821428571428572063e-01
9.824114507520620432e-01
9.876494023904383024e-01
9.849683544303797778e-01
9.750683060109290867e-01
9.871424223980523882e-01
9.838983050847458500e-01
9.761339662447257037e-01
9.905475880052151405e-01
9.833819241982507675e-01
9.850606909430438263e-01
9.920189818809317384e-01
9.809016061546766974e-01
9.861049519586105871e-01
9.889830508474575232e-01
9.895643647569687396e-01
9.703738696180321810e-01
9.838876570583887649e-01
9.830007390983001025e-01
9.834710743801652333e-01
9.835267440309457543e-01
9.968957871396896264e-01
9.882928905917410800e-01
9.823770491803278659e-01
9.902085994040017436e-01
9.841055630529315090e-01
9.743862636582942827e-01
9.722650231124807529e-01
9.921223354958295104e-01
9.827256944444444642e-01
9.848484848484848619e-01
9.925084955205436543e-01
9.727459016393442681e-01
9.904371584699454001e-01
9.682995280010204819e-01
9.789249032946512052e-01
9.876033057851238972e-01
9.850052481631428325e-01
9.811619211964337506e-01
9.826961519240379195e-01
9.678272082527401565e-01
9.934959349593497357e-01
9.864778670748820533e-01
9.833208395802098822e-01
9.923314780457638262e-01
9.834660547982183587e-01
9.917695473251029181e-01
9.974726775956284097e-01
9.953881084149283076e-01
9.807040417209909045e-01
9.912568306010929309e-01
9.883275928052047687e-01
9.839556155345630106e-01
9.962720632988436575e-01
9.816892327530624129e-01
9.835335402888378820e-01
9.851368970013036908e-01
9.883924956134431117e-01
9.919999999999999929e-01
9.832641770401105985e-01
9.820049428483164089e-01
9.901798063623790114e-01
9.753157290470723106e-01
9.892076502732239929e-01
9.886612021857923427e-01
9.921716830881360805e-01
9.767986377181779867e-01
9.882513661202185773e-01
9.871794871794872250e-01
9.892116182572614491e-01
9.775510204081632182e-01
9.942419825072885686e-01
9.915817114612295313e-01
9.869902617163726077e-01
9.815573770491803351e-01
9.887239109118923786e-01
9.781616688396349568e-01
9.934810951760104647e-01
9.774230658613748401e-01
9.942178940961655664e-01
9.716925351071692418e-01
9.919521912350597326e-01
9.794844108516669312e-01
9.872875092387287665e-01
9.771330034487929472e-01
9.956515219673115480e-01
9.883737218097772281e-01
9.690011481056257647e-01
9.860995850622407133e-01
9.917209908735331592e-01
9.841590612777053604e-01
9.919406834300450448e-01
9.806122448979591733e-01
9.867457712698812777e-01
9.770491803278689158e-01
9.810109289617485739e-01
9.772519780888617724e-01
9.749964981089789262e-01
9.871130410421627976e-01
9.853321829163070866e-01
9.836100468284375564e-01
9.670572124163115957e-01
9.824188790560471896e-01
9.908685648547598257e-01
9.837359967606964517e-01
9.932987100016752446e-01
9.778827410406357723e-01
9.907052646516247840e-01
9.976892430278884172e-01
9.785686949866054807e-01
9.924395761400166549e-01
9.866165611814345926e-01
9.751374312843578140e-01
9.911994784876141384e-01
9.855932203389830004e-01
9.951760104302478371e-01
9.909297052154195651e-01
9.692959582790090511e-01
9.910781226570701818e-01
9.846550612508058187e-01
9.854957805907172963e-01
9.785014899957428236e-01
9.890733645522917783e-01
9.885811467444121092e-01
9.895052473763118472e-01
9.930274403958614382e-01
9.892141756548535891e-01
9.886603375527425186e-01
9.792698826597132644e-01
9.898004434589801059e-01
9.907602339181286188e-01
9.893957583033212710e-01
9.923741395599945392e-01
9.857235984354628666e-01
9.877851261978675135e-01
9.975166737618844648e-01
9.872432708253604527e-01
9.837306942570100965e-01
9.674719935213929034e-01
9.918032786885245811e-01
9.917209908735331592e-01
9.913153102675444917e-01
9.913853480879675217e-01
9.938165084843255670e-01
9.827264239028944415e-01
9.849963045084997315e-01
9.788562508869023127e-01
9.921716830881359694e-01
9.864297495876444000e-01
9.733649789029534816e-01
9.841098648259994919e-01
9.900626917433639207e-01
9.900260756192960088e-01
9.851643335362143539e-01
9.885766993046687379e-01
9.796260477111541354e-01
9.704838938555413463e-01
9.864071038251367440e-01
9.734289617486339141e-01
9.882928905917411910e-01
9.793388429752065694e-01
9.911964785914365583e-01
9.784283513097072893e-01
9.737561115904515008e-01
9.756569847856155775e-01
9.867280245431506724e-01
9.835988200589971253e-01
9.869859073914294401e-01
9.909387222946545171e-01
9.821594068582021331e-01
9.944674965421853585e-01
9.731892757102841296e-01
9.701086956521738358e-01
9.844783371575110964e-01
9.849683544303797778e-01
9.825232810307438225e-01
9.854397634885440072e-01
9.780457637600494802e-01
9.888553350589588398e-01
9.905737704918032849e-01
9.713968957871397247e-01
9.887239109118924896e-01
9.807666351734376509e-01
9.835382513661201642e-01
9.953314659197012304e-01
9.806586137474835319e-01
9.937848605577689343e-01
9.565581253804017470e-01
9.731012658227847778e-01
9.896957123098202302e-01
9.889178617992178122e-01
9.866613311991463409e-01
9.885928961748633448e-01
9.802063185041909321e-01
9.923580786026200418e-01
9.894281254434511563e-01
9.644067796610169552e-01
9.820767955096313395e-01
9.929078014184395951e-01
9.904748564224681306e-01
9.844054580896686169e-01
9.847843137254902457e-01
9.860951651996427980e-01
9.889212827988338450e-01
9.821023647554258940e-01
9.603799814643187993e-01
9.987393192323855695e-01
9.913718723037100444e-01
9.941690962099125617e-01
9.856470588235293206e-01
9.901540015147690665e-01
9.827264239028944415e-01
9.676863097915728851e-01
9.869535519125682832e-01
9.918367346938774531e-01
9.852672750977835570e-01
9.813278008298755850e-01
9.767184035476719206e-01
9.829714772243507426e-01
9.833010960670535150e-01
9.907550077041602510e-01
9.883966244725738148e-01
9.932203389830508433e-01
9.809497128449362613e-01
9.906149320633141908e-01
9.917695473251028071e-01
9.924611973392460929e-01
9.818826563507414562e-01
9.938450899031812114e-01
9.881195335276968805e-01
9.879406307977737223e-01
9.861277844471121323e-01
9.878787878787879118e-01
9.934772829509672665e-01
9.920391916717696823e-01
9.918395573997232928e-01
9.775184599156118148e-01
9.818504788384306847e-01
9.794844108516669312e-01
9.874884151992586734e-01
9.845998485231002295e-01
9.679806097716545654e-01
9.829059829059829667e-01
9.873614190687360903e-01
9.925765960318531089e-01
9.806362378976487548e-01
9.704641350210970741e-01
9.704440397814820818e-01
9.804979253112033888e-01
9.778680487463230486e-01
9.755406118143459260e-01
9.535961272475794726e-01
9.847164591977870529e-01
9.920533560380303539e-01
9.797600210970464074e-01
9.842894393741851156e-01
9.792828685258962995e-01
9.822886297376093312e-01
9.805148116192119456e-01
9.917209908735331592e-01
9.828551912568306292e-01
9.804342337793485740e-01
9.921912350597609231e-01
9.866264020707506965e-01
9.587663652314752927e-01
9.867728438385747758e-01
9.795306388526727748e-01
9.965163934426228831e-01
9.899723374827109623e-01
9.700130378096480932e-01
9.857871720116617720e-01
9.847053531264057247e-01
9.833524684270953387e-01
9.777327935222672739e-01
9.860933730665532027e-01
9.849007765314926610e-01
9.953074660316572064e-01
9.802908534251817407e-01
9.870218579234972811e-01
9.834520042194092593e-01
9.889874353288987674e-01
9.854298523206750371e-01
9.763488543976348577e-01
9.961370262390669694e-01
9.901856360316494410e-01
9.878415300546448119e-01
9.958297382801265529e-01
9.793036750483559150e-01
9.847891946478162239e-01
9.780326885590042707e-01
9.721157939548744631e-01
9.864541832669322385e-01
9.847745750184775382e-01
9.868802742616034074e-01
9.940133037694012241e-01
9.951410446753947703e-01
9.895772594752186846e-01
9.832641770401105985e-01
9.918751797526602632e-01
9.831481949002777165e-01
9.843750000000000000e-01
9.787735849056604653e-01
9.848832759280520266e-01
9.862704918032787482e-01
9.878976486860304718e-01
9.914937759336099887e-01
9.827185792349726334e-01
9.921289355322339132e-01
9.790729635182409130e-01
9.928961748633879925e-01
9.780774550484094831e-01
9.834010365597423142e-01
9.910600255427841621e-01
9.760204081632652962e-01
9.827586206896551380e-01
9.850417439703154088e-01
9.911994784876141384e-01
9.885568513119533662e-01
9.871830788625859388e-01
9.827706961759349324e-01
9.828295728678870802e-01
9.783931832014607366e-01
9.945893089960886613e-01
9.758401943582131199e-01
9.909427222860058837e-01
9.940029985007495794e-01
9.913168415792104060e-01
9.888648940477796634e-01
9.760119940029985397e-01
9.940322116767328353e-01
9.852919438285291376e-01
9.672152060211762770e-01
9.685110211426000149e-01
9.760104302477183857e-01
9.904371584699454001e-01
9.845501955671447369e-01
9.846131722749497106e-01
9.926819620253164445e-01
9.805194805194804575e-01
9.850857065730866946e-01
9.884615384615385025e-01
9.894943269365457095e-01
9.738338192419825345e-01
9.915643136725603712e-01
9.867967853042478588e-01
9.849043715846994562e-01
9.862668967500718420e-01
9.876901798063624227e-01
9.878087649402389481e-01
9.732507288629737019e-01
9.777244231025743471e-01
9.929460580912862211e-01
9.809820193637621699e-01
9.903347807816220705e-01
9.850342827004219259e-01
9.912727834414580830e-01
9.811267205903220212e-01
9.674198250728862636e-01
9.936092513694461115e-01
9.872950819672131617e-01
9.434578656391354734e-01
9.708835341365461558e-01
9.911594007288433428e-01
9.840357598978288767e-01
9.719738895984106897e-01
9.915003695491501068e-01
9.922346850733390067e-01
9.854080221300138831e-01
9.877526025719534086e-01
9.811257836467920379e-01
9.936563638817653699e-01
9.912943717100823893e-01
9.905345874508870718e-01
9.856413994169096471e-01
9.714536374679444419e-01
9.601482854494902686e-01
9.773167358229599699e-01
9.908351810790835268e-01
9.916992846537994177e-01
9.616884090568300625e-01
9.905054644808743980e-01
9.911752346266983205e-01
9.771364317841080283e-01
9.904138770541692782e-01
9.809138640556265276e-01
9.889773423147580900e-01
9.819071945508727195e-01
9.937614120511260030e-01
9.871584699453551659e-01
9.854080221300138831e-01
9.633920296570899211e-01
9.680005049229991609e-01
9.928769017980636491e-01
9.852589641434262857e-01
9.808096372040902011e-01
9.915983606557376984e-01
9.660442600276626379e-01
9.824833702882482811e-01
9.840379637618636988e-01
9.939890710382512928e-01
9.863070539419086513e-01
9.921716830881360805e-01
9.776401564537158251e-01
9.672156862745098227e-01
9.830340839926963170e-01
9.765150492644081304e-01
9.754483611626467709e-01
9.943983402489626755e-01
9.823770491803278659e-01
9.749654218533886363e-01
9.889411764705883234e-01
9.841816558234468548e-01
9.805393586005831663e-01
9.915643136725604823e-01
9.902216427640155860e-01
9.843015214384509548e-01
9.833208395802098822e-01
9.787234042553191182e-01
9.854548034624661668e-01
9.968354430379746667e-01
9.958158995815900028e-01
9.846133081387502539e-01
9.918634120314793190e-01
9.755021302495434643e-01
9.897828863346105344e-01
9.832886847812221109e-01
9.813315339631129008e-01
9.633308345827085173e-01
9.923076923076923350e-01
9.971311475409835312e-01
9.893855485232068148e-01
9.893499308437068152e-01
9.787139689578714385e-01
9.736561291183140066e-01
9.941109692067546799e-01
9.891352549889135259e-01
9.894314868804664487e-01
9.962099125364431984e-01
9.881830601092895794e-01
9.687744458930899194e-01
9.784224250325945782e-01
9.760426508300714676e-01
9.708597046413501852e-01
9.789186160526683889e-01
9.829580036518563713e-01
9.744751222318090988e-01
9.932270916334660082e-01
9.551013570112246720e-01
9.914163090128754741e-01
9.841055630529313980e-01
9.801817722797272481e-01
9.903505037604655170e-01
9.733720180528691035e-01
9.873127277635308507e-01
9.912452724471214616e-01
9.862704918032786372e-01
9.731407747334323011e-01
9.868318122555410632e-01
9.823838080959520491e-01
9.923784872016105929e-01
9.887814313346228179e-01
9.855617088607594445e-01
9.872016105838365974e-01
9.873633879781420486e-01
9.879098360655738098e-01
9.756147540983606259e-01
9.914248871695680032e-01
9.893571732652192141e-01
9.892857142857142128e-01
9.773142112125163816e-01
9.826765091082272363e-01
9.946645324796585808e-01
9.852310022721535443e-01
9.590163934426230163e-01
9.860694652673662741e-01
9.860891350210970741e-01
9.780081243871689978e-01
9.733929331630480908e-01
9.704131444219550318e-01
9.826336831584208120e-01
9.767470624613481256e-01
9.871130410421627976e-01
9.926829268292682862e-01
9.790983606557377428e-01
9.768574096305188137e-01
9.923275306254030204e-01
9.863670790204493999e-01
9.847317551477798858e-01
9.858400306161499982e-01
9.822619554420320975e-01
9.831286273451207425e-01
9.852220198907410964e-01
9.763362673810436210e-01
9.831485587583148611e-01
9.835268871497097054e-01
9.713797814207649761e-01
9.789168278529980505e-01
9.801555907172996296e-01
9.873706634205722255e-01
9.895772594752185736e-01
9.878032700421940371e-01
9.894242891161226794e-01
9.923658775738899429e-01
9.862021857923497503e-01
9.822681464472509116e-01
9.849154253976268869e-01
9.924359153943128620e-01
9.920916481892091410e-01
9.864005912786399932e-01
9.880080787679879073e-01
9.764667956157317974e-01
9.839935974389756312e-01
9.896265560165974362e-01
9.908892128279883638e-01
9.737211379002423950e-01
9.744751222318090988e-01
9.985327464319060375e-01
9.983529411764706651e-01
9.784075573549256832e-01
9.829317269076305319e-01
9.819664031620554123e-01
9.912171507607192567e-01
9.871577574967405067e-01
9.907247627264883505e-01
9.935458167330677437e-01
9.774501992031872089e-01
9.826508483224901669e-01
9.742260820843254843e-01
9.845412712108139175e-01
9.842446709916589098e-01
9.873633879781420486e-01
9.880080787679879073e-01
9.913780176938070676e-01
9.804966932109596689e-01
9.881988396624472593e-01
9.815089755702524066e-01
9.703417150225661647e-01
9.870780590717299630e-01
9.897281433426012853e-01
9.950517318938372213e-01
9.853164942178941343e-01
9.902687673772010424e-01
9.880464480874316946e-01
9.899015400151477406e-01
9.704681719607093360e-01
9.833985693075988355e-01
9.808024158757550071e-01
9.612021857923496171e-01
9.662417705561003878e-01
9.806170886075948889e-01
9.925941903940178612e-01
9.875826697260089437e-01
9.892205638474296236e-01
9.811976727685539634e-01
9.929460580912863321e-01
9.758369519540552872e-01
9.878539118780366168e-01
9.858195902048976222e-01
9.936475409836065253e-01
9.630809595202398654e-01
9.710487245242273024e-01
9.856800119958015749e-01
9.908472479901051511e-01
9.741530570927250388e-01
9.673202614379086128e-01
9.862021857923497503e-01
9.856719367588933078e-01
9.927379925222894475e-01
9.867219917012448605e-01
9.884839650145772483e-01
9.783540802213002152e-01
9.870430032217397676e-01
9.849854227405248075e-01
9.801792968202829304e-01
9.845781466113416869e-01
9.833189531205062117e-01
9.627206329884359093e-01
9.837162332744255888e-01
9.734439834024896099e-01
9.840379637618636988e-01
9.682818194088270713e-01
9.773077461829388080e-01
9.871130410421627976e-01
9.789764868603043624e-01
9.857571214392804038e-01
9.811267205903220212e-01
9.825572801182558269e-01
9.720610068835200401e-01
9.951372549019608105e-01
9.700238128589437903e-01
9.887939487323154086e-01
9.773049645390070594e-01
9.916443423906110555e-01
9.755782105903835211e-01
9.852697095435685171e-01
9.933273354325985460e-01
9.902820893507895406e-01
9.846387130801688148e-01
9.925655976676384107e-01
9.850819442498949252e-01
9.876913655848131857e-01
9.785733122362869629e-01
9.848718307886259460e-01
9.683955739972337495e-01
9.902802322645796185e-01
9.869447992053355101e-01
9.932639722555689499e-01
9.730381722718887127e-01
9.857761286332714645e-01
9.907786885245901676e-01
9.833655705996131591e-01
9.709805591031644978e-01
9.909113860136329333e-01
9.854628422425033563e-01
9.832470520563704186e-01
9.808437067773166929e-01
9.882928905917410800e-01
9.748953974895397945e-01
9.924416250506140624e-01
9.810495626822157700e-01
9.614020150418618460e-01
9.813278008298755850e-01
9.807010075209309230e-01
9.911638475132542592e-01
9.820675105485232592e-01
9.666402953586498148e-01
9.683264177040111775e-01
9.897828863346105344e-01
9.896526237989653474e-01
9.817732468334878781e-01
9.887556221889055585e-01
9.856197871728502591e-01
9.820392156862745026e-01
9.849418686090488650e-01
9.912452724471214616e-01
9.694965582399783788e-01
9.929411764705882160e-01
9.943907156673114089e-01
9.847705696202531112e-01
9.807337912548166337e-01
9.927160666760050933e-01
9.591836734693877098e-01
9.874736286919831851e-01
9.646258503401360374e-01
9.860655737704917545e-01
9.991623387502094333e-01
9.825327510917030160e-01
9.782470119521912144e-01
9.842454394693200825e-01
9.899957428693060280e-01
9.545754219409282593e-01
9.908703590992088417e-01
9.879032258064517347e-01
9.813008130081301017e-01
9.804966932109595579e-01
9.936049578059071852e-01
9.908713692946058416e-01
9.817470664928292789e-01
9.767759562841529242e-01
9.915742793791573195e-01
9.969879518072289892e-01
9.719263542300670133e-01
9.895786474733843097e-01
9.887556221889054475e-01
9.970651838121717958e-01
9.789543910722949827e-01
9.803921568627450567e-01
9.915643136725604823e-01
9.942848316342292048e-01
9.957712698813431240e-01
9.758263824528885522e-01
9.799446749654218136e-01
9.724096566201829717e-01
9.857635893011216233e-01
9.977087952697708539e-01
9.852697095435684060e-01
9.895024446361806447e-01
9.814414900796328833e-01
9.823908104014138498e-01
9.941287623161019216e-01
9.821562453141400306e-01
9.771908763505402495e-01
9.879098360655738098e-01
9.869078148198137113e-01
9.912280701754385692e-01
9.947979191676671329e-01
9.810164968461910773e-01
9.834905660377359915e-01
9.855875831485587657e-01
9.836065573770491621e-01
9.909963985594237856e-01
9.892152689087554407e-01
9.909405255878285246e-01
9.870218579234972811e-01
9.876293297345928313e-01
9.856609310390823664e-01
9.926440815224727432e-01
9.861654744229990666e-01
9.818464030233500228e-01
9.911955514365153874e-01
9.932093881856540740e-01
9.925222893298820681e-01
9.884625527426160740e-01
9.712490761271248552e-01
9.699453551912569083e-01
9.911752346266984315e-01
9.726852500350189334e-01
9.722013993003498777e-01
9.918055750105057022e-01
9.885235332043842416e-01
9.761410788381742476e-01
9.854203483968695387e-01
9.744370054777845569e-01
9.834144856968960458e-01
9.932226832641769532e-01
9.866528354080220664e-01
9.888010540184453134e-01
9.643415906127770221e-01
9.801974012993502905e-01
9.912315400843881852e-01
9.813395771250177368e-01
9.945279535864979259e-01
9.890741000140075290e-01
9.892623716153127189e-01
9.727224223022542526e-01
9.922863924050633333e-01
9.944674965421853585e-01
9.796015936254980350e-01
9.747863846477098360e-01
9.641189809257035837e-01
9.785732133933033872e-01
9.861949956859361599e-01
9.867701404286770561e-01
9.852419469277706732e-01
9.854287556415215477e-01
9.813524590163933414e-01
9.866609904924081853e-01
9.941109692067546799e-01
9.674736495388669422e-01
9.816044260027663171e-01
9.905090595340811932e-01
9.945937596540006531e-01
9.868328897604705663e-01
9.890733645522917783e-01
9.876366120218578182e-01
9.873454127121080726e-01
9.931773879142300476e-01
9.950388265746332728e-01
9.933333333333334014e-01
9.826536822884966993e-01
9.806097716545478793e-01
9.885274665946821582e-01
9.715849452691557309e-01
9.872060857538036416e-01
9.825498007968127556e-01
9.899859675979079121e-01
9.833933573429372021e-01
9.881509862352774176e-01
9.763905562224890478e-01
9.968354430379746667e-01
9.879351265822784445e-01
9.934446505875077493e-01
9.928465379943312019e-01
9.860310421286031524e-01
9.880080787679879073e-01
9.807666351734376509e-01
9.862294583079733723e-01
9.643845089903180234e-01
9.817596566523605350e-01
9.878947368421051589e-01
9.930489944661898827e-01
9.863818090954522555e-01
9.881509862352775286e-01
9.694092827004219259e-01
9.928025191183085241e-01
9.880464480874318056e-01
9.817596566523605350e-01
9.908472479901050400e-01
9.872615712951846589e-01
9.835346563129134800e-01
9.827185792349726334e-01
9.880090818788135332e-01
9.884262094304959723e-01
9.855463347164592491e-01
9.802752944515396027e-01
9.959067037380290310e-01
9.810316389263757930e-01
9.835267440309457543e-01
9.490484545822648332e-01
9.681478285878630796e-01
9.896265560165975472e-01
9.984526112185686531e-01
9.933609958506224302e-01
9.925311203319501230e-01
9.868471953578336064e-01
9.755235427504335144e-01
9.888648940477796634e-01
9.814207650273223393e-01
9.835723598435462955e-01
9.915875754961174238e-01
9.927788523533204179e-01
9.821187997550520077e-01
9.844693701466781244e-01
9.885137974506232883e-01
9.880704041720991260e-01
9.612833269549687643e-01
9.933189364286678646e-01
9.758870564717641027e-01
9.844516038660877655e-01
9.797590698977448609e-01
9.845501955671447369e-01
9.906870022945066800e-01
9.953074660316570954e-01
9.746700723712218295e-01
9.655413923518699759e-01
9.866692180125016254e-01
9.930843706777316982e-01
9.922777028040186131e-01
9.955048409405256038e-01
9.909631246967491869e-01
9.811066126855599867e-01
9.636862745098039307e-01
9.832361516034985316e-01
9.937771779877042633e-01
9.940467852640425539e-01
9.679588607594936667e-01
9.821877309682187640e-01
9.909569442569847730e-01
9.916594765602531059e-01
9.967551622418879820e-01
9.773858921161825419e-01
9.883879781420764621e-01
9.867702041990221717e-01
9.806170886075948889e-01
9.863055386488130960e-01
9.803997421018697533e-01
9.947471634682728547e-01
9.885838352710464294e-01
9.674054758800521014e-01
9.689229459344401718e-01
9.957627118644067910e-01
9.895786474733843097e-01
9.798991455385908100e-01
9.887431162941366924e-01
9.761237828464719435e-01
9.968654128317994134e-01
9.642461964038727684e-01
9.827109266943292454e-01
9.947359896339487140e-01
9.836809990066694986e-01
9.895485466914037964e-01
9.911669890393295379e-01
9.802069275753486632e-01
9.961315280464215771e-01
9.892536919831222963e-01
9.814065077222970945e-01
9.736943907156674349e-01
9.785405071119357423e-01
9.896625316793384863e-01
9.744361955455945745e-01
9.678571428571428603e-01
9.833090379008746496e-01
9.801792968202829304e-01
9.866528354080220664e-01
9.871050934880721828e-01
9.854255970606247139e-01
9.804473524041388277e-01
9.850182210824672824e-01
9.865882352941175437e-01
9.747200263504611772e-01
9.728142076502731550e-01
9.913254241612450279e-01
9.542671259089170466e-01
9.777106701179176795e-01
9.799157758341431324e-01
9.930659670164917463e-01
9.839935974389757423e-01
9.935433517808996973e-01
9.795918367346938549e-01
9.733432312052909818e-01
9.790779062690201373e-01
9.725417439703153422e-01
9.713871308016877038e-01
9.836748633879781600e-01
9.821403557921277727e-01
9.678526404258298577e-01
9.787568306010929753e-01
9.787915166066426531e-01
9.770408163265306145e-01
9.907296251834067924e-01
9.853051431998800513e-01
9.833333333333333925e-01
9.830508474576271638e-01
9.927401915353721851e-01
9.774372073222648005e-01
9.746489283074649679e-01
9.579607843137254442e-01
9.853409281286646948e-01
9.855257556406982200e-01
9.785734828875467528e-01
9.885944092827003704e-01
9.921041975975165572e-01
9.775273316237009791e-01
9.869986168741355925e-01
9.794844108516668202e-01
9.883961566888396222e-01
9.642523676137121358e-01
9.902008422416586075e-01
9.739505247376311070e-01
9.603650586701434344e-01
9.815124771758978461e-01
9.898774983881366563e-01
9.950973525703880052e-01
9.862227324913892534e-01
9.902489626556016944e-01
9.874827109266943737e-01
9.897422054258334656e-01
9.957123098201936529e-01
9.659153005464481412e-01
9.919692266162773997e-01
9.716553287981859466e-01
9.700680272108843649e-01
9.842842716485736831e-01
9.842431434599155926e-01
9.842565597667638500e-01
9.945098039215686248e-01
9.945652173913043237e-01
9.781341107871719398e-01
9.852005532503457230e-01
9.875395569620253333e-01
9.911342894393742053e-01
9.801173402868319506e-01
9.786839666357738388e-01
9.931535269709543812e-01
9.858156028368794122e-01
9.729824561403509486e-01
9.788562508869022016e-01
9.777322404371584508e-01
9.882082254817371458e-01
9.839686947740469147e-01
9.746615087040618741e-01
9.778647590767984843e-01
9.783432147562581838e-01
9.881509862352774176e-01
9.864745011086473170e-01
9.898305084745762095e-01
9.733384360250032508e-01
9.879098360655738098e-01
9.864825999424791103e-01
9.777106701179177906e-01
9.751653394520177764e-01
9.923872875092387691e-01
9.719989794616660239e-01
9.895048041389504778e-01
9.904214559386972372e-01
9.897281433426012853e-01
9.937442075996292257e-01
9.829268292682926678e-01
9.879781420765026967e-01
9.882836275106512414e-01
9.853321829163070866e-01
9.753466872110940766e-01
9.943947779196821157e-01
9.873417721518986667e-01
9.945499081445192679e-01
9.882434301521438869e-01
9.824344023323614561e-01
9.810196078431372424e-01
9.749538810841492653e-01
9.802478134110786945e-01
9.812549019607842427e-01
9.850857065730868056e-01
9.707112970711296862e-01
9.919567510548523703e-01
9.778357235984355134e-01
9.837463556851312463e-01
9.858435248785391014e-01
9.824630801687763704e-01
9.920533560380303539e-01
9.951308581862448044e-01
9.842572062084257167e-01
9.837450199203187085e-01
9.960778820563104263e-01
9.840248962655602227e-01
9.813098548038305946e-01
9.917967186874749874e-01
9.872995600964949992e-01
9.798641436196020571e-01
9.825945241199478541e-01
9.809800128949065501e-01
9.892857142857142128e-01
9.756097560975609539e-01
9.853976531942634232e-01
9.785519125683059816e-01
9.915254237288135819e-01
9.539161392405063333e-01
9.874635568513119299e-01
9.925970388155260782e-01
9.815214265171126051e-01
9.968363531780271014e-01
9.795518963422864545e-01
9.915966386554622147e-01
9.891304347826086474e-01
9.719260359022809936e-01
9.816314289998500087e-01
9.933609958506224302e-01
9.748542274052478529e-01
9.766551856104095375e-01
9.890998162890386469e-01
9.805670816044260718e-01
9.902020820575627713e-01
9.855275443510738143e-01
9.899338510209951814e-01
9.972653362897265783e-01
9.845319080012957524e-01
9.932753164556962222e-01
9.892698069914968029e-01
9.770470664087684831e-01
9.930758017492711254e-01
9.939690648502909065e-01
9.822366388631449396e-01
9.907851552638222703e-01
9.806991496828182386e-01
9.922662125727259586e-01
9.948872391091189149e-01
9.951308581862448044e-01
9.920765027322404617e-01
9.840379008746356071e-01
9.828835582208895749e-01
9.849957374254049158e-01
9.687693259121831213e-01
9.871314342828585442e-01
9.904404008438818519e-01
9.769401330376941139e-01
9.829265039349073252e-01
9.857240437158469870e-01
9.734843845682793484e-01
9.664597111621001657e-01
9.771676705420928588e-01
9.792832480057149791e-01
9.875833688094224350e-01
9.863771817794806385e-01
9.911885245901639330e-01
9.927790525037117897e-01
9.905303030303029832e-01
9.976415094339623479e-01
9.882575246322041762e-01
9.742236778262979291e-01
9.902171168896742870e-01
9.830588235294117627e-01
9.801229508196721563e-01
9.894190871369293871e-01
9.885766993046686268e-01
9.848017929682029159e-01
9.834600506869414227e-01
9.606799704360680092e-01
9.962611446649410896e-01
9.902627717753768044e-01
9.800624379168441092e-01
9.851519820703179553e-01
9.865098039215686176e-01
9.907550077041602510e-01
9.893957583033212710e-01
9.926336375488917785e-01
9.829204693611472976e-01
9.906629318394023498e-01
9.842242503259451825e-01
9.920908829450675315e-01
9.922999242615500037e-01
9.833116036505866742e-01
9.866227762992016981e-01
9.864442778610694740e-01
9.903917220990392511e-01
9.737358173413642737e-01
9.936475409836065253e-01
9.759452411994784526e-01
9.846907532149418163e-01
9.930327868852459883e-01
9.873931923238548070e-01
9.745062333660177156e-01
9.871369294605809586e-01
9.822268326417704642e-01
9.885274665946821582e-01
9.864071038251366330e-01
9.813278008298754740e-01
9.709219858156028504e-01
9.893442622950819887e-01
9.945938818565400741e-01
9.776799505715169092e-01
9.806147667593451134e-01
9.929300291545188895e-01
9.649193010537548965e-01
9.795280235988199635e-01
9.885954381752701803e-01
9.819502074688797322e-01
9.985007496251874226e-01
9.916666666666666963e-01
9.818167985392575181e-01
9.836100468284376674e-01
9.679300291545189783e-01
9.763363754889178292e-01
9.950333475237689296e-01
9.831632653061224136e-01
9.751376741172659290e-01
9.873127277635308507e-01
9.921301854074964233e-01
9.918751797526603742e-01
9.817591204397800864e-01
9.938588203536239396e-01
9.948254556688291839e-01
9.769916594765601925e-01
9.831076724693745827e-01
9.928077455048409661e-01
9.955654101995565775e-01
9.809138640556265276e-01
9.897959183673470385e-01
9.956431535269709698e-01
9.816593303988261354e-01
9.892726719415703140e-01
9.863679308948576363e-01
9.761237828464719435e-01
9.799475262368815276e-01
9.892148403796375833e-01
9.697404371584699145e-01
9.811257836467920379e-01
9.893089960886571887e-01
9.835666463785758262e-01
9.943828529194382870e-01
9.880464480874316946e-01
9.866316841579211294e-01
9.975486762851939471e-01
9.695211417900493345e-01
9.934301521438451132e-01
9.892141756548535891e-01
9.909735654416506057e-01
9.756968763132091160e-01
9.881355932203389481e-01
9.916654993696596421e-01
9.723404255319147982e-01
9.719917012448132665e-01
9.834600506869414227e-01
9.851883807880357224e-01
9.835382513661202752e-01
9.922183952034697718e-01
9.739459308026334750e-01
9.883790673264357673e-01
9.546744036105738740e-01
9.859154929577464976e-01
9.858800773694389452e-01
9.891633466135458796e-01
9.825870646766168282e-01
9.870064967516241072e-01
9.849683544303797778e-01
9.841067120760607079e-01
9.854321333520100756e-01
9.858229598893498702e-01
9.900318311274920458e-01
9.900546294999299501e-01
9.866055482795570430e-01
9.674273858921160762e-01
9.885057471264367956e-01
9.926336375488917785e-01
9.846317711503347336e-01
9.792156862745098334e-01
9.941868609048886141e-01
9.939345991561181481e-01
9.829697665518560834e-01
9.814643188137164298e-01
9.686622320768661920e-01
9.943285528031291509e-01
9.854548034624662778e-01
9.747267759562840972e-01
9.643442622950819665e-01
9.848157646106087126e-01
9.906779661016948957e-01
9.850857065730868056e-01
9.929880478087649287e-01
9.896747199352139424e-01
9.702329594477998587e-01
9.958294717330862245e-01
9.927628778203491100e-01
9.955112598904443111e-01
9.862024500322372766e-01
9.729866195405201257e-01
9.953551912568305848e-01
9.895700297999148187e-01
9.897485493230173681e-01
9.848871860366112951e-01
9.899247906910741968e-01
9.927790525037116787e-01
9.915954615492366120e-01
9.832609609188961430e-01
9.887834339948231577e-01
9.835934373749499748e-01
9.818810511756570492e-01
9.862725871970863256e-01
9.876078431372549149e-01
9.907762168298566152e-01
9.865182436611007466e-01
9.857235984354628666e-01
9.857761286332713535e-01
9.836100468284376674e-01
9.815964523281597298e-01
9.746929410176812247e-01
9.951899050474762864e-01
9.867182462927143183e-01
9.911372549019608069e-01
9.771115409413282382e-01
9.809411764705882053e-01
9.810495626822157700e-01
9.886789623631728752e-01
9.871695680206318269e-01
9.845032668788742392e-01
9.904695783892956129e-01
9.885057471264367956e-01
9.748706577974870502e-01
9.855300644774328545e-01
9.890651285748617294e-01
9.827237144014037140e-01
9.918032786885245811e-01
9.796008869179601009e-01
9.754087552742616296e-01
9.820760799484204995e-01
9.881835032437442656e-01
9.872615712951847700e-01
9.877049180327868161e-01
9.884353741496598733e-01
9.796351824087956572e-01
9.890039840637450119e-01
9.677113702623906244e-01
9.926829268292683972e-01
9.843433661762721609e-01
9.895036737142000050e-01
9.854868340477649369e-01
9.915742793791574305e-01
9.916311625076080771e-01
9.889314601958278939e-01
9.944508228090317425e-01
9.819528329019269197e-01
9.808060109289618023e-01
9.861516034985422507e-01
9.910225197808886222e-01
9.784046430017545593e-01
9.811976727685539634e-01
9.894514767932489629e-01
9.716459197786998514e-01
9.908446163765312065e-01
9.866618075801749654e-01
9.802942367391010992e-01
9.849413298565841135e-01
9.872135994087213318e-01
9.730353375527426296e-01
9.778425655976675790e-01
9.981992797118848237e-01
9.877252731658862084e-01
9.902647429611990404e-01
9.936265583415044844e-01
9.891218354430380000e-01
9.817784256559766165e-01
9.844945355191256908e-01
9.866362451108213749e-01
9.895772594752185736e-01
9.858490566037736436e-01
9.696793002915451432e-01
9.939603106125970422e-01
9.846387130801688148e-01
9.946768630979156978e-01
9.874135546334716906e-01
9.853164942178941343e-01
9.775243430705615744e-01
9.686466625842007350e-01
9.919354838709677491e-01
9.802478134110788055e-01
9.827264239028943305e-01
9.746615087040619851e-01
9.741530570927250388e-01
9.860933730665530916e-01
9.966804979253112151e-01
9.838938555413651033e-01
9.877049180327868161e-01
9.893089960886571887e-01
9.948979591836734082e-01
9.943870391631586259e-01
9.880077369439070889e-01
9.896957123098201192e-01
9.848396501457725716e-01
9.926694329183956000e-01
9.834905660377358805e-01
9.873633879781420486e-01
9.738011695906433340e-01
9.853142076502732216e-01
9.775628626692456358e-01
9.807395993836671710e-01
9.845643576986861101e-01
9.811224489795918879e-01
9.978486055776892849e-01
9.871794871794872250e-01
9.813227189222289981e-01
9.937492027044265708e-01
9.804429105550761525e-01
9.907544877851262033e-01
9.715743440233235440e-01
9.695986541696707262e-01
9.576081223628691852e-01
9.861777328957332944e-01
9.718319852419468052e-01
9.877049180327868161e-01
9.700104963262858870e-01
9.785247432306255488e-01
9.832609609188961430e-01
9.869753003104332345e-01
9.836268149521161241e-01
9.847993270848354186e-01
9.851002109704640741e-01
9.900912646675359419e-01
9.923302654395091960e-01
9.869947979191676657e-01
9.881355932203390591e-01
9.842565597667638500e-01
9.847053531264058357e-01
9.745838956365272532e-01
9.774983881366859917e-01
9.944714357513821934e-01
9.900362318840578713e-01
9.934810951760104647e-01
9.920470262793914529e-01
9.820703179717047426e-01
9.862865161372624812e-01
9.919114516815665805e-01
9.862669245647969207e-01
9.868143459915611482e-01
9.836065573770491621e-01
9.843750000000000000e-01
9.835390946502058362e-01
9.922635720955048644e-01
9.877043034937771360e-01
9.705601092896174453e-01
9.775828460038986645e-01
9.748564224681328660e-01
9.782886334610473300e-01
9.901856360316494410e-01
9.921616656460502393e-01
9.860232067510548148e-01
9.864071671300587152e-01
9.853386454183268306e-01
9.873533246414603060e-01
9.872340425531915820e-01
9.807040417209909045e-01
9.876033057851240082e-01
9.916007905138339851e-01
9.763362673810436210e-01
9.854548034624663888e-01
9.802819013345329680e-01
9.763921568627450531e-01
9.915629322268326717e-01
9.785714285714284255e-01
9.860557768924302913e-01
9.616441779110443955e-01
9.818928788800974639e-01
9.924302788844621137e-01
9.921995675007723170e-01
9.907546226886556617e-01
9.924636521275176371e-01
9.813234384662956611e-01
9.719647822057461140e-01
9.891424619640386551e-01
9.806866952789698999e-01
9.904371584699454001e-01
9.781777426160337408e-01
9.755214985100043590e-01
9.838205897051474080e-01
9.796281645569620000e-01
9.645286686103012874e-01
9.810197506653592914e-01
9.862024500322372766e-01
9.774598461330813448e-01
9.933810103469263852e-01
9.840540885317005104e-01
9.951644100580270269e-01
9.851273842870481579e-01
9.854298523206750371e-01
9.827050997782704744e-01
9.885245901639343469e-01
9.766774057991315372e-01
9.671412136899626422e-01
9.914264597191426720e-01
9.825136612021858618e-01
9.874616513271975426e-01
9.824748119767277021e-01
9.829905063291139999e-01
9.945165276490578465e-01
9.666666666666667851e-01
9.926002766251729170e-01
9.760532150776053406e-01
9.858621560212066370e-01
9.643442622950819665e-01
9.740437158469945622e-01
9.881314668289713499e-01
9.914790018259282967e-01
9.883381924198250124e-01
9.821163449858281158e-01
9.932203389830508433e-01
9.863528481012657778e-01
9.744904845458226550e-01
9.745098039215686070e-01
9.884562841530054600e-01
9.883196721311475752e-01
9.918581166372127944e-01
9.783514264074728572e-01
9.854447776111944224e-01
9.950547778454048586e-01
9.890179247664730999e-01
9.805591031644672606e-01
9.897811181434599259e-01
9.820812715549557259e-01
9.902643455834945208e-01
9.857893110905159295e-01
9.972611077297626192e-01
9.939767474436196348e-01
9.824641460234680990e-01
9.754352814144959805e-01
9.732923497267759183e-01
9.814399775878974719e-01
9.893569844789357193e-01
9.941760138050041995e-01
9.682745825602969703e-01
9.946421737466513147e-01
9.943232555172853981e-01
9.894308943089430430e-01
9.831485587583148611e-01
9.898785425101214175e-01
9.870121308016877038e-01
9.782176812828153878e-01
9.883924956134431117e-01
9.727272727272727737e-01
9.903686694731470563e-01
9.868169398907103984e-01
9.815514993481095907e-01
9.880722114764667330e-01
9.887102946804439130e-01
9.771137026239067325e-01
9.848194922821787989e-01
9.746679023787457874e-01
9.776401564537158251e-01
9.810785864978902593e-01
9.907156673114119183e-01
9.983000739098299992e-01
9.907103825136611697e-01
9.853198400799600964e-01
9.895697522816166991e-01
9.933132010353753483e-01
9.794303797468354444e-01
9.824561403508771384e-01
9.854868340477649369e-01
9.853935450950377373e-01
9.928465379943312019e-01
9.852310022721535443e-01
9.810495626822157700e-01
9.852320675105485925e-01
9.894514767932489629e-01
9.747055996154769808e-01
9.806431663574520785e-01
9.799999999999998712e-01
9.846994535519125735e-01
9.878032700421941481e-01
9.767923133776792444e-01
9.930006086427267675e-01
9.895045632333767660e-01
9.917472598323662236e-01
9.807050092764377780e-01
9.876733436055469273e-01
9.852310022721534333e-01
9.773710225517454608e-01
9.815708101422387921e-01
9.862708719851577266e-01
9.850419084461637942e-01
9.925546448087431139e-01
9.856486796785304261e-01
9.884562841530055710e-01
9.810109289617485739e-01
9.828875467356916751e-01
9.883961566888396222e-01
9.954072259644826115e-01
9.755743499116384942e-01
9.852941176470587648e-01
9.793494398704278847e-01
9.635059760956176111e-01
9.714087351678869497e-01
9.858621560212067481e-01
9.877510651247718432e-01
9.876822157434402838e-01
9.802721088435374375e-01
9.966530054644808789e-01
9.741734071235987891e-01
9.969052224371373061e-01
9.600076540375048761e-01
9.865098039215686176e-01
9.895697522816166991e-01
9.909153005464481634e-01
9.845554056080371153e-01
9.920765027322404617e-01
9.873614190687360903e-01
9.866054343666283977e-01
9.735894357743097860e-01
9.726141078838174137e-01
9.939393939393939004e-01
9.880587875076546345e-01
9.880935705280851078e-01
9.866692180125016254e-01
9.878279883381924087e-01
9.866962305986696213e-01
9.762711864406778961e-01
9.933609958506224302e-01
9.777667984189724049e-01
9.802272073626689952e-01
9.941983122362869629e-01
9.851643335362143539e-01
9.866666666666666918e-01
9.855211123867839706e-01
9.923658775738899429e-01
9.816256830601092220e-01
9.847600904869626692e-01
9.943269365457346742e-01
9.765857811834823821e-01
9.912268862194627550e-01
9.852459016393442237e-01
9.789323736692158162e-01
9.897828863346105344e-01
9.738341580446843171e-01
9.865058670143416197e-01
9.755924506882361902e-01
9.821382007822685445e-01
9.878032700421941481e-01
9.842838433146802180e-01
9.784776571572834092e-01
9.817064027590344244e-01
9.802587701747365045e-01
9.812686249467859056e-01
9.851368970013036908e-01
9.933481152993347552e-01
9.939442231075696910e-01
9.932753164556962222e-01
9.834699453551911663e-01
9.806919987642879200e-01
9.867486338797815115e-01
9.855463347164591381e-01
9.864140834290087145e-01
9.883125864453665699e-01
9.797601199400300942e-01
9.822695035460993207e-01
9.857240437158469870e-01
9.952282157676348717e-01
9.851797862001943074e-01
9.892857142857143238e-01
9.840540885317005104e-01
9.791545189504373692e-01
9.965233432666382729e-01
9.913618572007019125e-01
9.900121473883115586e-01
9.873443983402488966e-01
9.852979957805907407e-01
9.864453665283540174e-01
9.863679308948576363e-01
9.919692266162773997e-01
9.881744271988175399e-01
9.945720777581419370e-01
9.893957583033213821e-01
9.824984539270253947e-01
9.858805165318574870e-01
9.807516737674984997e-01
9.898771764070725121e-01
9.689890710382513817e-01
9.793018226753166244e-01
9.917300253434706558e-01
9.751217285453438466e-01
9.780458860759493334e-01
9.858156028368795232e-01
9.492225801933044105e-01
9.842243124181450087e-01
9.930858806404657679e-01
9.906779661016948957e-01
9.815800532287435320e-01
9.915983606557376984e-01
9.704382470119522486e-01
9.820037105751391326e-01
9.872016105838367084e-01
9.820355191256830985e-01
9.599726775956284319e-01
9.893957583033212710e-01
9.802991084268046773e-01
9.959349593495935293e-01
9.865545010066149034e-01
9.794243877808633814e-01
9.814948329728430121e-01
9.952374282112340653e-01
9.843579234972676950e-01
9.916271097046414074e-01
9.820392156862745026e-01
9.755536381938452184e-01
9.938129863502997985e-01
9.907966637906241436e-01
9.871396895787140080e-01
9.925209542230819526e-01
9.767986377181779867e-01
9.691655801825294070e-01
9.828586853826427605e-01
9.813524590163933414e-01
9.940322116767328353e-01
9.883236556425144537e-01
9.957123098201936529e-01
9.866120218579235157e-01
9.871777567822918042e-01
9.825949367088607778e-01
9.831258644536653435e-01
9.934570906877663310e-01
9.942479148691399926e-01
9.871875788942185981e-01
9.866195405200707258e-01
9.836375488917861176e-01
9.852021941574180541e-01
9.787878787878788733e-01
9.765710382513661525e-01
9.632513661202186661e-01
9.911202185792349351e-01
9.595252586731588540e-01
9.851002109704640741e-01
9.808823529411765385e-01
9.915966386554622147e-01
9.905090595340811932e-01
9.859223980949712862e-01
9.816733067729084272e-01
9.728142076502731550e-01
9.937915742793792528e-01
9.856389886181345927e-01
