9.889272361230946329e-01
9.783365570599612537e-01
9.865889212827988475e-01
9.858921161825725532e-01
9.843815660456646244e-01
9.877593360995849947e-01
9.644908250455246357e-01
9.930034982508745278e-01
9.903178122690317053e-01
9.887295081967212296e-01
9.764672923378624469e-01
9.875124166311904927e-01
9.821405544809800325e-01
9.859792924935288916e-01
9.833985693075989465e-01
9.887895558393642315e-01
9.812390336077744246e-01
9.833333333333333925e-01
9.811969015492253421e-01
9.838983050847457390e-01
9.816940936343921953e-01
9.875518672199169457e-01
9.664813098548038495e-01
9.844752186588920928e-01
9.867702041990222828e-01
9.935390295358650370e-01
9.744036105738232978e-01
9.818840579710144123e-01
9.799217731421121513e-01
9.899482631189948645e-01
9.860304287690179192e-01
9.777365491651205387e-01
9.824344023323615671e-01
9.898035687509372238e-01
9.913043478260870067e-01
9.874173137762438657e-01
9.799396031061260448e-01
9.937531234382809275e-01
9.848600121728544599e-01
9.744121715076071721e-01
9.898626117113511480e-01
9.810358565737051784e-01
9.829809566651671604e-01
9.835600907029479201e-01
9.849470595739251433e-01
9.802478134110788055e-01
9.906772908366534569e-01
9.868605689501211975e-01
9.904033588244114394e-01
9.863529411764706545e-01
9.812338222605694327e-01
9.893617021276596146e-01
9.877284247032146469e-01
9.817055393586006096e-01
9.687359424201529290e-01
9.902745098039216209e-01
9.912047302291205897e-01
9.876330169686511340e-01
9.883790673264357673e-01
9.768950437317783786e-01
9.890027322404372212e-01
9.872099156118143704e-01
9.796647230320699729e-01
9.852320675105485925e-01
9.821403557921277727e-01
9.861147327249022432e-01
9.801749271137026875e-01
9.875060650169820153e-01
9.903585657370518325e-01
9.833860759493671111e-01
9.915983606557376984e-01
9.823493609251369163e-01
9.820078226857889003e-01
9.920886075949366667e-01
9.841590612777053604e-01
9.846938775510204467e-01
9.762571695344803846e-01
9.902933563416738139e-01
9.842083951950331144e-01
9.937176644493718181e-01
9.909387222946545171e-01
9.807395993836671710e-01
9.792819543798083615e-01
9.830746489283075373e-01
9.808573540280858261e-01
9.878134192463930985e-01
9.971988795518207382e-01
9.861049519586104761e-01
9.802043422733077715e-01
9.938524590163934080e-01
9.796367248474527889e-01
9.738341580446844281e-01
9.811976727685540745e-01
9.881636083485081379e-01
9.798424467099166035e-01
9.705729166666666741e-01
9.787139689578714385e-01
9.967562557924003475e-01
9.780737704918033293e-01
9.760928961748633892e-01
9.753795126929455384e-01
9.745898359343737605e-01
9.920857262921978226e-01
9.904033588244115505e-01
9.749784296807593176e-01
9.898175912043978286e-01
9.880077369439070889e-01
9.858093126385809590e-01
9.831611174894756555e-01
9.876311844077960700e-01
9.871366728509586297e-01
9.889323795383991866e-01
9.814105293032496791e-01
9.920081967213114638e-01
9.939690648502909065e-01
9.797913950456322851e-01
9.713797814207650871e-01
9.807373389462941127e-01
9.846303793672215310e-01
9.833384053560559890e-01
9.838813668600902007e-01
9.871102712916722810e-01
9.884615384615385025e-01
9.757052233769740734e-01
9.745098039215686070e-01
9.913554633471646227e-01
9.790701266604880937e-01
9.934301521438451132e-01
9.823319300931241393e-01
9.873633879781421596e-01
9.825136612021857507e-01
9.817789175327303886e-01
9.885766993046686268e-01
9.943989071038250582e-01
9.791473586654310113e-01
9.866528354080221774e-01
9.914723032069969744e-01
9.728862973760933341e-01
9.860210071053444603e-01
9.807516737674983887e-01
9.883879781420764621e-01
9.894242891161226794e-01
9.937418513689699751e-01
9.872881355932203729e-01
9.847569744032211858e-01
9.773280584297017182e-01
9.809312638580931498e-01
9.838247011952192533e-01
9.888648940477797744e-01
9.942350332594234175e-01
9.845554056080371153e-01
9.898785425101215285e-01
9.866928141196245061e-01
9.887102946804440240e-01
9.789764868603043624e-01
9.810299869621903479e-01
9.801825293350716617e-01
9.858156028368794122e-01
9.929300291545188895e-01
9.804973491542540165e-01
9.774590163934426812e-01
9.775956284153005660e-01
9.835666463785758262e-01
9.908250455245832811e-01
9.880935705280851078e-01
9.815214265171124941e-01
9.898538385128423656e-01
9.929245283018868218e-01
9.804719764011798899e-01
9.900776531492665455e-01
9.779997300580375308e-01
9.796448316300887527e-01
9.838056680161942902e-01
9.898538385128423656e-01
9.891633466135458796e-01
9.889016456180634851e-01
9.952375282771759313e-01
9.823971518987342222e-01
9.845702148925536967e-01
9.823337679269883438e-01
9.868318122555411742e-01
9.891134289439373894e-01
9.873282646391889905e-01
9.854628422425032452e-01
9.814065077222973166e-01
9.777562862669244570e-01
9.855617088607595555e-01
9.866609904924081853e-01
9.787143465304384282e-01
9.908487204405571624e-01
9.870689655172413257e-01
9.820062977957715322e-01
9.819302423308586825e-01
9.812763713080168149e-01
9.832464146023467411e-01
9.932742054693273204e-01
9.835087719298245545e-01
9.850606909430439373e-01
9.840059387231745447e-01
9.914602346805736488e-01
9.925091105412335857e-01
9.831843337590464582e-01
9.884551600969511131e-01
9.796071375018743366e-01
9.829261708732622838e-01
9.835382513661201642e-01
9.823337679269882328e-01
9.796189942568988007e-01
9.820703179717047426e-01
9.831751509922348475e-01
9.867947178871547820e-01
9.722838137472283870e-01
9.811267205903221322e-01
9.769874476987447931e-01
9.885290148448042657e-01
9.888581223628691852e-01
9.817371297095196514e-01
9.882619714552488555e-01
9.879400260756192598e-01
9.830340839926962060e-01
9.731800766283524862e-01
9.771115409413282382e-01
9.821910032638001553e-01
9.762295081967212740e-01
9.910519125683059372e-01
9.858095643536257668e-01
9.854321333520100756e-01
9.878618113912230880e-01
9.876033057851238972e-01
9.818090307736555555e-01
9.885200553250346189e-01
9.819927971188475713e-01
9.874926253687315025e-01
9.736123094621800256e-01
9.759452411994785637e-01
9.864843991350015218e-01
9.767634854771785058e-01
9.761237828464719435e-01
9.804841897233201875e-01
9.875151842353894205e-01
9.804852320675105926e-01
9.867330016583747421e-01
9.946045824094604804e-01
9.919604205318490742e-01
9.818809318377912376e-01
9.945355191256830540e-01
9.790096082779008446e-01
9.867628519400475362e-01
9.892698069914968029e-01
9.814207650273223393e-01
9.803921568627451677e-01
9.823123382226056632e-01
9.834262948207170840e-01
9.786975045648205196e-01
9.894514767932489629e-01
9.762793914246196136e-01
9.851368970013036908e-01
9.851273842870481579e-01
9.861338797814207524e-01
9.911025145067697828e-01
9.861111111111111605e-01
9.881509862352774176e-01
9.883311603650586363e-01
9.880086745758388522e-01
9.843971631205673534e-01
9.866227762992015871e-01
9.829059829059829667e-01
9.825098039215686141e-01
9.846281413445592268e-01
9.916909620991253282e-01
9.676870748299319924e-01
9.948254556688291839e-01
9.757669141336321461e-01
9.869140063272936469e-01
9.913346290897311341e-01
9.867450980392157289e-01
9.815071951527392091e-01
9.880618914232359717e-01
9.838806417753787059e-01
9.884562841530054600e-01
9.834548104956267744e-01
9.765971316818774506e-01
9.784232365145227872e-01
9.821138211382114402e-01
9.853128991060025044e-01
9.867827208252739624e-01
9.741560442639024542e-01
9.816719409282700370e-01
9.900912646675358308e-01
9.934164448802353942e-01
9.803894102815520206e-01
9.893571732652193251e-01
9.938654841093865766e-01
9.816247582205028799e-01
9.870677731673582755e-01
9.607142857142857428e-01
9.678803339517626503e-01
9.878618113912231991e-01
9.900709219858155885e-01
9.935522567101513491e-01
9.812614819350888862e-01
9.796680497925311926e-01
9.852320675105485925e-01
9.772165585418597367e-01
9.906195168038871568e-01
9.853259190608588680e-01
9.807498106538753424e-01
9.853935450950376262e-01
9.899535162693058332e-01
9.849223946784922967e-01
9.841409097044134802e-01
9.898340248962654853e-01
9.834520042194092593e-01
9.813699397674744418e-01
9.857538035961271872e-01
9.934864827006584242e-01
9.848364978902953704e-01
9.845089903181190039e-01
9.826417704011065624e-01
9.753086419753085323e-01
9.796940928270041482e-01
9.769230769230768940e-01
9.898007968127490175e-01
9.804664723032070484e-01
9.800115041702617269e-01
9.829204693611472976e-01
9.915983606557376984e-01
9.842211562736683517e-01
9.742629482071712976e-01
9.864825999424791103e-01
9.872452422729112165e-01
9.883250101228235884e-01
9.806388526727508603e-01
9.854508196721312174e-01
9.867219917012448605e-01
9.917209908735332702e-01
9.789358600583090153e-01
9.822312190733244464e-01
9.898584003061615677e-01
9.867296446243815078e-01
9.787143465304384282e-01
9.929536957146964937e-01
9.753466872110938546e-01
9.874984054088532526e-01
9.766393442622951504e-01
9.854957805907172963e-01
9.840354767184036344e-01
9.839794303797468888e-01
9.844050258684404753e-01
9.889212827988338450e-01
9.806755934266585539e-01
9.937158469945354122e-01
9.709519700891572347e-01
9.810444874274661942e-01
9.978540772532189518e-01
9.878542510121457454e-01
9.878671775223498708e-01
9.792828685258962995e-01
9.878048780487804770e-01
9.919567510548523703e-01
9.773835920177383896e-01
9.701039276555540880e-01
9.690233236151603036e-01
9.901106500691563284e-01
9.879206212251940844e-01
9.855465791466800907e-01
9.813422995780591851e-01
9.743609251369446111e-01
9.975762214568184572e-01
9.896174863387978693e-01
9.920470262793914529e-01
9.863070539419087623e-01
9.814207650273224504e-01
9.732633683158421478e-01
9.873813093453273071e-01
9.797131147540982798e-01
9.841632088520054777e-01
9.908950833450063111e-01
9.872995600964949992e-01
9.771865889212827394e-01
9.831334332833583378e-01
9.804615027829313156e-01
9.908083441981747619e-01
9.787172011661808835e-01
9.898445160386608599e-01
9.845216416865106845e-01
9.904924081169291794e-01
9.875989044430919517e-01
9.846153846153847811e-01
9.881225536509650187e-01
9.714249266488071965e-01
9.859445277361320592e-01
9.869440279860071108e-01
9.774598461330812338e-01
9.885682158920540141e-01
9.601668104687949290e-01
9.864005912786401042e-01
9.913892078071182556e-01
9.868046183835657015e-01
9.885919165580182577e-01
9.651998849582974493e-01
9.691655801825292960e-01
9.908685648547599367e-01
9.839794303797468888e-01
9.947433518862089930e-01
9.933864219192873879e-01
9.913298565840938936e-01
9.903347807816220705e-01
9.859329446064140079e-01
9.771899041706032518e-01
9.792065314453374247e-01
9.924863387978142271e-01
9.925941903940178612e-01
9.883817427385891419e-01
9.849402390438246613e-01
9.783527696793001827e-01
9.901293850873682523e-01
9.918395573997234038e-01
9.961964038727524340e-01
9.808796750245132312e-01
9.859572784810126667e-01
9.874884151992585624e-01
9.821200510855683241e-01
9.810495626822157700e-01
9.797626293365794270e-01
9.830601092896175119e-01
9.790584687552353893e-01
9.718103181958603898e-01
9.854906195168039451e-01
9.974457215836526336e-01
9.731091244501205439e-01
9.875092387287508489e-01
9.705205637043428091e-01
9.807053941908713268e-01
9.830985915492957972e-01
9.934640522875817226e-01
9.864354163854771596e-01
9.871777567822918042e-01
9.891653768305750383e-01
9.873906705539359230e-01
9.891348360102578674e-01
9.877201112140870931e-01
9.762793914246196136e-01
9.806356245380635217e-01
9.838709677419354982e-01
9.735342630079473203e-01
9.871584699453551659e-01
9.954475416725031556e-01
9.767616191904048284e-01
9.878271454656117889e-01
9.719029374201788585e-01
9.889161053276178670e-01
9.901376472257699124e-01
9.833384053560559890e-01
9.896857923497267562e-01
9.849239280774551020e-01
9.816187828236021540e-01
9.802448876546326906e-01
9.812586445366527910e-01
9.900398406374502080e-01
9.788485782322454698e-01
9.963797814207649983e-01
9.838865836791147457e-01
9.665188470066519155e-01
9.795081967213115082e-01
9.863387978142076351e-01
9.831258644536653435e-01
9.903495748414090638e-01
9.902216427640155860e-01
9.855686274509802836e-01
9.869902617163724967e-01
9.742205425833445620e-01
9.756957328385900130e-01
9.888658367911480340e-01
9.741120218579234491e-01
9.930843706777316982e-01
9.847058823529410976e-01
9.866692180125016254e-01
9.829446064139941708e-01
9.845458226481306196e-01
9.870273794002607515e-01
9.871369294605809586e-01
9.877561219390303959e-01
9.769181173436491950e-01
9.897119341563785921e-01
9.659810126582278889e-01
9.908894587663652498e-01
9.854231340261843108e-01
9.771241830065359180e-01
9.710133901399877754e-01
9.761600681140910618e-01
9.764638346727899654e-01
9.868795921427500062e-01
9.871939030484757627e-01
9.840286831812256052e-01
9.820355191256830985e-01
9.856276371308017037e-01
9.799446749654219246e-01
9.859571322985956066e-01
9.858610110710950281e-01
9.814814814814815103e-01
9.862527716186253457e-01
9.722303206997084946e-01
9.928571428571428825e-01
9.795765027322403951e-01
9.803780964797914610e-01
9.824641460234679879e-01
9.831961128357403767e-01
9.802215189873417778e-01
9.892141756548537002e-01
9.859251369446135893e-01
9.795800977854473013e-01
9.898804780876494513e-01
9.762941866309264860e-01
9.852310022721535443e-01
9.892787524366473129e-01
9.920474627619288999e-01
9.931885908897403192e-01
9.798839458413927117e-01
9.831286273451208535e-01
9.862725871970863256e-01
9.739071038251366774e-01
9.921716830881360805e-01
9.760104302477184968e-01
9.775112443778111171e-01
9.840379637618635877e-01
9.941328175370729436e-01
9.943301687763712593e-01
9.948950244463619086e-01
9.883196721311475752e-01
9.719945355191256242e-01
9.751366120218578626e-01
9.890393294648613942e-01
9.846033773236838593e-01
9.866618075801748544e-01
9.841590612777053604e-01
9.808905822121680718e-01
9.747232226223823126e-01
9.889548093915677685e-01
9.941041127408685174e-01
9.890679660169915399e-01
9.824630801687763704e-01
9.864827006583555269e-01
9.816233858379452837e-01
9.858316466245982124e-01
9.915667166416791689e-01
9.676561533704390872e-01
9.887939487323155197e-01
9.881005173688099941e-01
9.737021857923496837e-01
9.886621315192744008e-01
9.820116054158606334e-01
9.902171168896742870e-01
9.834010365597423142e-01
9.832249011353489943e-01
9.910600255427841621e-01
9.927790525037116787e-01
9.906849698837372209e-01
9.823319300931241393e-01
9.823355506282335226e-01
9.773415804089876646e-01
9.836065573770491621e-01
9.903288201160541648e-01
9.821334388185654074e-01
9.917833231892879686e-01
9.881924198250728875e-01
9.886603375527426296e-01
9.796890320773217198e-01
9.764672923378624469e-01
9.894125683060109866e-01
9.896670493685418846e-01
9.801817722797272481e-01
9.794789186160526295e-01
9.816703621581671646e-01
9.953436807095343841e-01
9.762055036606918090e-01
9.754996776273372472e-01
9.803921568627451677e-01
9.802904564315352287e-01
9.744169096209912562e-01
9.823957137389973671e-01
9.785015818234109597e-01
9.770574896625316974e-01
9.936470588235293278e-01
9.840305892937472043e-01
9.789156626506024805e-01
9.756258234519104011e-01
9.871369294605809586e-01
9.843546284224249376e-01
9.866264020707506965e-01
9.819920318725099406e-01
9.875697211155378685e-01
9.859038142620232259e-01
9.860624737358172354e-01
9.878487201610582913e-01
9.881062712388013480e-01
9.854508196721312174e-01
9.933097702600354184e-01
9.854550907182486608e-01
9.828586853826426495e-01
9.713871308016878148e-01
9.928465379943312019e-01
9.871695680206318269e-01
9.721782700421941481e-01
9.854803830707444812e-01
9.798320587794271397e-01
9.894248326232500945e-01
9.918906394810008686e-01
9.932377049180327599e-01
9.849154253976268869e-01
9.790151805077178526e-01
9.896747199352138313e-01
9.874173137762438657e-01
9.877732240437158140e-01
9.888639865527384387e-01
9.816060126582278889e-01
9.820966350301985059e-01
9.865703873667160950e-01
9.833524684270952276e-01
9.748119767276854919e-01
9.852005532503457230e-01
9.799691833590138401e-01
9.778019768805494838e-01
9.882558720639680327e-01
9.810109289617485739e-01
9.916291854072962764e-01
9.866378728573357293e-01
9.883040935672514626e-01
9.828695114409400357e-01
9.876501552166283560e-01
9.885954381752700693e-01
9.834016393442623905e-01
9.802371541501976315e-01
9.934570031636468235e-01
9.858921161825725532e-01
9.909620991253643707e-01
9.836099585062240136e-01
9.862725871970864366e-01
9.808309037900875271e-01
9.855722089928562468e-01
9.816044260027663171e-01
9.887834339948231577e-01
9.823493609251370273e-01
9.884498863923252276e-01
9.858921161825726642e-01
9.885677308024158894e-01
9.758401943582128979e-01
9.892842134752766192e-01
9.877433814259700684e-01
9.883125864453665699e-01
9.916291854072964984e-01
9.811976727685539634e-01
9.847745750184773161e-01
9.800917802672425294e-01
9.812549019607842427e-01
9.894242891161226794e-01
9.842414904048186752e-01
9.878787878787879118e-01
9.794616660288301135e-01
9.792300669507000288e-01
9.949515905947441397e-01
9.950517318938372213e-01
9.983803482251315531e-01
9.902426160337552963e-01
9.584548104956267522e-01
9.782182378484381990e-01
9.808328230251071034e-01
9.819356540084387408e-01
9.887239109118923786e-01
9.867219917012448605e-01
9.722923504165614794e-01
9.916985951468709759e-01
9.737895158063224477e-01
9.720448417766425209e-01
9.901051329622758690e-01
9.841530054644809233e-01
9.800128949065118888e-01
9.835390946502058362e-01
9.892703862660945369e-01
9.853976531942633121e-01
9.904371584699452891e-01
9.947441217150760906e-01
9.829005250461189114e-01
9.901471183695504941e-01
9.719260359022809936e-01
9.813411078717200198e-01
9.851709947495388420e-01
9.791839557399724114e-01
9.917695473251029181e-01
9.933728856349406389e-01
9.794963080168777037e-01
9.908359704641349630e-01
9.894190871369294982e-01
9.751667376188449810e-01
9.915003695491501068e-01
9.878745752239728173e-01
9.911919040479759690e-01
9.787172850158183390e-01
9.826666666666666883e-01
9.787688800227984931e-01
