9.767040552200172421e-01
9.818181818181818121e-01
9.685860058309038179e-01
9.784232365145227872e-01
9.768174814399777084e-01
9.470954356846472688e-01
9.897044403978147997e-01
9.897551224387806101e-01
9.489283074648928729e-01
9.561475409836064365e-01
9.606387449222580921e-01
9.910600255427841621e-01
9.752417794970986709e-01
9.714552775381075644e-01
9.706438115805102740e-01
9.807010075209308120e-01
9.916317991631800055e-01
9.688524590163933858e-01
9.795102448775612203e-01
9.564537157757497798e-01
9.640898073733894513e-01
9.789073305670815683e-01
9.480228606734630858e-01
9.258017492711370089e-01
9.628271498418176089e-01
9.972969409282700370e-01
9.629271437782076504e-01
9.592078960519740960e-01
9.792046936114733313e-01
9.816703621581669426e-01
9.673582295988935043e-01
9.513914656771800260e-01
9.961370262390670804e-01
9.926525715999400257e-01
9.883205456095481845e-01
9.708081679608857595e-01
9.724618924360080019e-01
9.697026486756621377e-01
9.858490566037736436e-01
9.773167358229599699e-01
9.984660530879018170e-01
9.919521912350597326e-01
9.903283850652271347e-01
9.467930029154518756e-01
9.709146574818217079e-01
9.988338192419825567e-01
9.897211155378486946e-01
9.682995280010204819e-01
9.566651671914829791e-01
9.590588235294118524e-01
9.808743169398906891e-01
9.793681495809154480e-01
9.911297852474322267e-01
9.620262390670554220e-01
9.748088169140800563e-01
9.741960784313725696e-01
9.583887657058389742e-01
9.887115329306873646e-01
9.955765482081271323e-01
9.451166180758017177e-01
9.786885245901639774e-01
9.635416666666666297e-01
9.693148688046647754e-01
9.808808016877637037e-01
9.839613391231264439e-01
9.712516297262059339e-01
9.718658892128279048e-01
9.807738961669092426e-01
9.703585657370517037e-01
9.844409282700421482e-01
9.463797814207650649e-01
9.911746804625685137e-01
9.847457627118644252e-01
9.768591772151898889e-01
9.691003911342894739e-01
9.565597667638484625e-01
9.827931172468987731e-01
9.770635605406959856e-01
9.808341206640571741e-01
9.854397634885438961e-01
9.822685788787484107e-01
9.569967782602604167e-01
9.723309488459981331e-01
9.947524020694752389e-01
9.674796747967479016e-01
9.741560442639025652e-01
9.797252234227024070e-01
9.940872135994086589e-01
9.507591883070809491e-01
9.944672131147540561e-01
9.814105293032495680e-01
9.787074523916629021e-01
9.852419469277706732e-01
9.368258859784284187e-01
9.765214704973741444e-01
9.738715277777778567e-01
9.779748706577974238e-01
9.929718875502008268e-01
9.963114754098360004e-01
9.508196721311474864e-01
9.709784411276949356e-01
9.881285847672401923e-01
9.863426250175094667e-01
9.819313240365872275e-01
9.738280126545872939e-01
9.756996501749125583e-01
9.811734364925853713e-01
9.679970436067997230e-01
9.757622145681847936e-01
9.770739630184908098e-01
9.703153988868274960e-01
9.709812390336077792e-01
9.747410245494536607e-01
9.646174863387977361e-01
9.665105718745565788e-01
9.924380704041720902e-01
9.544398907103824881e-01
9.526725347620870199e-01
9.997001049632627812e-01
9.793822276323798093e-01
9.778852353320437452e-01
9.779322445674180075e-01
9.635593220338982690e-01
9.774598461330813448e-01
9.877647058823528781e-01
9.977869986168741434e-01
9.940531356194006740e-01
9.959197786998617019e-01
9.627503508100523355e-01
9.890710382513661081e-01
9.843579234972676950e-01
9.637602915373194579e-01
9.359301830566197911e-01
9.904371584699454001e-01
9.932035835650293576e-01
9.847856154910097359e-01
9.921282798833819250e-01
9.543731778425655898e-01
9.829317269076305319e-01
9.693396226415095240e-01
9.974726775956284097e-01
9.558761731334921574e-01
9.654498044328552186e-01
9.795958279009127079e-01
9.587287891860799549e-01
9.698721850273890333e-01
9.890613451589060912e-01
9.603984063745020228e-01
9.846807936293697772e-01
9.759053954175904710e-01
9.811815864447444024e-01
9.481181586444743514e-01
9.721249474716346928e-01
9.755070799846918828e-01
9.448132780082988402e-01
9.654498044328553297e-01
9.368318122555411298e-01
9.947130883301096294e-01
9.623177842565597828e-01
9.945720777581418259e-01
9.504781420765027189e-01
9.446038251366120075e-01
9.949786975045648019e-01
9.863426250175094667e-01
9.740860064434795351e-01
9.651279838941617673e-01
9.861643252447850339e-01
9.704047474132684314e-01
9.876696165191740651e-01
9.934570031636468235e-01
9.717235794304224239e-01
9.523370748869156577e-01
9.568900884690358932e-01
9.669362849439477881e-01
9.889243027888445781e-01
9.679168261257813377e-01
9.859507084176688529e-01
9.905063291139240000e-01
9.725137431284358591e-01
9.934810951760104647e-01
9.713168187744458670e-01
9.810951760104302810e-01
9.743897559023608768e-01
9.668839634941329697e-01
9.729344729344728826e-01
9.614442295293359475e-01
9.821993670886075556e-01
9.484177664254291873e-01
9.873705122747268303e-01
9.915775834143181200e-01
9.725762118940529666e-01
9.886039886039886815e-01
9.769575570808236575e-01
9.570147679324894074e-01
9.792046936114732203e-01
9.946784922394678041e-01
9.933333333333332904e-01
9.597839135654260279e-01
9.603860170063436286e-01
9.794654498044329527e-01
9.875826697260088327e-01
9.798495813821483935e-01
9.828421992601097390e-01
9.699355225671015823e-01
9.808341206640571741e-01
9.780054644808743314e-01
9.841590612777052494e-01
9.693934724751365195e-01
9.963580333380024356e-01
9.683635317802703479e-01
9.731892757102841296e-01
9.860310421286031524e-01
9.817652901944089461e-01
9.923741395599946502e-01
9.797570850202428350e-01
9.833860759493671111e-01
9.675726200747771788e-01
9.851940776310523784e-01
9.775749674054758920e-01
9.631771150334753617e-01
9.566482191003262692e-01
9.555770470664087801e-01
9.843905207889881437e-01
9.918032786885245811e-01
9.872950819672131617e-01
9.738895984106711312e-01
9.889340243731614688e-01
9.609843937575031081e-01
9.853620955315870455e-01
9.615329306873742210e-01
9.509681881051176289e-01
9.747899159663865332e-01
9.624188790560471718e-01
9.503163646821972677e-01
9.975880052151238075e-01
9.649366697559469408e-01
9.847856154910097359e-01
9.778578097905830102e-01
9.823781291172596353e-01
9.941287623161020326e-01
9.936049578059071852e-01
9.854573287409108540e-01
9.784922394678491342e-01
9.849721706864564830e-01
9.747627264883519382e-01
9.795765027322405061e-01
9.645971914264597213e-01
9.675724891441378483e-01
9.797543528141450242e-01
9.733606557377049162e-01
9.755235427504336254e-01
9.641213689962611078e-01
9.753784860557769276e-01
9.742087644552648307e-01
9.672336497890294815e-01
9.615491009681881307e-01
9.824641460234679879e-01
9.764572495664932683e-01
9.702185792349726778e-01
9.764667956157317974e-01
9.750727802037845171e-01
9.841067120760607079e-01
9.904823989569752074e-01
9.719989794616661349e-01
9.990328820116054498e-01
9.837512256618574646e-01
9.837306942570100965e-01
9.967843137254901453e-01
9.774205893608878259e-01
9.814868804664722557e-01
9.616132167152575683e-01
9.699567500772319217e-01
9.649110519680628162e-01
9.536957146965775456e-01
9.946550048590865334e-01
9.704313725490195663e-01
9.946983085079525999e-01
9.749899959983994169e-01
9.607887239466186280e-01
9.762295081967212740e-01
9.873177842565596940e-01
9.631029986962189593e-01
9.828492392807746114e-01
9.761271249076127754e-01
9.932595430679722615e-01
9.729851708575112390e-01
9.687631320913293598e-01
9.664425105485232592e-01
9.874185136897001280e-01
9.510435635243031927e-01
9.862725871970864366e-01
9.824748119767277021e-01
9.811529933481153432e-01
9.900064474532559444e-01
9.665283540802213080e-01
9.927842565597667646e-01
9.859693877551021224e-01
9.926637321595305208e-01
9.891682785299806824e-01
9.883040935672513516e-01
9.808328230251071034e-01
9.734439834024896099e-01
9.640690928270041482e-01
9.662496138399753187e-01
9.667971386151976709e-01
9.719647822057460029e-01
9.907220398889169388e-01
9.644725092486285956e-01
9.873294346978558345e-01
9.878048780487805880e-01
9.768524767175057466e-01
9.749654218533887473e-01
9.804193037974683334e-01
9.439697436615772652e-01
9.634854771784232552e-01
9.901246673203529802e-01
9.883306962025316666e-01
9.625864453665282650e-01
9.766251728907330287e-01
9.623243933588760957e-01
9.887262658227848888e-01
9.779009126466753354e-01
9.959362549800796494e-01
9.926384839650145286e-01
9.716709807305148328e-01
9.857887874837026887e-01
9.758196721311475086e-01
9.828326180257510591e-01
9.643027888446216167e-01
9.549899338510209335e-01
9.796868673235255010e-01
9.854231340261844219e-01
9.636897001303781352e-01
9.810109289617485739e-01
9.912171507607192567e-01
9.854628422425032452e-01
9.685131195335276999e-01
9.607887239466187390e-01
9.810562571756601402e-01
9.797570850202429460e-01
9.483468142471973561e-01
9.289617486338798136e-01
9.824205070738198931e-01
9.712335757111876244e-01
9.757513661202186217e-01
9.719804852320674815e-01
9.562453806356245867e-01
9.893196202531645556e-01
9.553584626755358133e-01
9.766034985422741288e-01
9.749695678636640661e-01
9.905054644808742870e-01
9.969801553062985766e-01
9.894261766602192587e-01
9.573971219389042497e-01
9.904783325835956331e-01
9.837519511849013298e-01
9.670916334661354696e-01
9.648189209164818037e-01
9.761998945147679629e-01
9.942350332594234175e-01
9.617357268187338715e-01
9.884839650145772483e-01
9.910788381742737796e-01
9.582254817371296252e-01
9.800555415299166961e-01
9.628823839662447037e-01
9.885879488740110244e-01
9.867330016583748531e-01
9.777322404371584508e-01
9.721991701244813155e-01
9.871369294605809586e-01
9.793715846994536234e-01
9.650174912543728611e-01
9.664542728635681090e-01
9.452868852459015425e-01
9.946749654218534076e-01
9.759770275949012364e-01
9.838229033631332721e-01
9.590379008746355849e-01
9.906921539230384433e-01
9.744318181818181213e-01
9.732073011734028167e-01
9.801020408163265696e-01
9.429892141756548440e-01
9.745062333660177156e-01
9.667943805874840146e-01
9.618076688983566713e-01
9.828552803129074755e-01
9.771224186799838396e-01
9.675979078964154212e-01
9.815717141429285419e-01
9.800099950024987461e-01
9.910244297476041853e-01
9.843203398300849338e-01
9.590882945067586984e-01
9.866962305986696213e-01
9.882638091593315410e-01
9.742840005997900343e-01
9.720338983050847981e-01
9.855478861087143549e-01
9.737940026075618816e-01
9.718866839229221011e-01
9.932093881856540740e-01
9.665429808286950530e-01
9.745579700364421782e-01
9.768578878748370720e-01
9.665919596582154272e-01
9.809766763848395410e-01
9.833985693075988355e-01
9.778670748820001979e-01
9.845628415300545777e-01
9.775668679896463154e-01
9.615491009681881307e-01
9.698007968127489997e-01
9.730320699708455701e-01
9.832599706549287610e-01
9.527662517289072763e-01
9.952282157676348717e-01
9.745762711864407457e-01
9.719145569620253333e-01
9.679487179487180626e-01
9.848162338583794639e-01
9.863702623906706046e-01
9.821211199026171901e-01
9.801912568306010431e-01
9.781370413804657549e-01
9.660951498300895945e-01
9.640977189904170741e-01
9.654462892010784447e-01
9.787852987086703704e-01
9.842572062084257167e-01
9.603825136612023083e-01
9.689488243430152137e-01
9.925903245560319110e-01
9.941976790716287038e-01
9.952085301660142935e-01
9.815764610608719298e-01
9.803548041433503002e-01
9.836005830903790104e-01
9.823862869483060978e-01
9.759036144578313587e-01
9.852005532503458340e-01
9.959349593495934183e-01
9.492509110541234030e-01
9.835807467386413760e-01
9.698087431693989124e-01
9.796189942568986897e-01
9.818215892053973048e-01
9.662964090079124713e-01
9.744572158365261139e-01
9.913655848132272297e-01
9.971619128707250868e-01
9.691874619598296325e-01
9.930327868852458773e-01
9.850622406639003570e-01
9.825455668829162770e-01
9.715980812926028332e-01
9.596127247579530062e-01
9.833466135458167612e-01
9.637204090208713048e-01
9.844945355191256908e-01
9.728215767634854627e-01
9.802660753880265698e-01
9.961173425366695033e-01
9.806693989071038065e-01
9.784232365145227872e-01
9.823188014576866856e-01
9.608865710560626772e-01
9.906666666666666954e-01
9.851643335362143539e-01
9.781347010392764663e-01
9.559678416821273395e-01
9.789073305670815683e-01
9.829918032786885140e-01
9.944674965421853585e-01
9.819607843137254655e-01
9.661946676872050777e-01
9.601311953352769102e-01
9.638277770279389811e-01
9.608865710560625661e-01
9.733748271092670379e-01
9.728260869565217295e-01
9.691811734364925712e-01
9.572158365261812518e-01
9.827927215189873333e-01
9.641652044810365974e-01
9.872452422729112165e-01
9.274376417233560765e-01
9.781649421789410104e-01
9.953881084149283076e-01
9.738487051919888504e-01
9.872544609386714187e-01
9.924412793603198946e-01
9.924380704041720902e-01
9.728142076502732660e-01
9.849024261603375185e-01
9.946749654218534076e-01
9.702882483370288691e-01
9.950646925436841261e-01
9.907052646516247840e-01
9.992609016999260962e-01
9.735422740524781737e-01
9.564139941690961155e-01
9.808743169398906891e-01
9.793350717079530865e-01
9.482398956975227611e-01
9.732757457146713476e-01
9.716508438818565185e-01
9.825605827146659532e-01
9.910986001217285679e-01
9.872735116479725015e-01
9.956175298804781360e-01
9.551851231362037398e-01
9.708406967937389664e-01
9.885290148448043768e-01
9.910376167634435962e-01
9.899957428693060280e-01
9.571889103803996601e-01
9.886624375759210936e-01
9.635102955596022145e-01
9.726775956284152702e-01
9.796868673235255010e-01
9.602346805736636792e-01
9.833833083458269897e-01
9.827437446074200889e-01
9.650548033526756830e-01
9.707278481012657778e-01
9.837503595053207484e-01
9.489071038251366552e-01
9.842896174863386971e-01
9.755464480874317390e-01
9.863313990973565648e-01
9.949623953455370984e-01
9.900874635568512883e-01
9.906779661016948957e-01
9.501131087034171419e-01
9.670534880618913975e-01
9.823908104014138498e-01
9.945355191256830540e-01
9.871939030484757627e-01
9.622231012658227778e-01
9.694635102955595496e-01
9.967361998013339885e-01
9.692225264912489591e-01
9.819465267366316308e-01
9.675943104514532767e-01
9.804594481019750507e-01
9.644493717664448518e-01
9.822404371584699811e-01
9.793917567026810822e-01
9.822695035460993207e-01
9.746276192880585221e-01
9.893542512956996493e-01
9.751243781094527385e-01
9.775791116787284629e-01
9.678769064651099319e-01
9.904748564224681306e-01
9.850108432197984820e-01
9.579453067257944765e-01
9.947614238828579314e-01
9.757513661202186217e-01
9.841392649903287770e-01
9.741561181434599259e-01
9.679701765063908336e-01
9.896501457725948026e-01
9.794963080168775926e-01
9.911752346266984315e-01
9.761871410561703266e-01
9.898907103825136389e-01
9.932389335374409711e-01
9.888285786417571055e-01
9.593080263342204095e-01
9.724316334072431456e-01
9.587583148558758150e-01
9.715349659176975017e-01
9.397163120567375572e-01
9.977991196478591673e-01
9.894190871369293871e-01
9.701895043731778578e-01
9.927924480163285992e-01
9.838941616335921125e-01
9.644524476457249085e-01
9.546666666666666634e-01
9.756335282651072971e-01
9.892647513129441128e-01
9.333003952569169925e-01
9.575380359612724046e-01
9.915254237288134709e-01
9.821685360943341880e-01
9.741035856573705409e-01
9.989641434262948039e-01
9.636433218522770794e-01
9.698136993976747000e-01
9.790767903364969715e-01
9.677942539388322274e-01
9.715163934426229719e-01
9.747538500378691850e-01
9.695606537711800588e-01
9.753003104332569340e-01
9.837816455696202222e-01
9.633553785936024294e-01
9.824629271437781419e-01
9.818037974683544444e-01
9.362063639172073515e-01
9.871794871794871140e-01
9.797626293365794270e-01
9.559005251776335754e-01
9.773224043715846854e-01
9.869351173945972722e-01
9.600714376833779928e-01
9.688891888244026696e-01
9.548461317227494582e-01
9.837431693989071579e-01
9.515338282672642922e-01
9.928797468354430000e-01
9.585849870578084797e-01
9.872452422729112165e-01
9.621125143513202804e-01
9.529587058322690485e-01
9.789073305670816794e-01
9.642807115842555454e-01
9.953928631261517168e-01
9.722638680659669852e-01
9.653005464480874931e-01
9.908795602198900987e-01
9.636928060466999346e-01
9.728594991752886889e-01
9.927025355596783562e-01
9.690241598056418271e-01
9.374416433239962654e-01
9.900273224043716347e-01
9.650032938076416045e-01
9.783577796951394845e-01
9.900414937759336453e-01
9.746355685131196100e-01
9.937067773167358453e-01
9.544053789046085257e-01
9.747084548104956170e-01
9.728253256758649936e-01
9.792531120331950945e-01
9.979148691400632210e-01
9.782410225197808451e-01
9.834637717748043739e-01
9.786998616874135193e-01
9.813776243888409079e-01
9.445269267107571087e-01
9.943269365457346742e-01
9.834710743801652333e-01
9.643153526970955625e-01
9.876311844077960700e-01
9.831133815808145160e-01
9.855875831485587657e-01
9.856930759886624038e-01
9.861176470588235432e-01
9.745762711864406347e-01
9.772377083625157779e-01
9.397163120567375572e-01
9.806735553004208850e-01
9.964242239805234380e-01
9.850622406639004680e-01
9.568900884690358932e-01
9.670670805776757639e-01
9.810126582278481111e-01
9.679300291545189783e-01
9.734556660596722644e-01
9.846295162278015933e-01
9.785073839662447037e-01
9.824205070738198931e-01
9.751037344398341133e-01
9.852941176470588758e-01
9.431673052362707921e-01
9.838602107509670791e-01
9.834681424719737830e-01
9.111317254174398084e-01
9.898224043715846410e-01
9.880722114764668440e-01
9.789981552433659751e-01
9.917950012623075740e-01
9.946544980443284834e-01
9.369427667529479642e-01
9.664591977869986250e-01
9.645239108840641951e-01
9.919692266162773997e-01
9.720610068835200401e-01
9.728134110787172162e-01
9.925500212856533944e-01
9.950207468879668227e-01
9.775081595004966317e-01
9.872506942691239296e-01
9.895833333333333703e-01
9.891877637130801482e-01
9.324343015214384689e-01
9.896409819781467609e-01
9.747967479674797264e-01
9.758263824528885522e-01
9.853198400799600964e-01
9.889991371872304260e-01
9.947450980392157360e-01
9.929261801372741836e-01
9.876733436055470383e-01
9.705763260898906397e-01
9.883137254901961377e-01
9.862024500322372766e-01
9.762658227848102221e-01
9.789747026302563215e-01
9.655413923518699759e-01
9.739067055393586525e-01
9.805511603375527407e-01
9.760049474335188435e-01
9.823087431693988680e-01
9.669123806332718951e-01
9.853833090732654343e-01
9.620717131474103567e-01
9.692562826891184535e-01
9.875124166311906038e-01
9.880010548523207037e-01
9.633292757151552532e-01
9.527541083384053477e-01
9.601626016260162988e-01
9.853556485355647876e-01
9.823312236286919630e-01
9.958506224066390189e-01
9.689700130378096077e-01
9.897900488927235951e-01
9.484109386548410514e-01
9.337349397590362088e-01
9.828058429701764798e-01
9.850052481631429435e-01
9.933783108445777277e-01
9.641643497065184309e-01
9.755579815623484086e-01
9.729891956782713569e-01
9.885274665946821582e-01
9.732004942848315743e-01
9.782883110325675258e-01
9.841674389867161032e-01
9.874827109266943737e-01
9.677612835507573008e-01
9.628271498418177199e-01
9.770140428677014377e-01
9.758644536652835155e-01
9.874173137762438657e-01
9.676069645026319499e-01
9.815071951527392091e-01
9.867053583479551415e-01
9.510421352526615690e-01
9.721221822062158235e-01
9.931693989071037620e-01
9.691591307868807625e-01
9.745470232959447809e-01
9.663865546218487479e-01
9.904779233381852954e-01
9.973371880706025649e-01
9.897265336289726712e-01
9.720304860511935763e-01
9.525810324129652118e-01
9.823329076202640397e-01
9.789764868603042514e-01
9.640710382513661969e-01
9.787074523916629021e-01
9.767907162865145931e-01
9.636928060467000456e-01
9.979079497907950014e-01
9.408152247266837742e-01
9.761353104726597785e-01
9.875395569620253333e-01
9.794362956571757151e-01
9.866824894514767408e-01
9.816703621581670536e-01
9.663934426229507935e-01
9.613391231264882819e-01
9.766073679787085071e-01
9.858195902048975112e-01
9.747163468272866949e-01
9.647969052224372177e-01
9.875518672199169457e-01
9.806235799040645684e-01
9.623402312842361805e-01
9.644704808277542174e-01
9.791839557399724114e-01
9.894882434301520702e-01
9.535573122529643619e-01
9.688396349413299635e-01
9.939405297351324720e-01
9.864847046413501852e-01
9.476372924648787111e-01
9.798918776371308148e-01
9.403277769995797009e-01
9.819927971188474602e-01
9.705215419501135310e-01
9.817378691983122962e-01
9.724066390041493646e-01
9.776892430278885104e-01
9.791287295139375901e-01
9.819927971188475713e-01
9.647676161919040982e-01
9.806586137474834208e-01
9.861049519586105871e-01
9.645239108840640840e-01
9.944551901998710530e-01
9.876366120218579292e-01
9.662267631616290320e-01
9.482049098907336937e-01
9.855072463768115298e-01
9.780774550484093721e-01
9.698015530629853220e-01
9.935125115848006949e-01
9.752066115702479054e-01
9.903505037604654060e-01
9.857923497267759849e-01
9.321253954558528232e-01
9.723346828609986670e-01
9.728932988208225385e-01
9.809411764705882053e-01
9.527541083384054588e-01
9.631330526852914797e-01
9.830611418545012192e-01
9.804318488529014664e-01
9.674273858921161873e-01
9.383266932270916127e-01
9.918356933282306276e-01
9.608510070694945560e-01
9.714772243507875382e-01
9.871948779511805494e-01
9.670358649789029259e-01
9.864187763713080370e-01
9.840445269016698804e-01
9.806316641921986044e-01
9.847006651884699924e-01
9.819490027770765295e-01
9.767175057362667001e-01
9.599817407181984175e-01
9.686721991701243706e-01
9.781620802827568628e-01
9.823976608187134918e-01
9.914968281819408480e-01
9.743878060969515253e-01
9.763729246487867774e-01
9.634757383966244815e-01
9.985754985754985436e-01
9.840846994535519254e-01
9.724816965412774739e-01
9.443413729128014023e-01
9.783246631986128872e-01
9.957578372159907598e-01
9.938524590163934080e-01
9.989357173265219769e-01
9.537660747091243341e-01
9.751728907330567964e-01
9.642401021711366482e-01
9.655545257954896154e-01
9.625131204078571923e-01
9.659863945578230915e-01
9.887299230665406169e-01
9.540552200172561781e-01
9.666666666666666741e-01
9.840747904577691330e-01
9.662517289073305760e-01
9.616874135546333857e-01
9.768536428110896619e-01
9.915299453114578832e-01
9.726683762990956383e-01
9.980191256830600599e-01
9.664928292046937042e-01
9.804429105550762635e-01
9.952288845905866710e-01
9.805878750765463225e-01
9.725337935001437950e-01
9.867628519400475362e-01
9.852020860495436239e-01
9.880086745758387412e-01
9.535699824537724467e-01
9.926911544227886575e-01
9.886538730914694595e-01
9.917355371900826722e-01
9.696219035202084946e-01
9.433121878796058013e-01
9.882336461689311680e-01
9.651624804881510089e-01
9.848718307886259460e-01
9.880086745758387412e-01
9.452973720608575103e-01
9.748837906732643610e-01
9.874827109266942626e-01
9.784085395439107158e-01
9.488678962363172875e-01
9.781960784313724622e-01
9.643586005830904195e-01
9.711351027140501246e-01
9.718447961899425724e-01
9.789688818565400741e-01
9.768662232076865681e-01
9.845458226481306196e-01
9.847569744032211858e-01
9.684365781710914112e-01
9.701244813278008250e-01
9.530737704918033071e-01
9.767759562841530352e-01
9.320279535864979259e-01
9.895769933049300970e-01
9.878787878787878007e-01
9.796890320773218308e-01
9.751365737498249864e-01
9.713168187744459781e-01
9.738186462324394110e-01
9.757496740547588754e-01
9.755585545059228814e-01
9.590278750525282891e-01
9.680919987042436725e-01
9.623182606375884074e-01
9.786581299186341010e-01
9.875518672199169457e-01
9.748962655601659533e-01
9.657434402332361056e-01
9.912728820774797667e-01
9.672232529375386356e-01
9.732430689877498153e-01
9.632628579997001284e-01
9.857511283043197681e-01
9.814741561181434815e-01
9.806567701304543805e-01
9.817537072856221680e-01
9.502782931354359919e-01
9.623849539815927390e-01
9.623196526124107031e-01
9.888483965014578381e-01
9.628279883381923865e-01
9.450203109679227165e-01
9.713692946058092303e-01
9.578336557059961009e-01
9.596448254745866269e-01
9.665246500304321975e-01
9.742205425833446730e-01
9.485490196078431024e-01
9.811429512516469664e-01
9.903688524590164022e-01
9.775481566526342814e-01
9.691287153973721091e-01
9.848288754673569789e-01
9.616132167152575683e-01
9.828210894552724675e-01
9.697212218220621072e-01
9.958847736625513480e-01
9.908163265306122458e-01
9.553920907004993524e-01
9.874467437614120602e-01
9.938157081014223904e-01
9.855617088607594445e-01
9.814890710382513372e-01
9.690432833730213691e-01
9.752766493906709355e-01
9.808060109289616912e-01
9.753901560624249623e-01
9.888483965014577270e-01
9.774576497265572428e-01
9.602639076323287171e-01
9.776625172890733850e-01
9.778680487463229376e-01
9.814643188137164298e-01
9.934723996026677550e-01
9.764966740576497273e-01
9.917647058823529926e-01
9.404422851398894778e-01
9.636724847452816656e-01
9.838222605694564304e-01
9.610363924050633333e-01
9.792144688891888382e-01
9.696315292212174253e-01
9.852005532503457230e-01
9.873802132541503740e-01
9.654101995565410599e-01
9.439775910364145428e-01
9.771622934888241074e-01
9.859445277361319482e-01
9.810299869621903479e-01
9.820450395617772443e-01
9.763378465506125092e-01
9.647009385067937259e-01
9.904962367648935118e-01
9.667358229598893571e-01
9.963347164591978000e-01
9.790794979079497917e-01
9.802904564315353397e-01
9.754781420765027411e-01
9.941962478067215558e-01
9.751900760304121896e-01
9.857142857142856540e-01
9.967811158798283167e-01
9.893855485232068148e-01
9.698250728862973791e-01
9.870588235294117663e-01
9.740129935032484365e-01
9.850583090379009255e-01
9.841632088520055888e-01
9.861550632911392222e-01
9.918513689700131364e-01
9.690352020860495408e-01
9.640098856966327068e-01
9.869986168741355925e-01
9.839458413926498448e-01
9.979532163742690365e-01
9.876543209876543772e-01
9.641393442622951948e-01
9.809462180040263712e-01
9.963393082554909963e-01
9.492585428755642152e-01
9.792819543798083615e-01
9.775197628458498489e-01
9.882219384135093598e-01
9.837398373983738953e-01
9.994784876140808683e-01
9.760811327975507101e-01
9.900956284153005216e-01
9.941041127408686284e-01
9.849726775956284541e-01
9.712511809960857612e-01
9.876570583887657184e-01
9.603903559127440204e-01
9.721359940872136285e-01
9.753086419753086433e-01
9.586808773555761665e-01
9.921223354958293994e-01
9.821877309682187640e-01
9.747267759562840972e-01
9.573189287888010934e-01
9.352171412136899287e-01
9.628799551757949438e-01
9.904214559386972372e-01
9.757383966244725926e-01
9.557868952847519139e-01
9.448132780082987292e-01
9.821428571428572063e-01
9.635294117647058565e-01
9.789272030651341439e-01
9.924927113702624037e-01
9.614117647058822991e-01
9.867053583479552525e-01
9.747604265083006370e-01
9.691455696202532222e-01
9.419817470664928472e-01
9.760932944606413031e-01
9.660747193834813284e-01
9.685522151898734444e-01
9.449411096920675712e-01
9.452982349360925518e-01
9.945306725794530456e-01
9.956972111553784588e-01
9.679226782462529988e-01
9.845781466113416869e-01
9.911955514365152764e-01
9.881285847672403033e-01
9.792110117780616907e-01
9.659146045608927311e-01
9.558018252933506709e-01
9.952933591231463151e-01
9.258017492711370089e-01
9.782705099778270519e-01
9.947196870925684165e-01
9.858606557377049828e-01
9.805294859223980808e-01
9.822652953586498148e-01
9.685131195335276999e-01
9.626517273576098432e-01
9.434138625251653476e-01
9.698734541271211151e-01
9.686867323525442108e-01
9.598506069094303594e-01
9.883808095952024697e-01
9.681468484275880249e-01
9.827560353876143573e-01
9.716459197786998514e-01
9.583819241982507453e-01
9.765914019645363098e-01
9.778934476423759570e-01
9.796680497925310815e-01
9.731781996325781225e-01
9.875950380152059838e-01
9.893586425079090585e-01
9.841093865484109582e-01
9.850178166504697241e-01
9.866824894514767408e-01
9.804966932109596689e-01
9.718891038039974006e-01
9.660349854227405775e-01
9.939690648502910175e-01
9.687210379981464614e-01
9.948245392577632629e-01
9.777297880955594378e-01
9.965233432666382729e-01
9.820002801512817125e-01
9.573950091296409282e-01
9.759562841530053934e-01
9.843294460641399679e-01
9.633308345827087393e-01
9.905370843989769192e-01
9.806431663574521895e-01
9.710769615192403892e-01
9.886603375527426296e-01
9.657058388765705770e-01
9.545151393890889402e-01
9.930327868852458773e-01
9.860992039191671665e-01
9.782696720205155128e-01
9.724751365737498432e-01
9.679723776640075661e-01
9.623953455371080379e-01
9.674329501915709395e-01
9.737704918032786816e-01
9.895397489539747848e-01
9.603096179183135961e-01
9.957395009129641483e-01
9.846133081387502539e-01
9.717976710334789159e-01
9.706513506690229720e-01
9.936470588235294388e-01
9.885245901639343469e-01
9.215076071922545520e-01
9.464311054349368035e-01
9.847317551477798858e-01
9.913965586234493310e-01
9.742054693274204702e-01
9.877768190969226092e-01
9.867280245431506724e-01
9.813395771250177368e-01
9.679927160666760289e-01
9.753725490196079040e-01
9.985992435915393983e-01
9.854608510070694827e-01
9.579530638852672420e-01
9.879400260756192598e-01
9.731225823662799090e-01
9.661668839634940387e-01
9.566436583261431759e-01
9.844736177732895666e-01
9.626466753585397607e-01
9.956576551337721348e-01
9.785107446276861687e-01
9.895048041389504778e-01
9.796189942568986897e-01
9.774590163934426812e-01
9.739895697522815698e-01
9.813227189222289981e-01
9.928278688524589946e-01
9.656114301722931170e-01
9.677125647849839085e-01
9.872060857538036416e-01
9.867911479944674324e-01
9.842758806856526377e-01
9.816939890710382199e-01
9.525587828492393383e-01
9.658929722759510561e-01
9.836748633879781600e-01
9.831882911392404445e-01
9.730460302749459611e-01
9.873339511893728382e-01
9.506559766763849062e-01
9.733226623982926817e-01
9.786430678466075950e-01
9.749899959983994169e-01
9.788381742738589963e-01
9.763243378310845211e-01
9.824453551912568638e-01
9.708612294583079949e-01
9.616148715765573396e-01
9.794298671849692717e-01
9.816818774445892348e-01
9.978714346530438428e-01
9.906705539358600099e-01
9.803206997084549235e-01
9.852881630449453754e-01
9.866613311991463409e-01
9.711676732815646140e-01
9.828835582208894639e-01
9.625455527061681504e-01
9.945165276490577355e-01
9.772792637331031429e-01
9.811734364925854823e-01
9.463347164591977556e-01
9.668883961566889784e-01
9.706967503902369510e-01
9.722303206997084946e-01
9.542876901798064138e-01
9.881285847672403033e-01
9.788496652465004111e-01
9.776623026049399146e-01
9.695211417900493345e-01
9.760744627686156472e-01
9.959735404083980281e-01
9.861338797814207524e-01
9.743230625583566562e-01
9.718383311603649988e-01
9.783931832014607366e-01
9.912047302291204787e-01
9.622267759562841416e-01
9.612068965517241992e-01
9.710743801652893525e-01
9.469120981726024677e-01
9.726832641770400967e-01
9.765373301582854770e-01
9.782076079948420766e-01
9.907550077041602510e-01
9.438070404172098637e-01
9.949572769295419450e-01
9.691166989039329271e-01
9.813278008298755850e-01
9.884620514872615171e-01
9.521138912855909853e-01
9.820355191256830985e-01
9.512055109070034487e-01
9.951673903908110352e-01
9.922027290448343084e-01
9.874274661508704032e-01
9.853031230863441570e-01
9.589297227595100503e-01
9.757768924302788749e-01
9.686822298762597372e-01
9.634557721139430653e-01
9.895833333333333703e-01
9.590605931602099732e-01
9.707942288835971212e-01
9.834024896265559645e-01
9.302228178924443203e-01
9.548256058271467062e-01
9.755923324205262315e-01
9.825034578146611963e-01
9.989357173265218659e-01
9.621903520208604510e-01
9.877510651247718432e-01
9.965490196078431451e-01
9.700938506793669314e-01
9.793644514767932963e-01
9.757622145681847936e-01
9.870250231696015009e-01
9.854397634885438961e-01
9.913298565840938936e-01
9.872995600964948881e-01
9.624316939890710243e-01
9.883196721311475752e-01
9.598461330813874426e-01
9.714471968709256222e-01
9.927115670130921554e-01
9.796812749003983578e-01
9.975030368470778619e-01
9.912280701754385692e-01
9.305684275563793628e-01
9.830424294025826848e-01
9.635575167376750905e-01
9.823984526112186089e-01
9.570815450643777034e-01
9.935792349726776385e-01
9.802043422733077715e-01
9.872985170857511150e-01
9.821910032638001553e-01
9.975876259401164070e-01
9.964907544877852352e-01
9.869029275808937074e-01
9.583274968482979883e-01
9.779982743744606299e-01
9.773242630385488017e-01
9.967496542185338981e-01
9.882336461689311680e-01
9.553725490196078862e-01
9.907762168298566152e-01
9.859616573902288961e-01
9.796610169491525300e-01
9.707482993197279475e-01
9.882219384135092488e-01
9.689578713968957091e-01
9.792144688891888382e-01
9.731384307846077109e-01
9.883945841392650644e-01
9.778823529411765358e-01
9.802063185041909321e-01
9.716862745098039378e-01
9.578717201166180306e-01
9.574898785425101089e-01
9.782076079948420766e-01
9.788909365052772538e-01
9.412395859631406125e-01
9.847576211894052411e-01
9.700665188470065647e-01
9.873294346978557234e-01
9.782504205719778634e-01
9.765150492644081304e-01
9.751941328731665859e-01
9.906134515890614445e-01
9.787710970464135185e-01
9.691166989039329271e-01
9.878745752239728173e-01
9.933306655995730594e-01
9.742486338797813339e-01
9.695732838589981029e-01
9.742003998000999809e-01
9.850199203187250951e-01
9.857142857142857650e-01
9.849223946784921857e-01
9.790120124173302685e-01
9.453441295546559653e-01
9.693202694427434096e-01
9.704360679970436276e-01
9.783931832014607366e-01
9.946785866326095515e-01
9.781859931113662254e-01
9.765602530917457669e-01
9.759562841530053934e-01
9.763524457402008583e-01
9.748934875228241204e-01
9.760426508300715787e-01
9.687810415779765094e-01
9.502241561181434815e-01
9.838174273858920627e-01
9.781431334622823215e-01
9.591107871720117029e-01
9.979754352814145246e-01
9.921121251629726467e-01
9.954915003695491427e-01
9.829245780590717407e-01
9.970845481049562808e-01
9.477791116446578901e-01
9.785724421739747658e-01
9.595881776159125298e-01
9.955876173133492157e-01
9.825290084388185186e-01
9.957887917071590600e-01
9.864754098360655199e-01
9.764015645371577623e-01
9.763848396501457749e-01
9.591448569689593473e-01
9.931486880466472433e-01
9.630428530342248772e-01
9.869462025316455556e-01
9.586894586894587622e-01
9.916320885200553548e-01
9.637857577601948167e-01
9.978658129918634989e-01
9.898346601347214335e-01
9.884357881923311329e-01
9.770408163265307255e-01
9.891289849273042778e-01
9.543520309477756536e-01
9.957484140909704795e-01
9.545196537533702230e-01
9.914937759336098777e-01
9.879381297005818130e-01
9.800546448087432694e-01
9.556714471968709157e-01
9.990524781341107996e-01
9.730833014415104509e-01
9.503546099290780536e-01
9.859612724757953472e-01
9.718658892128280158e-01
9.824343015214384023e-01
9.674376141205113244e-01
9.868852459016392853e-01
9.573099415204678886e-01
9.653005464480873821e-01
9.756931012250160684e-01
9.635803333800252446e-01
9.896670493685418846e-01
9.706268221574343436e-01
9.559362549800796138e-01
9.892787524366470908e-01
9.979179424372320861e-01
9.840540885317003994e-01
9.867702041990220607e-01
9.853556485355647876e-01
9.964285714285714413e-01
9.542778178322517402e-01
9.835179324894515185e-01
9.816965412774552036e-01
9.645239108840640840e-01
9.552056370434283128e-01
9.874793822162243329e-01
9.675870348139254951e-01
9.749264602885557851e-01
9.805641787015790811e-01
9.952116156935434388e-01
9.945926459985580115e-01
9.787710970464135185e-01
9.809647979139505258e-01
9.757903161264505076e-01
9.615846338535414262e-01
9.823989569752281659e-01
9.944606413994169225e-01
9.941520467836257868e-01
9.729344729344729936e-01
9.511927788523533156e-01
9.687552353828111640e-01
9.785902503293807397e-01
9.784224250325945782e-01
9.975103734439834113e-01
9.924359153943129730e-01
9.944508228090317425e-01
9.802043422733077715e-01
9.821405544809799215e-01
9.905063291139240000e-01
9.723180903077365267e-01
9.772547468354431111e-01
9.712643678160919336e-01
9.672535680939041702e-01
9.964012595591542620e-01
9.978825136612021751e-01
9.697855750487329729e-01
9.721249474716346928e-01
9.559386973180077351e-01
9.909464394400486764e-01
9.364972443355787934e-01
9.915611814345991482e-01
9.770620945319741235e-01
9.962549800796811628e-01
9.414602346805736044e-01
9.669890393294648945e-01
9.623207301173403172e-01
9.849418686090488650e-01
9.807312252964427435e-01
9.727005995662711957e-01
9.922662125727259586e-01
9.601889338731444123e-01
9.975686274509804052e-01
9.764868603042876627e-01
9.946064139941690474e-01
9.724302788844620959e-01
9.948775612193903051e-01
9.746652465003042831e-01
9.848605577689242274e-01
9.696478220574606954e-01
9.648300849575212057e-01
9.537815126050419590e-01
9.833642547928261868e-01
9.854803830707444812e-01
9.641770401106500854e-01
9.687578894218632497e-01
9.833333333333333925e-01
9.519382911392405555e-01
9.785724421739747658e-01
9.836331834082958636e-01
9.405327004219409259e-01
9.639617751862650241e-01
9.982490544894242479e-01
9.796905222437137795e-01
9.856255904980428806e-01
9.759586122945831388e-01
9.726368159203980790e-01
9.495164410058026805e-01
9.694544484460451139e-01
9.687500000000000000e-01
9.721359940872136285e-01
9.644125683060109644e-01
9.760470654153242664e-01
9.901495542134024497e-01
9.839615668883960886e-01
9.859289617486339807e-01
9.741896758703481041e-01
9.289768695898963369e-01
9.810126582278481111e-01
9.979919678714859188e-01
9.828551912568306292e-01
9.659751037344398439e-01
9.801182557280119223e-01
9.743120424135318647e-01
9.845628415300546887e-01
9.722461892436008446e-01
9.859251369446135893e-01
9.642422398052343802e-01
9.792274052478134871e-01
9.813740045890133601e-01
9.582790091264667964e-01
9.642668776371308148e-01
9.811715481171547903e-01
9.901960784313725839e-01
9.691939890710382643e-01
9.809426229508195760e-01
9.799924261550113647e-01
9.839055793991416943e-01
9.658920539730135868e-01
9.823493609251370273e-01
9.584700833122948849e-01
9.845324251454519171e-01
9.681566455696202222e-01
9.469185784975258091e-01
9.704061895551256978e-01
9.637009576768613694e-01
9.532105903834450222e-01
9.900546294999299501e-01
9.672099087353325242e-01
9.512754757727088784e-01
9.832650273224043946e-01
9.856422468132791659e-01
9.830007390983001025e-01
9.836065573770491621e-01
9.785405071119357423e-01
9.753795126929455384e-01
9.979589233320577124e-01
9.633407243163341072e-01
9.699186991869919172e-01
9.546408756935071960e-01
9.689477848101265556e-01
9.792110117780614686e-01
9.548522067755431664e-01
9.898130238555770122e-01
9.949610919760173422e-01
9.625683060109289091e-01
9.855280312907431783e-01
9.915538362346872914e-01
9.818854445720117674e-01
9.897959183673469274e-01
9.631968363311647074e-01
9.863299351251159086e-01
9.743807040417209464e-01
9.938686708860760000e-01
9.858156028368794122e-01
9.773835920177382786e-01
9.683060109289617357e-01
9.672038980509746198e-01
9.773794002607560927e-01
9.828875467356916751e-01
9.700685654008438519e-01
9.795800977854471903e-01
9.842620943049601445e-01
9.706595228983287971e-01
9.630854366311243364e-01
9.624463519313305460e-01
9.782798833819241757e-01
9.616956751054852592e-01
9.940664556962025555e-01
9.682768565248738302e-01
9.856524427952999545e-01
9.801593625498008500e-01
9.774590163934425702e-01
9.875395569620253333e-01
9.672579453067258193e-01
9.873706634205721144e-01
9.792046936114733313e-01
9.817537072856221680e-01
9.580086580086579762e-01
9.731054769575571139e-01
9.813809644029285462e-01
9.810009267840593683e-01
9.851576994434136925e-01
9.225726654298083140e-01
9.685364281108961304e-01
9.855874316939891022e-01
9.876259727005995970e-01
9.901639344262295195e-01
9.637295081967212074e-01
9.754817371297095363e-01
9.683665927568366749e-01
9.462339252908756881e-01
9.992426155011360223e-01
9.824539257763190703e-01
9.815764610608719298e-01
9.935458167330677437e-01
9.816334259025498721e-01
9.677480434233779460e-01
9.818167985392575181e-01
9.880466472303206515e-01
9.745825602968459789e-01
9.807377049180328044e-01
9.491272882077479434e-01
9.494519664732430364e-01
9.831611174894756555e-01
9.586666666666665559e-01
9.711212516297262898e-01
9.799180327868852736e-01
9.499175288648973314e-01
9.850409836065574520e-01
9.652623798965263013e-01
9.764000510269166266e-01
9.625183406696011801e-01
9.931535269709543812e-01
9.864005912786399932e-01
9.740967544396815780e-01
9.606387449222579811e-01
9.694476336267381367e-01
9.801749271137025765e-01
9.646711012564670451e-01
9.741851368970013691e-01
9.814661134163208400e-01
9.821310935441370793e-01
9.658469945355192543e-01
9.634757383966244815e-01
9.400486914181376275e-01
9.709019607843137889e-01
9.786962622783518251e-01
9.669421487603305776e-01
9.833333333333332815e-01
9.711275151803786532e-01
9.984591679506933382e-01
9.965942954448701041e-01
9.843433661762721609e-01
9.905737704918031739e-01
9.598890388364071935e-01
9.675748545480346019e-01
9.807317438896386852e-01
9.629726205997392041e-01
9.847452816801476327e-01
9.455671447196870583e-01
9.883306962025316666e-01
9.661269198714133033e-01
9.877556172683665814e-01
9.772829509671615567e-01
9.963985594237695365e-01
9.978004824748120116e-01
9.792698826597131534e-01
9.898004434589799949e-01
9.725896414342629637e-01
9.762658227848101111e-01
9.585382513661202530e-01
9.765987025023169510e-01
9.734972677595629120e-01
9.578838174273858197e-01
9.870519198877407696e-01
9.533886583679115345e-01
9.894427786106946288e-01
9.759509993552546447e-01
9.602459016393443125e-01
9.929460580912862211e-01
9.256559766763847730e-01
9.593294460641399457e-01
9.639622400816429959e-01
9.723760932944607305e-01
9.700581807861501371e-01
9.798893237953839597e-01
9.575516264003239852e-01
9.568464730290456854e-01
9.436313291139240000e-01
9.943291839557399925e-01
9.673370225401538569e-01
9.709137535429881449e-01
9.668883961566889784e-01
9.875662711436505870e-01
9.729891956782712459e-01
9.667285095856524846e-01
9.858805165318575980e-01
9.628727936701156898e-01
9.671345660682952872e-01
9.912568306010929309e-01
9.710379981464318799e-01
9.960650927037482116e-01
9.957395009129641483e-01
9.841112869198311852e-01
9.715022566086395361e-01
9.737358173413643847e-01
9.746398380759614399e-01
9.806525958272682697e-01
9.859191655801825549e-01
9.551057571088387155e-01
9.750000000000000888e-01
9.819123505976095068e-01
9.813234384662955501e-01
9.681478285878630796e-01
9.812841530054644545e-01
9.364071038251366996e-01
9.881285847672403033e-01
9.788610871440897032e-01
9.626016260162602034e-01
9.779263733103250589e-01
9.875662711436505870e-01
9.886445565969719240e-01
9.691133211934445102e-01
9.744535519125683276e-01
9.787051687763712593e-01
9.735686274509803839e-01
9.581535806729939431e-01
9.838627375940809383e-01
9.786453839516824349e-01
9.615668883961566715e-01
9.838168923275306677e-01
9.802043422733077715e-01
9.865058670143415087e-01
9.818464030233499118e-01
9.695355191256830318e-01
9.646965775093470086e-01
9.709038121686442979e-01
9.647302904564315496e-01
9.855874316939889912e-01
9.678769064651099319e-01
9.802874472573839260e-01
9.815352697095435230e-01
9.764150943396227023e-01
9.705205637043429201e-01
9.889548093915677685e-01
9.750694269123958424e-01
9.549543676662319847e-01
9.805459880086745406e-01
9.562862669245648650e-01
9.737021857923496837e-01
9.654371584699453779e-01
9.801229508196721563e-01
9.667528910529519237e-01
9.835179324894514075e-01
9.718891402714932015e-01
9.853274643190609305e-01
9.867702041990221717e-01
9.975486762851940581e-01
9.706772908366534391e-01
9.925546448087431139e-01
9.490761271249076314e-01
9.817652901944089461e-01
9.771989005497251357e-01
9.847164591977870529e-01
9.580797321972003289e-01
9.803254635187408361e-01
9.326536916898362506e-01
9.935974389755901637e-01
9.736286919831222963e-01
9.761237828464719435e-01
9.760799484203739329e-01
9.593328335832084219e-01
9.933189364286678646e-01
9.308203991130821198e-01
9.570668160806835578e-01
9.900448312236287407e-01
9.891441555162837629e-01
9.737704918032787926e-01
9.928946555452580203e-01
9.828497743391360064e-01
9.719148340103656025e-01
9.838222605694564304e-01
9.617633828160143672e-01
9.798965262379897290e-01
9.964940239043824644e-01
9.794789186160527406e-01
9.526926710757186445e-01
9.925684485006518454e-01
9.767483777937996381e-01
9.668839634941329697e-01
9.615731785944552357e-01
9.936853317102860572e-01
9.764438768270186086e-01
9.893196202531645556e-01
9.717827004219409259e-01
9.883520276100086210e-01
9.646023468057365324e-01
9.912452724471214616e-01
9.214338507021433422e-01
9.941904047976012349e-01
9.605842336934773407e-01
9.898470464135020741e-01
9.790120124173302685e-01
9.895043731778425666e-01
9.459719142645972578e-01
9.895291449913298232e-01
9.686588921282799358e-01
9.541832669322709570e-01
9.896501457725948026e-01
9.781245831665998924e-01
9.819781467291045507e-01
9.917349726775955832e-01
9.877551020408164018e-01
9.896501457725948026e-01
9.849930843706777850e-01
9.923371647509577897e-01
9.833908541846420048e-01
9.682143339182076591e-01
9.809497128449362613e-01
9.779009126466754465e-01
9.678087649402391524e-01
9.867053583479551415e-01
9.839935974389755202e-01
9.718098665467085340e-01
9.963580333380025467e-01
9.837268240629586380e-01
9.774843730067610537e-01
9.836065573770491621e-01
9.539617486338798358e-01
9.859675979078964536e-01
9.775668679896462043e-01
9.780701754385965341e-01
9.724816965412774739e-01
9.717377860235002496e-01
9.546233925290876776e-01
9.778578097905828992e-01
9.850445786597641362e-01
9.972685250035019378e-01
9.785396139829937168e-01
9.807489451476792963e-01
9.729866195405201257e-01
9.875662711436505870e-01
9.719145569620253333e-01
9.741875179752661484e-01
9.793036750483559150e-01
9.802991084268046773e-01
9.817732468334878781e-01
9.866135458167331063e-01
9.738341580446843171e-01
9.928817946505609227e-01
9.861944777911164639e-01
9.757575757575758235e-01
9.818118948824342551e-01
9.973848705191988850e-01
9.558761731334920464e-01
9.783325835957414895e-01
9.849043715846994562e-01
9.698007968127488887e-01
9.595891437996701967e-01
9.540119913254241357e-01
9.918032786885245811e-01
9.883790673264357673e-01
9.926160337552742963e-01
9.580182529335071751e-01
9.949026876737719904e-01
9.836809990066694986e-01
9.736842105263158187e-01
9.675007190106413857e-01
9.493626558341504706e-01
9.863426250175095777e-01
9.635803333800252446e-01
9.620245003223726332e-01
9.695139488064422606e-01
9.870206489675515948e-01
9.490058479532164082e-01
9.931010928961747641e-01
9.658215436335620963e-01
9.794584500466853028e-01
9.808743169398905781e-01
9.861533779671333155e-01
9.804594481019750507e-01
9.640898073733894513e-01
9.889314601958278939e-01
9.670391966310333265e-01
9.904336734693878208e-01
9.897648686030429133e-01
9.519503306789039998e-01
9.787824261508470958e-01
9.640710382513661969e-01
9.859572784810126667e-01
9.487058823529410656e-01
9.840940525587829057e-01
9.863426250175094667e-01
9.846807936293697772e-01
9.836656056290835615e-01
9.637434369235134968e-01
9.871281846071762178e-01
9.979867702041990141e-01
9.962099125364431984e-01
9.781076623181885754e-01
9.450203109679226054e-01
9.862829148805878354e-01
9.889135254988913326e-01
9.914509803921568443e-01
9.748953974895397945e-01
9.943310657596372559e-01
9.872135994087213318e-01
9.755235427504335144e-01
9.720146968769136642e-01
9.750728862973760958e-01
9.878884462151394930e-01
9.558782849239281232e-01
9.865029018760966828e-01
9.779263733103249479e-01
9.617633828160143672e-01
9.879381297005818130e-01
9.977729788095559549e-01
9.853388658367912001e-01
9.853658536585365724e-01
9.801792968202829304e-01
9.481327800829876251e-01
9.738589211618257080e-01
9.704693611473271808e-01
9.601668104687950400e-01
9.876862745098039520e-01
9.760416666666666963e-01
9.769741038397754540e-01
9.712018990504747151e-01
9.771174863387976917e-01
9.719738895984106897e-01
9.771865889212828504e-01
9.535961272475795836e-01
9.911561691113028871e-01
9.665773695624442219e-01
9.765306122448978998e-01
9.681984175289105599e-01
9.859792924935288916e-01
9.467729083665338274e-01
9.626969416126042178e-01
9.930116033755274074e-01
9.770635605406959856e-01
9.974043715846994118e-01
9.815708101422386811e-01
9.795081967213115082e-01
9.713114754098360892e-01
9.771784232365144929e-01
9.577221742881794064e-01
9.648077195969916309e-01
9.958833850722095260e-01
9.802595628415300411e-01
9.760161575359757036e-01
9.983236621534493649e-01
9.978658129918633879e-01
9.675546448087432028e-01
9.763488543976349687e-01
9.719260359022809936e-01
9.792046936114732203e-01
9.621534493874919214e-01
9.763317344105024720e-01
9.689875950380151259e-01
9.799568092860034829e-01
9.715537848605577675e-01
9.669201013738828454e-01
9.749538810841492653e-01
9.361702127659573547e-01
9.837431693989070469e-01
9.945355191256830540e-01
9.767786561264821810e-01
9.796281645569620000e-01
9.954918032786885806e-01
9.789764868603042514e-01
9.628972653362897205e-01
9.685027388922702318e-01
9.831076724693745827e-01
9.768950437317784896e-01
9.875124166311906038e-01
9.901699926090169468e-01
9.827560353876143573e-01
9.649859943977591170e-01
9.756719184430027170e-01
9.794605809128631435e-01
9.849125364431488006e-01
9.978973407544835528e-01
9.819138885139695461e-01
9.720990873533246202e-01
9.650622282201228863e-01
9.851775956284153368e-01
9.825819672131147486e-01
9.582987551867219178e-01
9.775506785056122805e-01
9.699453551912569083e-01
9.926829268292682862e-01
9.873802132541502630e-01
9.628233555062823967e-01
9.745626822157433811e-01
9.833090379008746496e-01
9.556548886050801883e-01
9.893571732652192141e-01
9.881541460488828532e-01
9.936008052919182987e-01
9.724556489262371484e-01
9.485127384287048713e-01
9.859924359153944273e-01
9.927160666760049823e-01
9.726922432568270160e-01
9.753112033195021624e-01
9.902020820575627713e-01
9.819277108433734913e-01
9.456786366402921695e-01
9.336353178027035904e-01
9.874316939890710465e-01
9.577147998200630230e-01
9.864431486880466116e-01
9.736151603498542917e-01
9.763729246487867774e-01
9.786202185792349795e-01
9.744370054777845569e-01
9.651912032497548255e-01
9.577114427860695667e-01
9.277706825599545404e-01
9.935710819990295484e-01
9.580696202531645556e-01
9.901766877637130371e-01
9.710550887021475175e-01
9.979919678714860298e-01
9.927160666760050933e-01
9.706967503902369510e-01
9.742090268406058406e-01
9.669811320754717610e-01
9.916827852998065795e-01
9.864612511671335682e-01
9.903181189488243774e-01
9.615384615384614531e-01
9.730058037521932546e-01
9.682526386329368684e-01
9.568306010928961935e-01
9.776571572835143220e-01
9.831284153005463988e-01
9.698903932946486561e-01
9.794963080168775926e-01
9.620392156862744848e-01
9.910702895777523391e-01
9.747338431548957516e-01
9.910919152382238195e-01
9.695705900525177778e-01
9.811815864447444024e-01
9.712490761271248552e-01
9.838137472283814411e-01
9.932753164556962222e-01
9.176384839650144620e-01
9.862048283100914858e-01
9.748271092669433813e-01
9.619666048237476286e-01
9.540410856200329803e-01
9.742563692143523246e-01
9.907546226886557728e-01
9.855203619909502777e-01
9.616120218579234935e-01
9.886583679114799850e-01
9.730191256830601487e-01
9.865248226950354971e-01
9.922463113520023636e-01
