9.961173425366696144e-01
9.533204384268214593e-01
9.803935860058308194e-01
9.376901798063623783e-01
9.657515058131390662e-01
9.278699861687413897e-01
9.553158705701079167e-01
9.265992003998001492e-01
9.483370288248337276e-01
8.982923497267759627e-01
9.354251295699678170e-01
9.938271604938271331e-01
9.656995486782721239e-01
9.736123094621801366e-01
9.097044135510865548e-01
9.612601106853979616e-01
9.709812390336077792e-01
9.608606557377049606e-01
9.346576711644177804e-01
9.606910039113428779e-01
9.770378874856486817e-01
9.169432918395574728e-01
9.830089589125733385e-01
9.758017492711370533e-01
9.854759850445785618e-01
9.833860759493671111e-01
9.718246292714377566e-01
9.786981509245377131e-01
9.460234680573663679e-01
9.087952697708794325e-01
9.596127247579530062e-01
9.385281385281385447e-01
9.188046647230321273e-01
9.938521517468885680e-01
9.471440750213129256e-01
9.322691975841241874e-01
9.755536381938452184e-01
9.798225887056472017e-01
9.909464394400486764e-01
9.356154910096818877e-01
9.595838335334133662e-01
9.621513944223107906e-01
9.475183685710001358e-01
9.202299967606090147e-01
9.861589488455160257e-01
9.231049562682216436e-01
9.799999999999999822e-01
9.420206659012628769e-01
9.462438146648671777e-01
9.299607843137255303e-01
9.857635893011217343e-01
9.493874919406833923e-01
9.249699879951980286e-01
9.310495626822157256e-01
9.438446543709702041e-01
9.283921568627451215e-01
9.679970436067997230e-01
9.467213114754098324e-01
9.589143799670115653e-01
9.422740524781341165e-01
9.695355191256830318e-01
9.440268987341772222e-01
9.508746355685131491e-01
9.540479957805907407e-01
9.923658775738899429e-01
9.511082138200781522e-01
9.367346938775510390e-01
9.798641436196020571e-01
9.488446215139442197e-01
9.327531645569620000e-01
9.589480874316940184e-01
9.246804625684723611e-01
9.549543676662319847e-01
9.140295358649789259e-01
9.389178617992177678e-01
9.220116618075802073e-01
8.895558223289316002e-01
9.436295657175726159e-01
9.779997300580375308e-01
9.767184035476718096e-01
9.707301173402868022e-01
9.933464070598123641e-01
9.882575246322041762e-01
9.977087952697708539e-01
9.726533628972653389e-01
9.237288135593220151e-01
9.616513271975456467e-01
9.615668883961566715e-01
9.026536114658719745e-01
9.300546448087432250e-01
9.220235561231729937e-01
9.338731443994601200e-01
9.627501064282673049e-01
9.760470654153242664e-01
9.976830398517145815e-01
9.129340277777777679e-01
9.642276422764227695e-01
9.600710534445474620e-01
9.816256830601092220e-01
8.661885245901639330e-01
9.391504018369690732e-01
9.969987995198079656e-01
9.323434654713546044e-01
9.613885140200929547e-01
9.685073339085418231e-01
9.427786106946527411e-01
9.450676982591875719e-01
9.201773835920177280e-01
9.413190457966577052e-01
9.578335832083958445e-01
9.443413729128014023e-01
9.509380483196112621e-01
9.386973180076627621e-01
9.334016393442622350e-01
9.032212288917269571e-01
9.201434159061278040e-01
9.596994535519125513e-01
9.487817323638219058e-01
9.999250262408156953e-01
9.606664637857578182e-01
9.687943262411348178e-01
9.679443919557295661e-01
9.581486310299869302e-01
9.506006208665137569e-01
9.901176470588235468e-01
9.504149377593360537e-01
9.633147976521470035e-01
9.672890733056708212e-01
9.623676489348131913e-01
9.748633879781419820e-01
9.660519125683060260e-01
9.603860170063436286e-01
9.286930608769689011e-01
9.194672131147541005e-01
9.406858202038924643e-01
9.693637621023513118e-01
9.680758017492712142e-01
9.720845481049562586e-01
9.800741427247451343e-01
9.159312233718807095e-01
9.546448087431693708e-01
9.709343045244431814e-01
9.490873533246414473e-01
9.054758800521514051e-01
9.839660626977279057e-01
9.171485088253195084e-01
9.297117516629711531e-01
9.357768924302789504e-01
9.499932514509380477e-01
9.636363636363636243e-01
9.502923976608186329e-01
9.455690508322087684e-01
9.498529205771116812e-01
9.550325296593953350e-01
9.418395573997233594e-01
9.332464146023468077e-01
9.183181225554106764e-01
9.522243713733075099e-01
9.164723032069971298e-01
9.558823529411765163e-01
9.830601092896174009e-01
9.668715846994535568e-01
9.612751065124771621e-01
9.522342064714945931e-01
9.810897884857823215e-01
9.698015530629853220e-01
9.835390946502058362e-01
9.244522215459525238e-01
9.123303834808259571e-01
9.863387978142077461e-01
9.207720340126872571e-01
9.579494052605126431e-01
9.601889338731444123e-01
9.688519937562083406e-01
9.933067729083665531e-01
9.550325296593953350e-01
9.643409929753541387e-01
9.763976793248945185e-01
9.594577711144427479e-01
9.312907431551498139e-01
9.619295958279008296e-01
9.704693611473272918e-01
9.416433239962651580e-01
9.376792698826598160e-01
9.480431848852901577e-01
9.719535783365571557e-01
9.678929324894515185e-01
9.417482616716332799e-01
9.231587909748829590e-01
9.661483641075477857e-01
8.797476261869066061e-01
9.745838956365272532e-01
8.988653873091470015e-01
9.699367088607594445e-01
9.838983050847457390e-01
9.373983739837399298e-01
9.691812865497075880e-01
9.474456449246365652e-01
9.719935213929005169e-01
9.145371577574966659e-01
9.828586853826427605e-01
9.317440045409393079e-01
9.461666028830207908e-01
9.416704153546258116e-01
9.414225941422593724e-01
9.696038251366120297e-01
8.800521512385919287e-01
8.917215296259980439e-01
9.188261661297101313e-01
9.039401783146390201e-01
9.753901560624249623e-01
9.455284552845527601e-01
9.428125443451114140e-01
9.701039276555540880e-01
9.285500074973759288e-01
9.394778481012658888e-01
9.060972102387114813e-01
9.599839935974390226e-01
9.402216427640156526e-01
9.682744978697505056e-01
9.697743720732225903e-01
9.821405544809800325e-01
9.815524336597133415e-01
9.704234972677594495e-01
9.350409836065574076e-01
9.617567759330211130e-01
9.303824064995097620e-01
9.638522075496865904e-01
9.708642667040201513e-01
9.456427955133736019e-01
8.932226832641769754e-01
9.753901560624250733e-01
9.346312684365781775e-01
9.977710670117917457e-01
9.347457627118643808e-01
9.390639481000927491e-01
9.374135546334716462e-01
9.709883953581432969e-01
9.907773386034255392e-01
9.889998650290188209e-01
9.542457805907172963e-01
9.952800102053833697e-01
9.633407243163339961e-01
9.038961038961038641e-01
9.473684210526316374e-01
9.159153005464480968e-01
9.783444198078343756e-01
9.610589718447961616e-01
9.471588608449182933e-01
9.850409836065574520e-01
9.562491663331998959e-01
9.534081104400344842e-01
9.485258964143427063e-01
9.593730979914790735e-01
9.551687763713080370e-01
9.462655601659750726e-01
9.874837027379399501e-01
9.489128984927304167e-01
9.678961748633879703e-01
9.445519019987105303e-01
9.758005822416302433e-01
9.712643678160919336e-01
9.284224250325945338e-01
9.673427733129226214e-01
9.389426176660219392e-01
9.802493346407059605e-01
9.598890388364073045e-01
9.530980392156862546e-01
9.144661308840413838e-01
9.187317784256560094e-01
9.991901522513766398e-01
9.681031819586036757e-01
9.474015968623057393e-01
9.593758987633016488e-01
9.162617427923550606e-01
9.683921568627451570e-01
9.791088109063367240e-01
9.749899959983993059e-01
9.647623331833858895e-01
9.590846994535520142e-01
9.370991253644315178e-01
9.793350717079530865e-01
9.399031811894882349e-01
9.999260901699925652e-01
9.560806016744713975e-01
9.391360412637008714e-01
9.684129429892140983e-01
9.364451476793248519e-01
9.310299869621903035e-01
9.829808096372040227e-01
9.712844936265583318e-01
9.704129416773095151e-01
9.623059866962306863e-01
9.165054803352675750e-01
9.542185338865836197e-01
9.672011661807580207e-01
9.112360853432281971e-01
9.459116980125382712e-01
9.473243068987750037e-01
9.601139601139601076e-01
9.213104715248010557e-01
9.682572614107883835e-01
8.775712025316455556e-01
9.605344454742045235e-01
9.993251450938048785e-01
9.596848934198332071e-01
9.620045443069931146e-01
9.720627631075391406e-01
9.624381466486729986e-01
9.600886917960088640e-01
8.958024024834660981e-01
9.827109266943292454e-01
8.694620253164556667e-01
9.455806135313069571e-01
9.242047026279391897e-01
9.579072699257599188e-01
9.667721518987342222e-01
9.617565698478560687e-01
9.313278008298754296e-01
9.225202213707960341e-01
9.654535864978902593e-01
9.626466753585397607e-01
9.749003984063744355e-01
9.296647230320699284e-01
9.750503307448949997e-01
9.176010430247717453e-01
9.689890710382513817e-01
9.418076243372885958e-01
9.881274900398405725e-01
9.734685073339085504e-01
9.669995950870563517e-01
9.802267512484816869e-01
9.613428943937418758e-01
9.531420765027323050e-01
9.766251728907330287e-01
9.815514993481094796e-01
9.638483965014577048e-01
9.812565602039287072e-01
9.747416762342134833e-01
9.674613885140201930e-01
9.549453668227614322e-01
9.548461317227494582e-01
9.733856282392492343e-01
9.421482331930093324e-01
9.635245901639344357e-01
9.502900843881856296e-01
9.815964523281596188e-01
9.483122362869198518e-01
9.170731707317073544e-01
9.905976676384838919e-01
9.522215459525258385e-01
9.760928961748633892e-01
9.484469370146678679e-01
9.833010960670535150e-01
9.710931582933602924e-01
9.809566651671914883e-01
9.048531289910599629e-01
1.000000000000000000e+00
9.490761271249076314e-01
9.706619198312236296e-01
9.383592017738360269e-01
8.893237953839924215e-01
9.247813411078716905e-01
9.569156293222682574e-01
9.622519413287317080e-01
9.305099722292350384e-01
9.943301687763712593e-01
8.918137553256237915e-01
9.536292894501849915e-01
9.191256830601093331e-01
8.917012448132779490e-01
9.453665283540801934e-01
9.506830601092897126e-01
9.317216391804098441e-01
9.341579210394802546e-01
9.351092896174864055e-01
9.516597510373444591e-01
9.677826026054069386e-01
9.417482616716332799e-01
9.570699708454810661e-01
9.054847576211894067e-01
9.048005565862707877e-01
9.761408083441981409e-01
9.599854227405247853e-01
9.588177615912593099e-01
9.830508474576271638e-01
9.728962679154249393e-01
9.418746195982958813e-01
9.808996088657105927e-01
9.937913348630045274e-01
9.058553386911596395e-01
9.726386806596702961e-01
9.389680159920039682e-01
9.171953030098528581e-01
9.570214892553723374e-01
9.861230946218004778e-01
9.884700665188469459e-01
9.124250542160988742e-01
9.381466486729644894e-01
9.424380704041720458e-01
9.409692263445499361e-01
9.664928292046935931e-01
9.782139775668680093e-01
9.845068565400844074e-01
9.113790970933828284e-01
9.343366176272100976e-01
9.289439374185136655e-01
9.682028295279451191e-01
9.741982507288629023e-01
9.267782426778242710e-01
9.698303355019772809e-01
9.491803278688524248e-01
9.296807592752373006e-01
9.417012448132779934e-01
9.246215139442230946e-01
9.359329446064139635e-01
9.598506069094304705e-01
9.369294605809128651e-01
8.927385892116183053e-01
9.661717327356772467e-01
9.357858649789029259e-01
9.308773555761507001e-01
9.483468142471974671e-01
9.489067055393586303e-01
9.599817407181984175e-01
9.427595628415300633e-01
9.961467582509633267e-01
9.438523324065491993e-01
9.891348360102577564e-01
9.708386547467007244e-01
9.528168014758052751e-01
9.779009608277901000e-01
9.265890135173999731e-01
9.607192254495158235e-01
9.881200244947949685e-01
9.707883153261304132e-01
9.454042380888109109e-01
9.495883385072209082e-01
9.588641504941064486e-01
9.629737609329446224e-01
9.240788230530435632e-01
9.679487179487179516e-01
9.522130013831259232e-01
9.595713229859570426e-01
9.481036577135916188e-01
9.433948118158644869e-01
8.593579234972676950e-01
9.511136013447261117e-01
9.570839580209894448e-01
9.812081558125380631e-01
9.635305803888178922e-01
9.097979179424371399e-01
9.477791968213423734e-01
9.925441265976872041e-01
8.984289617486338475e-01
9.421161825726140915e-01
9.684121099783751241e-01
9.260287806109568365e-01
9.742047026279391231e-01
9.545816733067729043e-01
9.383667180277349695e-01
9.467213114754098324e-01
9.373443983402489632e-01
9.358462675535845765e-01
9.454270923209664446e-01
9.362021857923498169e-01
9.708852005532503382e-01
9.406127682548252045e-01
9.736636245110821264e-01
9.427450980392155788e-01
9.598295800365185260e-01
9.671345660682953982e-01
9.238713667285096687e-01
9.271784232365144485e-01
9.678278688524590834e-01
9.529045643153527534e-01
9.859607843137255800e-01
9.758259982140580213e-01
9.443877551020408712e-01
9.530300985288162607e-01
9.340938722294653829e-01
9.194329183955739504e-01
9.442778610694653185e-01
9.687298517085751737e-01
9.209592734496949706e-01
9.764636075949366667e-01
9.240788230530436742e-01
9.544472938318261379e-01
9.361744697879151866e-01
9.198874010955568892e-01
9.793529161345253531e-01
9.846281413445592268e-01
9.619133303343829766e-01
9.428410794602699596e-01
9.440026075619295520e-01
9.393442622950820553e-01
9.458069620253164445e-01
9.381051175656984764e-01
9.923872875092387691e-01
9.539148992930505111e-01
9.587058322690507062e-01
9.569105691056910556e-01
9.997813411078716461e-01
9.623177842565597828e-01
9.170765027322403951e-01
9.059322033898304927e-01
9.485006518904823825e-01
9.539748953974894752e-01
9.682225738396624815e-01
9.298921417565485514e-01
9.573950091296409282e-01
9.490940465918895619e-01
9.459760956175298219e-01
9.101189478974702762e-01
8.697929815703104861e-01
9.476683160893687452e-01
9.376420095935369403e-01
9.472115793954873908e-01
9.597034171502256683e-01
9.885274665946821582e-01
9.586076481299901086e-01
9.387295081967212962e-01
9.381832905925225896e-01
9.975880052151238075e-01
9.774487756121938986e-01
8.756830601092896460e-01
9.545454545454545858e-01
9.330828059071729630e-01
9.264452113891286089e-01
9.516393442622951282e-01
9.635928961748634336e-01
8.838797814207650649e-01
9.273372018052868926e-01
9.306797218674612848e-01
9.690962099125364215e-01
9.936114732724902199e-01
9.413620669127277241e-01
9.471788715486193500e-01
9.680636202979046034e-01
9.519700891573195101e-01
9.782608695652174058e-01
9.588607594936708889e-01
9.656814679927160361e-01
9.638853412799772702e-01
9.801762114537444504e-01
9.522738630684657313e-01
9.333951762523191586e-01
9.811598263062053515e-01
9.395417590539540953e-01
9.610655737704918433e-01
9.796585300786980754e-01
9.491940683430044601e-01
9.195278969957081383e-01
9.367558481580053886e-01
9.591784666411531379e-01
9.825457641549596444e-01
9.462140639762450789e-01
9.443899705841155567e-01
9.737849215461156227e-01
9.636363636363636243e-01
9.755743499116384942e-01
9.932377049180327599e-01
9.808510638297872619e-01
9.791666666666666297e-01
9.582318928788801093e-01
9.768950437317783786e-01
9.741561181434599259e-01
9.376663398235046687e-01
9.460008404538451376e-01
9.765027322404371546e-01
9.527363184079602476e-01
8.932087856601869102e-01
9.348648270065835764e-01
9.660014781966002051e-01
9.736881005173687598e-01
9.588487755617268737e-01
9.593165699548678038e-01
9.831265839669200979e-01
9.666666666666666741e-01
9.642857142857143016e-01
9.434876897563464482e-01
9.220592464768477825e-01
9.287715086034413758e-01
9.570980392156863692e-01
9.649122807017543879e-01
9.382143960457213216e-01
9.930830039525692099e-01
9.333333333333333481e-01
9.992829204693611800e-01
9.514667817083691803e-01
9.193625498007967911e-01
9.586454183266932549e-01
9.596249521622656209e-01
9.922958397534668018e-01
9.186798964624677266e-01
9.141952425084954870e-01
9.296448087431693486e-01
8.976899772784650011e-01
9.375468585994901627e-01
9.201646645971116589e-01
9.461366033755274074e-01
9.427048184640302031e-01
9.604126370083817532e-01
9.622231012658227778e-01
9.455514365152919432e-01
9.336482231219073169e-01
9.689592209373097953e-01
9.688755020080321856e-01
9.615437158469944956e-01
9.493814693259277071e-01
9.804184207169281962e-01
9.412876231610203259e-01
9.843255680184066492e-01
9.542349726775956054e-01
9.226782462529766748e-01
9.502241561181434815e-01
9.532643083117630090e-01
9.601160750438655356e-01
9.737849215461156227e-01
9.614020150418617350e-01
9.459197786998616575e-01
9.796189942568986897e-01
9.999162338750209322e-01
9.565842078960520301e-01
9.427595628415300633e-01
9.565842078960520301e-01
9.481711432042110310e-01
9.734592892487629046e-01
9.568954854669139420e-01
9.627480091780267202e-01
9.604508470054688996e-01
9.603142076502731994e-01
9.570158102766798125e-01
9.693701466781707854e-01
9.717842323651452174e-01
9.493440233236151160e-01
9.498616874135545896e-01
9.603585936405659718e-01
9.620262390670554220e-01
9.309427090628940027e-01
9.260027662517288372e-01
9.524733966062697288e-01
9.265824710894705607e-01
9.830850795253723851e-01
9.860995850622406023e-01
9.036525740580960697e-01
9.726008908084762261e-01
9.649810897884858463e-01
9.557360974926459862e-01
9.777316735822959570e-01
9.604572713643179105e-01
9.440187313750532105e-01
9.444937176644493393e-01
9.775273316237008681e-01
9.594509803921569269e-01
9.830508474576271638e-01
9.287715366297800701e-01
9.511927788523533156e-01
9.666411532083173386e-01
9.284083992696288146e-01
9.357538035961272538e-01
9.453441295546558543e-01
9.203671210689701176e-01
9.667721518987342222e-01
9.844023323615160859e-01
9.527244712144558036e-01
9.295774647887323772e-01
9.330168776371308148e-01
9.354951673903908471e-01
9.531811894882433744e-01
9.863039636455440684e-01
9.730381722718887127e-01
9.925303454715219686e-01
9.324535263232580640e-01
9.477427334570190931e-01
9.932377049180327599e-01
9.667311411992263182e-01
9.993614303959131862e-01
9.326558949760161976e-01
9.595827900912646813e-01
9.767759562841529242e-01
9.120331950207468674e-01
9.511139491982404381e-01
9.513429612633284016e-01
9.369010662707517589e-01
9.413994169096209230e-01
9.680005676174258111e-01
9.088520055325035596e-01
9.900666950475379702e-01
9.620676596818984461e-01
9.726397679324894074e-01
9.760021097046412963e-01
9.328492392807745670e-01
8.386547467007237078e-01
9.402069475240206753e-01
9.571362372567191468e-01
9.402798600699650011e-01
9.658469945355191433e-01
9.046274509803922115e-01
9.350749404678526666e-01
9.431292898165009042e-01
9.705763260898907507e-01
9.858039215686273948e-01
9.991618310767247380e-01
9.843750000000000000e-01
1.000000000000000000e+00
9.555960218517999261e-01
9.225947521865889289e-01
9.774525316455696666e-01
9.230055658627086546e-01
8.871584699453551881e-01
9.096163511475958696e-01
9.081756428918000834e-01
9.401593625498008144e-01
9.096823574435514148e-01
9.367816091954022095e-01
9.098760548523207037e-01
9.398204503956177902e-01
9.239196591600730146e-01
9.756097560975609539e-01
9.720610068835200401e-01
9.636075949367088889e-01
9.199170124481327315e-01
9.395697522816166547e-01
9.278113316077077899e-01
9.827050997782704744e-01
9.495675007723201055e-01
9.287127206329884865e-01
9.699355225671014713e-01
9.549600199900050157e-01
9.764442384924312268e-01
9.082362930616204588e-01
9.589835934373749371e-01
9.695640437305979020e-01
9.506487488415198417e-01
9.956450391315324611e-01
9.387550200803213007e-01
9.982710926694329245e-01
9.224021592442644968e-01
9.804429105550762635e-01
9.688839615668883853e-01
9.400414937759336009e-01
9.680040264595917154e-01
9.238763665811849934e-01
9.820752335268871924e-01
9.769874476987446821e-01
9.700854700854700807e-01
9.399759903961584229e-01
9.459016393442623016e-01
9.860979889323795433e-01
8.981880931837791238e-01
9.463118580765639276e-01
9.386220281416788325e-01
9.576993304930006001e-01
9.728011825572802085e-01
9.689387402933563598e-01
9.359076964118980824e-01
9.739605505889030734e-01
9.645919778699860725e-01
9.769808743169398069e-01
9.682860998650472117e-01
8.982926503934907103e-01
9.937238493723850041e-01
9.717235794304224239e-01
9.418949925765960351e-01
9.406085881989495467e-01
9.767273206751054815e-01
9.124964049467930716e-01
9.527953586497890370e-01
9.631189948263119138e-01
9.670081967213115526e-01
9.682028295279450081e-01
9.873231545034318879e-01
9.409670164917541824e-01
9.783583134892841482e-01
9.834945196647324472e-01
9.479253112033194650e-01
9.464150467053774607e-01
9.932288496652464937e-01
9.684266585514302861e-01
9.704702627939142401e-01
9.829183955739971834e-01
9.473814229249011287e-01
9.513037809647979515e-01
9.332833583208396400e-01
9.365110759493671111e-01
9.673619980133389973e-01
9.796281645569620000e-01
9.457907269925759364e-01
9.417100173402693786e-01
8.797519007603041841e-01
9.189741561181434815e-01
9.609958506224065555e-01
9.879681274900398158e-01
9.100014007564085627e-01
9.669201013738828454e-01
9.537106446776612012e-01
9.853321829163071977e-01
9.780487804878048586e-01
9.638143891017454390e-01
9.695035460992906806e-01
9.405737704918032405e-01
9.565772669220944380e-01
9.492691925642117168e-01
9.785902503293807397e-01
9.527662517289073874e-01
9.083980442910555286e-01
9.294871794871795156e-01
9.500630340383807715e-01
9.670072371221796192e-01
9.670765027322403284e-01
8.838078803566292718e-01
9.694856800119957541e-01
9.095484613172274413e-01
9.556078431372548865e-01
9.456025562994522238e-01
9.660671003954586222e-01
9.639627480091780276e-01
9.249512670565303019e-01
9.368603042876901821e-01
9.515537848605577498e-01
9.658757494578390501e-01
9.805922368947579404e-01
9.487015751383567341e-01
9.228358009870614165e-01
9.334783755274261852e-01
9.639372362869198518e-01
9.478045763760050146e-01
9.874476987447698972e-01
9.861049519586104761e-01
9.807498106538753424e-01
9.757052233769739624e-01
9.590687766281192905e-01
9.714384508990318023e-01
9.529790456955314903e-01
9.609941520467837339e-01
9.591037926845727979e-01
9.142303848075962192e-01
9.156378600823044112e-01
9.646624472573839260e-01
9.185784975258659557e-01
9.787568306010928643e-01
9.398510477152234310e-01
9.772418058132343877e-01
9.685874349739896916e-01
9.497411561691113668e-01
9.372950819672131173e-01
9.506172839506172867e-01
9.380894060012247015e-01
9.413554633471645783e-01
9.697034198949907591e-01
9.909638554216867457e-01
9.402459139301243551e-01
9.438442043484059907e-01
9.521527871507625695e-01
9.590163934426229053e-01
9.384508990318118915e-01
9.729206963249515949e-01
9.707468879668049722e-01
9.474412171507606839e-01
9.650548033526756830e-01
9.769907963185273658e-01
9.529626130381967375e-01
9.729508196721311508e-01
9.713168187744458670e-01
9.807305148116192139e-01
9.440361057382333776e-01
9.053276178812001973e-01
9.726056945642795881e-01
9.495727692954195609e-01
9.398956975228160982e-01
9.385125653782370181e-01
9.537724389256309054e-01
9.689530234882558490e-01
9.345846757248915671e-01
9.667320352990614873e-01
9.692307692307691180e-01
9.115940072884329837e-01
9.351449782882756967e-01
9.663686675180926944e-01
9.820703179717047426e-01
9.860313815537696813e-01
9.089903181189488146e-01
9.972259709101813918e-01
9.674273858921161873e-01
9.630640465793304239e-01
8.957864747338432077e-01
9.350588235294117201e-01
9.291545189504373248e-01
9.799820062977957491e-01
9.360554699537749768e-01
9.744198312236287407e-01
9.445676274944567741e-01
9.686867323525442108e-01
9.592320966350301736e-01
9.209439528023599664e-01
9.692254495159059458e-01
9.846994535519125735e-01
9.581535806729940541e-01
1.000000000000000000e+00
9.672093730979914872e-01
9.697614442295292569e-01
9.614791987673343421e-01
9.843115282252415943e-01
9.178617992177313667e-01
9.136511990918120274e-01
9.642112125162972669e-01
9.799820062977957491e-01
9.724050987533268131e-01
9.397473275024295081e-01
9.253701480592236850e-01
9.418434040282780417e-01
9.520746887966805572e-01
9.680497925311203344e-01
9.855847100745059874e-01
9.587767844472825374e-01
9.648732220160791684e-01
9.605415860735009304e-01
9.119058329584646128e-01
9.790457769181173386e-01
9.903085443037974445e-01
9.742090268406057296e-01
9.517085751128304683e-01
9.574520717377860146e-01
9.469120981726023567e-01
9.810197506653592914e-01
9.779883381924198149e-01
9.725947521865889733e-01
9.610589718447961616e-01
9.414937759336099443e-01
9.697614442295293680e-01
9.581139007960808307e-01
9.605143031040779267e-01
9.291402348495073626e-01
9.563137254901961093e-01
9.375823451910407780e-01
9.546448087431693708e-01
9.777395075902539645e-01
9.876897563464728247e-01
9.668536094334196918e-01
8.796566245545838214e-01
9.652673663168416240e-01
9.521808723489395554e-01
8.866893713637009622e-01
9.080174927113703331e-01
9.305574301525172398e-01
9.926962872793669845e-01
9.222634508348794835e-01
9.333465189873417778e-01
9.614071038251366108e-01
9.170051827987113491e-01
9.402577391791567818e-01
9.576502732240437243e-01
9.177004134987327699e-01
9.658163265306122236e-01
9.835934373749499748e-01
9.669365721997301710e-01
9.433609958506223858e-01
9.006163328197226425e-01
9.036916898362681305e-01
9.595572584078331246e-01
9.488543976348855491e-01
9.563921568627451464e-01
9.496565588875858221e-01
9.351497090960692038e-01
9.572188668392291877e-01
9.552347046413501852e-01
9.385207180456202058e-01
9.469564043730597236e-01
9.250345781466113859e-01
9.122013767040086929e-01
9.308203991130820087e-01
9.532479658530078614e-01
9.582928409459021690e-01
9.971889055472263896e-01
9.534550195567145225e-01
9.701004260499087595e-01
9.528046421663443066e-01
9.695335481159825797e-01
9.123612705702257575e-01
9.376901798063623783e-01
9.136237897648685768e-01
9.319071399649075937e-01
9.815352697095435230e-01
9.357923497267759405e-01
9.910919152382238195e-01
9.627184207016139528e-01
9.538033395176251927e-01
9.437642009593537606e-01
8.704509493670885556e-01
9.603498542274052641e-01
9.098039215686274384e-01
9.593953023488255294e-01
8.990524781341108218e-01
9.484094052558783572e-01
9.962420886075948889e-01
9.685136897001304090e-01
9.445893089960886169e-01
9.589898053753476148e-01
9.298063623789765142e-01
9.651192778852353271e-01
9.541520467836257513e-01
9.512558535547041005e-01
9.688524590163934969e-01
9.278113316077077899e-01
9.448371623327441737e-01
9.133462282398452370e-01
9.805641787015791921e-01
9.976119894598155513e-01
9.673619980133389973e-01
9.564671101256466690e-01
9.604954367666231896e-01
9.216736828677126736e-01
9.240437158469945178e-01
9.421915444348576418e-01
9.676445211389128609e-01
9.373059792144688984e-01
9.771618625277161962e-01
9.542671259089169356e-01
9.123429416112343038e-01
9.557258407833120195e-01
9.352023478529503109e-01
9.582174853259191050e-01
9.439024390243901941e-01
9.664617486338796803e-01
9.622641509433962348e-01
9.759850445786598661e-01
9.570668160806835578e-01
9.411096920675463551e-01
9.713871308016878148e-01
9.881200244947948574e-01
9.564315352697095873e-01
8.861516034985422730e-01
9.360000000000000542e-01
9.624662977153398691e-01
9.595481049562681886e-01
9.572549019607843324e-01
9.547847212849237541e-01
9.316371980024295008e-01
9.687500000000000000e-01
9.136897001303780907e-01
9.579446064139941486e-01
9.350812531412296957e-01
9.672995780590717407e-01
9.472115793954873908e-01
9.239196591600731256e-01
9.663710273466370460e-01
9.191235059760957116e-01
9.324835411122005535e-01
9.600276625172889933e-01
8.819894964473278254e-01
9.360410830999066345e-01
9.941819213849865111e-01
8.991387675885492703e-01
9.194915254237288060e-01
9.390070921985815833e-01
9.456997084548104393e-01
9.606060606060605744e-01
9.682529335071708987e-01
9.530737704918033071e-01
9.636503712004482747e-01
9.544435654008438519e-01
8.991253644314869398e-01
9.656529278378018777e-01
9.572188668392291877e-01
9.729651998849583316e-01
8.839249561344311168e-01
9.553821528611444736e-01
9.954397801099450493e-01
9.682818194088271824e-01
9.750337381916329704e-01
9.683264177040110665e-01
9.534256559766763894e-01
9.137645107794362120e-01
9.744641763625230269e-01
9.317427385892116387e-01
9.438456827924065484e-01
9.369080965719620568e-01
9.584411849295370045e-01
9.601626016260161878e-01
9.791869128603822858e-01
9.566851265822784445e-01
8.901336212714267004e-01
9.594455190199870920e-01
9.537172011661807502e-01
9.482758620689655249e-01
9.900370713623726227e-01
9.478667003281999737e-01
9.763125927925496716e-01
9.782886334610472190e-01
9.466311808376524084e-01
9.344948265368229201e-01
9.422814207650273000e-01
9.608600583090379788e-01
9.204147926036981842e-01
9.516624040920717009e-01
9.520717377860234976e-01
9.584582708645676963e-01
9.021624472573839260e-01
8.877309682187730644e-01
9.320394824596505146e-01
9.413934426229507713e-01
9.775260257195346192e-01
9.474962882980160206e-01
9.130130270345987453e-01
9.985712584831527572e-01
9.554420320703845837e-01
9.815524336597133415e-01
9.196038251366119853e-01
9.599811040626264891e-01
9.815546772068510784e-01
9.478088861838100954e-01
9.834660547982183587e-01
9.394711305191654205e-01
9.533577379449634792e-01
9.690196078431372317e-01
9.787568306010928643e-01
9.384508990318118915e-01
9.518944231587909144e-01
9.703039641406359106e-01
9.792583700146725301e-01
9.590539541759053321e-01
9.340667241875179050e-01
9.733226623982926817e-01
9.765148290052504398e-01
9.670822244011766378e-01
9.741960784313725696e-01
9.775878974646309283e-01
9.523809523809524391e-01
9.033246414602347230e-01
9.754237288135593209e-01
9.224356409230359821e-01
8.996088657105605346e-01
9.490221455277537688e-01
9.540520070689220145e-01
9.743155149934811243e-01
9.970584115422327365e-01
9.222888555722139614e-01
9.730968218773096146e-01
9.532847737778400443e-01
9.564207650273224282e-01
9.511082138200782632e-01
9.612369871402326460e-01
9.792349726775956276e-01
9.504132231404959219e-01
9.048186020451043365e-01
9.569847856154910515e-01
9.482710926694328801e-01
9.481036577135916188e-01
9.842213114754099212e-01
9.410096818810511632e-01
9.316569954867827130e-01
9.780054644808742204e-01
9.793644514767932963e-01
9.529657089898053712e-01
9.803058387395737761e-01
9.400145772594752369e-01
9.497799119647858390e-01
9.366371681415929240e-01
9.159663865546218142e-01
9.697786998616874099e-01
9.487756121939030507e-01
9.931010928961747641e-01
9.602099817407182547e-01
9.257840215694620456e-01
9.591836734693877098e-01
9.301173402868317952e-01
9.409677877110826927e-01
9.466472303206997507e-01
9.268707482993197022e-01
9.335267917397759296e-01
9.371081766039749406e-01
9.779982743744607410e-01
9.599575212393802737e-01
9.819813740045890693e-01
9.838585109669447659e-01
9.444923784872016892e-01
9.475822050290134690e-01
9.966804979253112151e-01
9.441980783444198222e-01
9.179083297857244528e-01
9.591107871720117029e-01
8.966113416320884433e-01
9.492463652127518525e-01
9.690353012781497410e-01
9.366311243082736659e-01
9.791916766706681985e-01
9.763868065967017396e-01
9.474403221167673195e-01
9.597677595628415492e-01
9.631185807656396092e-01
9.204693611473272474e-01
9.586122945830797271e-01
8.798965262379897512e-01
9.802595628415300411e-01
9.584582708645678073e-01
9.010365597422608230e-01
9.614512471655327630e-01
9.730290456431535118e-01
9.768875192604006275e-01
9.562862669245647540e-01
9.610589718447961616e-01
9.775749674054757810e-01
8.911612270626139143e-01
9.494519664732430364e-01
1.000000000000000000e+00
9.662531679338401958e-01
9.392436008052919005e-01
9.489754098360656531e-01
9.767827529021558819e-01
9.408180417425409114e-01
9.210526315789473450e-01
9.745970341715023411e-01
9.708511941212493168e-01
8.951644100580270491e-01
9.644621513944222624e-01
9.021558872305140975e-01
9.554597701149425415e-01
9.624208860759493334e-01
9.715481765290194804e-01
9.343745622636223658e-01
9.993775933609958528e-01
9.401909867649522745e-01
9.431993276369239343e-01
9.281462078818907280e-01
9.484094052558782462e-01
9.989357173265219769e-01
9.537809647979139660e-01
9.475806451612903691e-01
9.788235294117647589e-01
9.775878974646309283e-01
9.437631856540084074e-01
9.675979078964154212e-01
9.840902069817731856e-01
9.252032520325202958e-01
9.590612777053455495e-01
9.428125443451113030e-01
9.349726775956284097e-01
9.525956284153005438e-01
9.480361722229719845e-01
9.282920469361147786e-01
9.309623430962342683e-01
9.367330677290837126e-01
9.724659198272370686e-01
9.841817658901350629e-01
9.565956132221192787e-01
9.374911309777210766e-01
9.459829580036518415e-01
9.884590586718247085e-01
9.400403938399394255e-01
8.705601092896174675e-01
9.877252731658862084e-01
9.779497098646035003e-01
9.438058748403576059e-01
9.760891159358592306e-01
9.972330948845998799e-01
8.681187841434374608e-01
9.225381706121306147e-01
9.712395743457004071e-01
9.601840736294516843e-01
9.583679114799447119e-01
9.436895923798851449e-01
9.824313725490196880e-01
9.457215836526181585e-01
9.589981447124303893e-01
9.631029986962190703e-01
9.575139146567718251e-01
9.086845466155810680e-01
8.822616407982262210e-01
9.847482791199893004e-01
9.602073963018491476e-01
9.306898774983881628e-01
9.500392156862744741e-01
9.947130883301096294e-01
9.608627450980392615e-01
9.569970845481049482e-01
9.591393012445644795e-01
9.160541586073500664e-01
9.571955101357010331e-01
9.622570058066144405e-01
9.550224887556222342e-01
9.554323725055431371e-01
9.603388813915130218e-01
9.460466234078346304e-01
9.016061546767444312e-01
9.702329594477998587e-01
9.756097560975609539e-01
9.411919831223628519e-01
9.542230818826562544e-01
9.616929255483472883e-01
9.183673469387755306e-01
9.239754098360655199e-01
9.654298082869511299e-01
9.647051474262868798e-01
9.650199203187251884e-01
9.599854227405247853e-01
9.241685144124168749e-01
9.600485895532460123e-01
9.855300644774328545e-01
9.571341090018370412e-01
9.515890613451588598e-01
9.502434570906878042e-01
9.912728820774797667e-01
9.885827273886975686e-01
9.738280126545872939e-01
9.618852459016393741e-01
9.899578879170715107e-01
9.875228241022520059e-01
9.894047779727358494e-01
9.640272456364410436e-01
9.789688818565400741e-01
9.249654218533885919e-01
9.725983236621534855e-01
9.432944606413994348e-01
9.579565393440410137e-01
9.284876140808344669e-01
9.343680709534367690e-01
9.675632911392404445e-01
9.270408163265305701e-01
9.617180205415499783e-01
9.788562508869022016e-01
9.632301442779100942e-01
9.883737218097773392e-01
9.452136075949366667e-01
9.404761904761904656e-01
9.578551912568306070e-01
9.200130378096479378e-01
9.394314868804665153e-01
9.402769324406573537e-01
9.390670553935860365e-01
9.585130859936727976e-01
9.700026371308017037e-01
9.248013195381615814e-01
9.660442600276625269e-01
9.421028606208156075e-01
9.840602907829798518e-01
9.529699938763012135e-01
9.821972002434571358e-01
9.155247813411079294e-01
9.804588502067493883e-01
9.660863958736299884e-01
9.468889188824402003e-01
8.915850716616999794e-01
9.630013831258644741e-01
9.330211437491131576e-01
9.803961748633879258e-01
9.240547588005215696e-01
9.632653061224489832e-01
9.494833524684270776e-01
9.364281108961960420e-01
9.751728907330566853e-01
9.519679300291544743e-01
9.827800829875519284e-01
9.755021302495435753e-01
9.155054644808743314e-01
9.507602339181286943e-01
9.629098360655737876e-01
9.862669245647968097e-01
9.189662417705561914e-01
8.960964408725602404e-01
9.908892128279882527e-01
9.662948207171314641e-01
9.831309041835357698e-01
9.124923453766075054e-01
9.723816813369052792e-01
9.158038538970376674e-01
9.144958833850721502e-01
9.166909620991253727e-01
9.503725066089881990e-01
9.777162447257383704e-01
9.370739712193890680e-01
9.511139491982403271e-01
9.451394880644233831e-01
9.746588693957114469e-01
9.682539682539682557e-01
9.859924359153943163e-01
9.941287623161021436e-01
9.779116465863454399e-01
9.423215573179524185e-01
9.519382911392405555e-01
9.383963494132986360e-01
9.081632653061223470e-01
9.784580498866213283e-01
9.525423728813560142e-01
9.352769679300291239e-01
9.570400359874045026e-01
9.599640125955914982e-01
9.805286911669890415e-01
9.370078740157480324e-01
9.074440052700922799e-01
9.389830508474575899e-01
9.571230982019364175e-01
9.696035859364056098e-01
9.439979589233319368e-01
9.422449269192564314e-01
9.607350096711798626e-01
9.101397679324894074e-01
9.476560253091745878e-01
9.553665611814345926e-01
9.775791116787285739e-01
9.797252234227024070e-01
9.983505772979457404e-01
8.786885245901638886e-01
9.568151147098515885e-01
9.462109539151141169e-01
9.811976727685540745e-01
9.365489957395010112e-01
9.654623392529086967e-01
9.458069620253164445e-01
9.440067964164349235e-01
9.419920318725099051e-01
9.736636245110821264e-01
9.700838168923274774e-01
9.402868318122555857e-01
9.357753186720829675e-01
9.616271409749670429e-01
9.473784921546115623e-01
9.080459770114942541e-01
9.561403508771929571e-01
9.732549019607843466e-01
9.499308437067772726e-01
9.263119533527697236e-01
9.414342629482072011e-01
9.540854572713642900e-01
9.561016433353621835e-01
9.449402390438246258e-01
9.501853568118627802e-01
9.499625187406296467e-01
9.430438842203547889e-01
9.708101422387136470e-01
9.647049737411182990e-01
9.185338865836791822e-01
9.618783135571825627e-01
9.790300546448087449e-01
9.616297468354430000e-01
9.779338725698879520e-01
9.439655172413793371e-01
9.833860759493671111e-01
9.984612892776157933e-01
9.322734276509315743e-01
9.558994197292070005e-01
9.209744904845458269e-01
9.771758977480219377e-01
9.510141599693837655e-01
9.140554480980013219e-01
9.741229825263438835e-01
9.907041139240506666e-01
9.345898004434589623e-01
9.586748633879781378e-01
9.997898865387309097e-01
9.460023008340523454e-01
9.912047302291204787e-01
9.274590163934426368e-01
9.147659063625450671e-01
9.795657726692209577e-01
9.304456751054852592e-01
9.193697868396663031e-01
9.510928961748633670e-01
9.050484094052558826e-01
9.381374722838137226e-01
9.110073213834890549e-01
9.357923497267759405e-01
9.235691688236985497e-01
9.459829580036518415e-01
9.692635423006694673e-01
8.694606413994169225e-01
9.711836955054663489e-01
9.465449804432854997e-01
9.407304852320674815e-01
9.887299230665407279e-01
8.970161977834611999e-01
9.000683060109290201e-01
9.783469945355190989e-01
9.628250441807624238e-01
9.387149709669275754e-01
9.164167916041979778e-01
9.490261716372490053e-01
9.501388538247917959e-01
9.308216262239250582e-01
8.780327004219409259e-01
9.785575048732942927e-01
9.642166344294004210e-01
9.749768303985171247e-01
9.315276932440657021e-01
9.343745622636223658e-01
9.395697522816167657e-01
9.487785126197867402e-01
9.194672131147541005e-01
9.616893122286034323e-01
9.980783444198078058e-01
9.614610296232384279e-01
9.557204700061843194e-01
9.674703406046689658e-01
9.784411276948590253e-01
9.504065040650406804e-01
9.637102734663709480e-01
9.613135402609087610e-01
9.843750000000000000e-01
9.509010926635448335e-01
9.356188419489809283e-01
9.695035460992907916e-01
9.454649827784156191e-01
8.999316939890710243e-01
9.725554106910038188e-01
9.254029658284977922e-01
9.822681464472509116e-01
9.766763848396501357e-01
9.445082280903176475e-01
9.740500463392030017e-01
9.736636245110822374e-01
9.283359704641350740e-01
9.404900064474532861e-01
9.438285291943828703e-01
9.848360655737705693e-01
9.552098950524737786e-01
9.685136897001302980e-01
9.744751222318089878e-01
9.649261603375527407e-01
9.488783433994822936e-01
9.752602571953459254e-01
9.614108942467152197e-01
9.705763260898906397e-01
9.436379702095429867e-01
9.231049562682215326e-01
9.498945147679325185e-01
9.554324894514767408e-01
9.751261715933670082e-01
9.489795918367347483e-01
9.643824701195219395e-01
9.505464480874317168e-01
9.997362869198311852e-01
9.036954915003694300e-01
9.723828362751065768e-01
9.801173402868318396e-01
9.644100580270792422e-01
9.899814471243043590e-01
9.501330718588038016e-01
9.125220903812168993e-01
9.807692307692307265e-01
8.939393939393939226e-01
9.493506493506492783e-01
9.520309477756285776e-01
9.642076502732240817e-01
9.390866181910957344e-01
9.596311475409836644e-01
9.560792349726776607e-01
9.641932700603969009e-01
9.645232815964523976e-01
9.472749540722595896e-01
9.327821257258267496e-01
9.867457712698813888e-01
9.435821298420838943e-01
9.788047808764940294e-01
9.710300429184549609e-01
9.420600858369099218e-01
9.796865489957394812e-01
9.597667638483964314e-01
9.601113172541744234e-01
9.763661202185792698e-01
9.787852987086703704e-01
9.053513862024500369e-01
9.660671003954586222e-01
9.608627450980392615e-01
9.565189048239896019e-01
9.752049180327868605e-01
9.828310091467985510e-01
9.780737704918033293e-01
9.370288248337029779e-01
9.640898073733894513e-01
9.630518874216352776e-01
9.751037344398340023e-01
9.578713968957871527e-01
9.740355174525413551e-01
9.488023532707662300e-01
9.542033422630437078e-01
9.678571428571428603e-01
9.584626755358462979e-01
9.726205997392437519e-01
9.688105117565698476e-01
9.536396574440052509e-01
9.996404946793213675e-01
9.761339662447257037e-01
9.484936092513694961e-01
9.480000000000000648e-01
9.438703916315857034e-01
9.336041462389690349e-01
9.812841530054645656e-01
9.202881295392308925e-01
9.588877994116823400e-01
9.005959982971478706e-01
9.626130381967877847e-01
9.316939890710382866e-01
9.682860998650472117e-01
9.235845040442741682e-01
9.774328984855301661e-01
9.486310299869621376e-01
9.397616006811408962e-01
9.652542372881355304e-01
9.946598101265822223e-01
9.519585664960114046e-01
9.419338550870992588e-01
9.452691557954715496e-01
9.801253834867280634e-01
9.633886760323542298e-01
9.175358539765319232e-01
9.500369549150036175e-01
9.619123505976094890e-01
9.227979957805907407e-01
9.214480874316939296e-01
9.281742354031510267e-01
9.142759562841530352e-01
9.696403872752420439e-01
9.663860186248246498e-01
9.661134163208852099e-01
9.325337331334332402e-01
9.225660863958735636e-01
9.268442622950819887e-01
9.543568464730290968e-01
9.551344347262714640e-01
9.395043731778425222e-01
9.135731598418166399e-01
8.863702623906705158e-01
9.406130268199233146e-01
9.422324200296935404e-01
9.566068295316506598e-01
9.354080221300138387e-01
9.640031645569620000e-01
9.375518672199170123e-01
9.535699824537724467e-01
9.623430962343095807e-01
9.377679231337768817e-01
9.146048977530926161e-01
9.300386821395224546e-01
9.708719851576994575e-01
9.795657726692209577e-01
9.490261716372490053e-01
9.469564043730597236e-01
9.653005464480874931e-01
8.847698486252701944e-01
9.792583700146726411e-01
9.726110772976263030e-01
9.756065400843881852e-01
9.413926499032881923e-01
9.659616192744081564e-01
9.628527205619716867e-01
9.696142649199418484e-01
9.634941329856584469e-01
9.830508474576271638e-01
9.306693989071037620e-01
9.713944223107570108e-01
9.261595547309833254e-01
9.373741731377625008e-01
9.759562841530055044e-01
9.328551912568305848e-01
9.692543684140322302e-01
9.905090595340810822e-01
9.583148558758314284e-01
9.503882657463330608e-01
9.808129260287805629e-01
9.429824561403509220e-01
9.441098193024233254e-01
9.592213114754097880e-01
9.312368143459915926e-01
9.790588235294117592e-01
9.731809030773654889e-01
9.191861206786580141e-01
9.523295944779983646e-01
9.635624538063561895e-01
9.642811089619600651e-01
9.689938981126721140e-01
9.547588005215124074e-01
9.221217438250776111e-01
9.930327868852458773e-01
9.528329019269484723e-01
9.585331986872002163e-01
9.716459197786998514e-01
9.489071038251366552e-01
9.350789580240247423e-01
9.526635021097046296e-01
9.422544951590594575e-01
9.697961046865489765e-01
9.810181190681621644e-01
9.464781620802827922e-01
9.283640494824539902e-01
9.375488917861799498e-01
9.387676999617298179e-01
9.446163765312700633e-01
9.404371584699453557e-01
9.780054644808742204e-01
9.846311475409835756e-01
9.118989653073645840e-01
9.359177215189873333e-01
9.845588235294117085e-01
9.487128184607176440e-01
9.074633304572907733e-01
9.070598122986412992e-01
9.739442231075696732e-01
9.487021857923497725e-01
9.782705099778270519e-01
9.438768270185894371e-01
9.507746126936532649e-01
9.000000000000000222e-01
9.810559951308581716e-01
9.356409230358810891e-01
9.692616620327463295e-01
9.871281846071762178e-01
9.353902953586498148e-01
9.743230625583566562e-01
9.021276595744680549e-01
9.532108945527236754e-01
9.830611418545013303e-01
9.065040650406503975e-01
9.371060372601204280e-01
9.804193037974683334e-01
9.589750063115375367e-01
9.753415300546447453e-01
9.376737720111214536e-01
9.178594455190199897e-01
9.656814679927160361e-01
9.294650560828300323e-01
9.414454940770730085e-01
9.024390243902439268e-01
9.260557768924302380e-01
9.479618994256899800e-01
9.618032123093535057e-01
9.712516297262059339e-01
9.333693823600096584e-01
9.840286831812256052e-01
9.839458413926499558e-01
9.809038344491783912e-01
9.162764296863913360e-01
9.666402953586498148e-01
9.969013713080169259e-01
9.639056658038538394e-01
9.586701434159061730e-01
9.336041462389690349e-01
9.610495195861049611e-01
9.750124937531233771e-01
9.808590102707750447e-01
9.425105485232067037e-01
9.600485895532461234e-01
9.528425655976676678e-01
9.648928307464892384e-01
9.522475656929438870e-01
9.728862973760933341e-01
9.429482071713147784e-01
9.138483965014577715e-01
9.419767907162864828e-01
9.629629629629630205e-01
9.143442622950819221e-01
9.525046382189239491e-01
9.151603498542274506e-01
9.592669432918394801e-01
9.296863913722150929e-01
9.817371297095196514e-01
9.684167903900661178e-01
9.456506513517299872e-01
8.933507170795306207e-01
9.788844621513943522e-01
9.833985693075989465e-01
9.645858343337334606e-01
9.415204678362572022e-01
9.583975346687211294e-01
9.122315592903827985e-01
8.900369945146064943e-01
9.601668104687949290e-01
9.590846994535519032e-01
9.802270697793086240e-01
9.800834052343974090e-01
9.680040264595917154e-01
9.611209290583186959e-01
9.386518243661100547e-01
9.445805266380894460e-01
9.666533279978658522e-01
9.252228932988207921e-01
9.220479058691694041e-01
1.000000000000000000e+00
9.492352320675105926e-01
9.021711688967432030e-01
9.657914668013127812e-01
9.647943037974683334e-01
9.415444348576358369e-01
9.625402965828497859e-01
9.588725913143514301e-01
9.688755020080321856e-01
9.300398406374501548e-01
9.174538911381016071e-01
9.749784296807593176e-01
9.365746298519407320e-01
9.307464892830745740e-01
9.754495159059474174e-01
9.277331292256665307e-01
9.461409160946910868e-01
9.620632778527514750e-01
9.716530054644809677e-01
9.308366533864541603e-01
9.727845254161043842e-01
9.709784411276948246e-01
9.616120218579234935e-01
9.587644324486429559e-01
9.574762658227847778e-01
9.265971316818774062e-01
9.524250849552053921e-01
9.807719596991627542e-01
9.355225671015144906e-01
9.178889847569744465e-01
9.787085025913992986e-01
9.298921417565485514e-01
9.719848718307886326e-01
9.848484848484848619e-01
9.820966350301985059e-01
9.525073746312684442e-01
9.570760233918128579e-01
9.442622950819672401e-01
9.383667180277350806e-01
9.253701480592236850e-01
9.462431693989070691e-01
9.481892878880098241e-01
9.703740019610589407e-01
9.551600969511416794e-01
9.264225911735490815e-01
9.210398445092323749e-01
9.517625231910945560e-01
9.623098201936376439e-01
9.444594412201376965e-01
9.556155345629030462e-01
9.465163934426229497e-01
9.816719409282700370e-01
9.414901960784313184e-01
9.874827109266943737e-01
9.779380865667460787e-01
9.543123228505870914e-01
9.216786731445802960e-01
9.303249609763020178e-01
9.447779111644657446e-01
9.232815645671554883e-01
9.115160349854227739e-01
9.947518368571000025e-01
9.665219218377923971e-01
9.388242498469074881e-01
9.353288987435328661e-01
9.676862745098039342e-01
9.587663652314751817e-01
9.582499666533279559e-01
9.221729490022172460e-01
9.319060957716419624e-01
9.577464788732394929e-01
9.736880466472304096e-01
9.447808764940239801e-01
9.450207468879667783e-01
9.182075853691457068e-01
9.802991084268046773e-01
9.325985904933272730e-01
9.579963104867319501e-01
9.393305439330543738e-01
9.993084370677731698e-01
9.747228381374722916e-01
9.929962179576972137e-01
9.950207468879668227e-01
9.459889349930843405e-01
9.327900912646674980e-01
9.225625539257982233e-01
9.676078431372548971e-01
9.534722222222221655e-01
9.720627631075392516e-01
9.599575212393802737e-01
9.654371584699453779e-01
9.787852987086703704e-01
9.336734693877550839e-01
9.735822959889350869e-01
9.846131722749497106e-01
9.856486796785304261e-01
9.223032069970845681e-01
9.417985392574559356e-01
9.497411561691113668e-01
9.223107569721116228e-01
9.517299969107197999e-01
9.605089662447257037e-01
9.195427092320966889e-01
9.739071038251366774e-01
9.371675943104514905e-01
9.663251366120219066e-01
9.621584699453551437e-01
9.277316735822959126e-01
9.531924072476272158e-01
9.524620405846460081e-01
9.245512214873802259e-01
9.364071038251365886e-01
9.500757384498863534e-01
9.818826563507414562e-01
9.789249032946512052e-01
9.596311475409836644e-01
9.839615668883960886e-01
9.524227291132406625e-01
9.616688396349413193e-01
9.307543520309476959e-01
9.374526634688210569e-01
9.851940776310523784e-01
9.820488594952085926e-01
9.063745019920319557e-01
9.153661464585834961e-01
9.074783595856392715e-01
9.390715667311412274e-01
9.446721311475410054e-01
9.401783146390566559e-01
9.836956521739130821e-01
9.823971518987342222e-01
9.884562841530054600e-01
9.491009681881050764e-01
9.145602365114561261e-01
9.631771150334753617e-01
9.848484848484848619e-01
9.645043731778425444e-01
9.356463743436922442e-01
8.835181079083517242e-01
9.577147998200630230e-01
9.453781512605041737e-01
9.357429718875502900e-01
9.601659751037344703e-01
9.782798833819241757e-01
9.638218923933209448e-01
9.441220137670401913e-01
9.830508474576271638e-01
9.675363622732042757e-01
9.425546448087431806e-01
9.751366120218578626e-01
9.748271092669432702e-01
9.501591556374602288e-01
9.811619211964337506e-01
9.702143385070214343e-01
9.279254960183560552e-01
9.729490022172948560e-01
9.685131195335276999e-01
9.771137026239067325e-01
9.671491414786433927e-01
9.369944657300979252e-01
9.778827410406357723e-01
9.621800402645960260e-01
9.288382019474457074e-01
9.534480458850206341e-01
9.322033898305084332e-01
9.266003641966662485e-01
9.676662757580835050e-01
9.404564315352696990e-01
9.805266380894059886e-01
9.726598702502317062e-01
9.417224589166159898e-01
9.453551912568306514e-01
9.591530054644809011e-01
9.801319538161643585e-01
1.000000000000000000e+00
9.908163265306122458e-01
9.555839364268482461e-01
9.574453551912568416e-01
9.392118076688984463e-01
9.506933744221879312e-01
9.622400816430667359e-01
9.553710798921527525e-01
9.539665211062590133e-01
9.742879746835443333e-01
9.751450421940928148e-01
9.334400426837401454e-01
9.807692307692308376e-01
9.081103796049866395e-01
9.123031077054064575e-01
9.617633828160143672e-01
9.580797321972003289e-01
9.504835589941972307e-01
9.310390822995865401e-01
9.578146611341631367e-01
9.558404558404558493e-01
9.128087461195842911e-01
9.406098173898475023e-01
9.693306010928961491e-01
9.239459732390811197e-01
9.879098360655736988e-01
9.546744036105737630e-01
9.633438818565400741e-01
9.097254901960784013e-01
9.251817833907385324e-01
9.973009446693656965e-01
9.829936563638818070e-01
9.173617547111522219e-01
9.618383565751986719e-01
9.385070214338506744e-01
8.957871396895786820e-01
9.329509493670885556e-01
9.596695821185616815e-01
9.814814814814815103e-01
9.210235131396956598e-01
9.284554730983302084e-01
9.437696806117858994e-01
9.418434040282779307e-01
9.726386806596700740e-01
9.826357466063347923e-01
9.263661202185792254e-01
9.524896265560165443e-01
9.677595628415299744e-01
9.664732430689877418e-01
9.464769647696477106e-01
