1.000000000000000000e+00
1.000000000000000000e+00
1.000000000000000000e+00
1.000000000000000000e+00
6.776859504132231038e-01
1.000000000000000000e+00
7.851239669421488099e-01
1.000000000000000000e+00
7.723577235772357552e-01
1.000000000000000000e+00
1.000000000000000000e+00
7.736625514403292492e-01
1.000000000000000000e+00
7.213114754098360892e-01
1.000000000000000000e+00
6.913580246913579863e-01
1.000000000000000000e+00
1.000000000000000000e+00
1.000000000000000000e+00
1.000000000000000000e+00
1.000000000000000000e+00
6.680497925311202900e-01
6.867469879518072196e-01
1.000000000000000000e+00
1.000000000000000000e+00
1.000000000000000000e+00
1.000000000000000000e+00
1.000000000000000000e+00
1.000000000000000000e+00
1.000000000000000000e+00
1.000000000000000000e+00
1.000000000000000000e+00
6.816326530612244472e-01
7.004048582995950900e-01
1.000000000000000000e+00
1.000000000000000000e+00
1.000000000000000000e+00
1.000000000000000000e+00
1.000000000000000000e+00
1.000000000000000000e+00
1.000000000000000000e+00
1.000000000000000000e+00
7.692307692307692735e-01
1.000000000000000000e+00
1.000000000000000000e+00
8.326530612244897878e-01
1.000000000000000000e+00
8.076923076923077094e-01
1.000000000000000000e+00
1.000000000000000000e+00
6.803278688524589946e-01
1.000000000000000000e+00
7.016806722689075126e-01
1.000000000000000000e+00
1.000000000000000000e+00
7.079999999999999627e-01
6.747967479674796820e-01
6.680327868852459217e-01
7.489878542510121084e-01
1.000000000000000000e+00
1.000000000000000000e+00
1.000000000000000000e+00
8.734693877551020780e-01
1.000000000000000000e+00
1.000000000000000000e+00
7.118644067796610075e-01
9.224489795918366930e-01
1.000000000000000000e+00
1.000000000000000000e+00
1.000000000000000000e+00
1.000000000000000000e+00
1.000000000000000000e+00
1.000000000000000000e+00
1.000000000000000000e+00
7.330508474576271638e-01
1.000000000000000000e+00
1.000000000000000000e+00
1.000000000000000000e+00
1.000000000000000000e+00
1.000000000000000000e+00
7.711864406779661563e-01
1.000000000000000000e+00
6.443514644351464593e-01
1.000000000000000000e+00
1.000000000000000000e+00
9.669421487603305776e-01
1.000000000000000000e+00
1.000000000000000000e+00
1.000000000000000000e+00
1.000000000000000000e+00
1.000000000000000000e+00
1.000000000000000000e+00
1.000000000000000000e+00
1.000000000000000000e+00
1.000000000000000000e+00
1.000000000000000000e+00
1.000000000000000000e+00
7.389558232931726645e-01
8.458333333333333259e-01
1.000000000000000000e+00
1.000000000000000000e+00
1.000000000000000000e+00
1.000000000000000000e+00
1.000000000000000000e+00
1.000000000000000000e+00
1.000000000000000000e+00
1.000000000000000000e+00
1.000000000000000000e+00
1.000000000000000000e+00
7.672413793103448620e-01
7.575757575757575690e-01
1.000000000000000000e+00
1.000000000000000000e+00
1.000000000000000000e+00
1.000000000000000000e+00
1.000000000000000000e+00
1.000000000000000000e+00
1.000000000000000000e+00
1.000000000000000000e+00
1.000000000000000000e+00
7.574468085106382809e-01
6.945606694560669814e-01
7.033898305084745894e-01
1.000000000000000000e+00
1.000000000000000000e+00
7.925311203319501674e-01
1.000000000000000000e+00
1.000000000000000000e+00
1.000000000000000000e+00
8.125000000000000000e-01
1.000000000000000000e+00
1.000000000000000000e+00
1.000000000000000000e+00
1.000000000000000000e+00
1.000000000000000000e+00
1.000000000000000000e+00
7.469387755102040449e-01
1.000000000000000000e+00
1.000000000000000000e+00
1.000000000000000000e+00
1.000000000000000000e+00
1.000000000000000000e+00
1.000000000000000000e+00
1.000000000000000000e+00
1.000000000000000000e+00
1.000000000000000000e+00
1.000000000000000000e+00
1.000000000000000000e+00
1.000000000000000000e+00
1.000000000000000000e+00
1.000000000000000000e+00
1.000000000000000000e+00
7.314049586776859568e-01
6.837606837606837740e-01
1.000000000000000000e+00
1.000000000000000000e+00
1.000000000000000000e+00
9.787234042553191182e-01
1.000000000000000000e+00
1.000000000000000000e+00
1.000000000000000000e+00
6.958333333333333037e-01
1.000000000000000000e+00
7.066115702479338623e-01
7.066115702479338623e-01
7.377049180327869271e-01
1.000000000000000000e+00
1.000000000000000000e+00
1.000000000000000000e+00
1.000000000000000000e+00
1.000000000000000000e+00
1.000000000000000000e+00
1.000000000000000000e+00
1.000000000000000000e+00
1.000000000000000000e+00
1.000000000000000000e+00
7.973568281938325786e-01
1.000000000000000000e+00
1.000000000000000000e+00
1.000000000000000000e+00
1.000000000000000000e+00
1.000000000000000000e+00
1.000000000000000000e+00
1.000000000000000000e+00
1.000000000000000000e+00
1.000000000000000000e+00
1.000000000000000000e+00
1.000000000000000000e+00
1.000000000000000000e+00
7.658730158730159276e-01
9.827586206896551380e-01
7.530364372469635637e-01
1.000000000000000000e+00
1.000000000000000000e+00
1.000000000000000000e+00
7.032520325203251987e-01
1.000000000000000000e+00
1.000000000000000000e+00
1.000000000000000000e+00
1.000000000000000000e+00
7.364016736401673979e-01
1.000000000000000000e+00
1.000000000000000000e+00
1.000000000000000000e+00
1.000000000000000000e+00
1.000000000000000000e+00
7.500000000000000000e-01
1.000000000000000000e+00
1.000000000000000000e+00
6.475409836065574298e-01
1.000000000000000000e+00
6.504065040650406360e-01
1.000000000000000000e+00
1.000000000000000000e+00
1.000000000000000000e+00
1.000000000000000000e+00
8.688524590163934080e-01
1.000000000000000000e+00
8.559322033898305593e-01
1.000000000000000000e+00
1.000000000000000000e+00
1.000000000000000000e+00
1.000000000000000000e+00
1.000000000000000000e+00
1.000000000000000000e+00
8.065843621399176877e-01
1.000000000000000000e+00
1.000000000000000000e+00
1.000000000000000000e+00
1.000000000000000000e+00
1.000000000000000000e+00
1.000000000000000000e+00
9.955752212389380462e-01
1.000000000000000000e+00
1.000000000000000000e+00
1.000000000000000000e+00
1.000000000000000000e+00
7.142857142857143016e-01
7.826086956521739468e-01
1.000000000000000000e+00
6.877637130801688148e-01
7.264957264957264682e-01
1.000000000000000000e+00
1.000000000000000000e+00
1.000000000000000000e+00
1.000000000000000000e+00
1.000000000000000000e+00
6.983471074380165344e-01
1.000000000000000000e+00
7.166666666666666741e-01
1.000000000000000000e+00
1.000000000000000000e+00
1.000000000000000000e+00
1.000000000000000000e+00
1.000000000000000000e+00
1.000000000000000000e+00
1.000000000000000000e+00
6.932773109243697274e-01
1.000000000000000000e+00
1.000000000000000000e+00
1.000000000000000000e+00
7.201646090534979949e-01
1.000000000000000000e+00
6.923076923076922906e-01
1.000000000000000000e+00
1.000000000000000000e+00
1.000000000000000000e+00
1.000000000000000000e+00
6.666666666666666297e-01
7.183673469387754640e-01
6.746031746031746490e-01
1.000000000000000000e+00
1.000000000000000000e+00
1.000000000000000000e+00
1.000000000000000000e+00
1.000000000000000000e+00
1.000000000000000000e+00
1.000000000000000000e+00
8.461538461538461453e-01
1.000000000000000000e+00
1.000000000000000000e+00
1.000000000000000000e+00
1.000000000000000000e+00
1.000000000000000000e+00
1.000000000000000000e+00
1.000000000000000000e+00
1.000000000000000000e+00
1.000000000000000000e+00
1.000000000000000000e+00
1.000000000000000000e+00
7.314049586776859568e-01
8.189300411522634215e-01
1.000000000000000000e+00
7.148936170212766283e-01
7.468879668049792642e-01
9.102040816326530948e-01
7.544642857142856984e-01
1.000000000000000000e+00
1.000000000000000000e+00
6.882591093117408354e-01
7.043478260869565633e-01
1.000000000000000000e+00
1.000000000000000000e+00
1.000000000000000000e+00
1.000000000000000000e+00
1.000000000000000000e+00
1.000000000000000000e+00
1.000000000000000000e+00
1.000000000000000000e+00
1.000000000000000000e+00
1.000000000000000000e+00
1.000000000000000000e+00
1.000000000000000000e+00
1.000000000000000000e+00
1.000000000000000000e+00
1.000000000000000000e+00
1.000000000000000000e+00
1.000000000000000000e+00
1.000000000000000000e+00
1.000000000000000000e+00
1.000000000000000000e+00
1.000000000000000000e+00
1.000000000000000000e+00
1.000000000000000000e+00
9.344262295081967595e-01
1.000000000000000000e+00
1.000000000000000000e+00
1.000000000000000000e+00
8.685258964143426352e-01
7.704918032786884918e-01
1.000000000000000000e+00
1.000000000000000000e+00
7.330508474576271638e-01
1.000000000000000000e+00
1.000000000000000000e+00
1.000000000000000000e+00
1.000000000000000000e+00
1.000000000000000000e+00
1.000000000000000000e+00
1.000000000000000000e+00
1.000000000000000000e+00
1.000000000000000000e+00
7.272727272727272929e-01
1.000000000000000000e+00
7.166666666666666741e-01
7.805907172995780741e-01
7.845528455284552782e-01
1.000000000000000000e+00
1.000000000000000000e+00
6.938775510204081565e-01
1.000000000000000000e+00
1.000000000000000000e+00
1.000000000000000000e+00
1.000000000000000000e+00
1.000000000000000000e+00
1.000000000000000000e+00
1.000000000000000000e+00
1.000000000000000000e+00
1.000000000000000000e+00
1.000000000000000000e+00
1.000000000000000000e+00
1.000000000000000000e+00
8.408163265306122236e-01
1.000000000000000000e+00
7.786885245901639108e-01
1.000000000000000000e+00
1.000000000000000000e+00
1.000000000000000000e+00
1.000000000000000000e+00
1.000000000000000000e+00
6.970954356846472688e-01
1.000000000000000000e+00
7.083333333333333703e-01
1.000000000000000000e+00
1.000000000000000000e+00
1.000000000000000000e+00
1.000000000000000000e+00
1.000000000000000000e+00
9.218106995884773891e-01
1.000000000000000000e+00
1.000000000000000000e+00
1.000000000000000000e+00
1.000000000000000000e+00
1.000000000000000000e+00
6.942148760330578705e-01
1.000000000000000000e+00
1.000000000000000000e+00
7.016129032258064946e-01
1.000000000000000000e+00
7.907949790794979172e-01
1.000000000000000000e+00
1.000000000000000000e+00
7.198275862068965747e-01
1.000000000000000000e+00
1.000000000000000000e+00
1.000000000000000000e+00
1.000000000000000000e+00
1.000000000000000000e+00
1.000000000000000000e+00
1.000000000000000000e+00
1.000000000000000000e+00
1.000000000000000000e+00
1.000000000000000000e+00
1.000000000000000000e+00
1.000000000000000000e+00
1.000000000000000000e+00
1.000000000000000000e+00
1.000000000000000000e+00
1.000000000000000000e+00
1.000000000000000000e+00
1.000000000000000000e+00
1.000000000000000000e+00
1.000000000000000000e+00
1.000000000000000000e+00
1.000000000000000000e+00
1.000000000000000000e+00
1.000000000000000000e+00
1.000000000000000000e+00
1.000000000000000000e+00
1.000000000000000000e+00
1.000000000000000000e+00
1.000000000000000000e+00
1.000000000000000000e+00
1.000000000000000000e+00
1.000000000000000000e+00
1.000000000000000000e+00
6.850393700787401619e-01
1.000000000000000000e+00
1.000000000000000000e+00
1.000000000000000000e+00
6.954732510288066383e-01
1.000000000000000000e+00
1.000000000000000000e+00
1.000000000000000000e+00
1.000000000000000000e+00
8.025210084033613800e-01
1.000000000000000000e+00
1.000000000000000000e+00
1.000000000000000000e+00
7.673469387755101900e-01
1.000000000000000000e+00
7.510040160642570406e-01
1.000000000000000000e+00
1.000000000000000000e+00
1.000000000000000000e+00
1.000000000000000000e+00
6.624999999999999778e-01
1.000000000000000000e+00
1.000000000000000000e+00
1.000000000000000000e+00
1.000000000000000000e+00
1.000000000000000000e+00
1.000000000000000000e+00
7.338709677419354982e-01
1.000000000000000000e+00
1.000000000000000000e+00
1.000000000000000000e+00
1.000000000000000000e+00
1.000000000000000000e+00
1.000000000000000000e+00
1.000000000000000000e+00
1.000000000000000000e+00
1.000000000000000000e+00
1.000000000000000000e+00
7.459016393442623460e-01
7.541666666666666519e-01
1.000000000000000000e+00
6.987447698744769786e-01
9.152542372881355970e-01
1.000000000000000000e+00
7.983870967741935054e-01
1.000000000000000000e+00
1.000000000000000000e+00
1.000000000000000000e+00
1.000000000000000000e+00
7.427385892116182831e-01
1.000000000000000000e+00
1.000000000000000000e+00
1.000000000000000000e+00
1.000000000000000000e+00
1.000000000000000000e+00
1.000000000000000000e+00
1.000000000000000000e+00
1.000000000000000000e+00
7.448559670781893516e-01
1.000000000000000000e+00
1.000000000000000000e+00
1.000000000000000000e+00
1.000000000000000000e+00
7.298387096774193727e-01
8.148148148148147696e-01
1.000000000000000000e+00
1.000000000000000000e+00
1.000000000000000000e+00
1.000000000000000000e+00
1.000000000000000000e+00
1.000000000000000000e+00
1.000000000000000000e+00
1.000000000000000000e+00
6.694915254237288060e-01
