8.975409836065574298e-01
9.021276595744680549e-01
9.020408163265306589e-01
8.838174273858920849e-01
8.966942148760330689e-01
9.087136929460580825e-01
9.132231404958677246e-01
8.663793103448276245e-01
8.861788617886179331e-01
8.708333333333333481e-01
8.347107438016528880e-01
8.518518518518518601e-01
9.021276595744680549e-01
8.770491803278688270e-01
8.953974895397489586e-01
8.683127572016461349e-01
8.995815899581589559e-01
9.166666666666666297e-01
8.706896551724138122e-01
9.110169491525423879e-01
9.059829059829059839e-01
8.423236514522821627e-01
9.156626506024095891e-01
8.734693877551020780e-01
8.565573770491803351e-01
9.240506329113924444e-01
9.234042553191489366e-01
8.577586206896551380e-01
8.432203389830508211e-01
8.983739837398373451e-01
8.921161825726141581e-01
8.831168831168830780e-01
8.938775510204081121e-01
9.068825910931174183e-01
8.431372549019607865e-01
8.893442622950820109e-01
8.934426229508196649e-01
9.181034482758620996e-01
8.911290322580645018e-01
8.921161825726141581e-01
8.739495798319327768e-01
8.844621513944223024e-01
9.068825910931174183e-01
8.809523809523809312e-01
8.803418803418803229e-01
8.653061224489796421e-01
9.083665338645418030e-01
9.401709401709401615e-01
9.109311740890688736e-01
8.800000000000000044e-01
8.811475409836065920e-01
8.936170212765957022e-01
8.823529411764705621e-01
9.061224489795918213e-01
8.906882591093117085e-01
8.960000000000000187e-01
8.658536585365853577e-01
9.016393442622950838e-01
9.514170040485829816e-01
8.693877551020408045e-01
8.458333333333333259e-01
9.493670886075948889e-01
8.571428571428570953e-01
8.818565400843881852e-01
9.090909090909090606e-01
9.194915254237288060e-01
9.387755102040816757e-01
9.388646288209606672e-01
8.964143426294820527e-01
8.945147679324894074e-01
9.041666666666666741e-01
9.072580645161290036e-01
8.771186440677966045e-01
9.113924050632911111e-01
8.940677966101694407e-01
8.938775510204081121e-01
8.907563025210084584e-01
9.098360655737705027e-01
9.037656903765690641e-01
9.186991869918699205e-01
9.406779661016949623e-01
9.173553719008264995e-01
8.953974895397489586e-01
9.024390243902439268e-01
8.821138211382113514e-01
8.595041322314049825e-01
8.949579831932773510e-01
9.268292682926829729e-01
8.930041152263374915e-01
8.750000000000000000e-01
8.683127572016461349e-01
9.109311740890688736e-01
9.176954732510288482e-01
9.008264462809917328e-01
9.236947791164659138e-01
8.437500000000000000e-01
8.943089430894308745e-01
9.357429718875501790e-01
8.625000000000000444e-01
9.124999999999999778e-01
8.760683760683760646e-01
8.865546218487394547e-01
8.884297520661157410e-01
8.906882591093117085e-01
8.934426229508196649e-01
8.836206896551723755e-01
8.765957446808511078e-01
9.227642276422763912e-01
9.102564102564102422e-01
8.965517241379310498e-01
9.264069264069264564e-01
9.037656903765690641e-01
8.724279835390946758e-01
9.000000000000000222e-01
8.971193415637860324e-01
8.771186440677966045e-01
8.958333333333333703e-01
9.017094017094017255e-01
8.866396761133603643e-01
9.395161290322581182e-01
9.106382978723404076e-01
8.661087866108786448e-01
8.940677966101694407e-01
9.205020920502091641e-01
8.920000000000000151e-01
9.211618257261410259e-01
8.273092369477911268e-01
8.672199170124481604e-01
8.974358974358974672e-01
9.250000000000000444e-01
9.208333333333332815e-01
9.079497907949790614e-01
8.888888888888888395e-01
9.000000000000000222e-01
8.634538152610441442e-01
9.087136929460580825e-01
8.530612244897959329e-01
9.224489795918366930e-01
8.995983935742971616e-01
8.951612903225806273e-01
9.250000000000000444e-01
9.214876033057851634e-01
9.110169491525423879e-01
9.237288135593220151e-01
9.180327868852459217e-01
8.911290322580645018e-01
9.024390243902439268e-01
8.804780876494023856e-01
9.288702928870292697e-01
8.495934959349593640e-01
9.109311740890688736e-01
8.987854251012146189e-01
9.214876033057851634e-01
8.888888888888888395e-01
8.921161825726141581e-01
8.813559322033898136e-01
8.898305084745762317e-01
9.361702127659574657e-01
8.571428571428570953e-01
8.884120171673819399e-01
8.625000000000000444e-01
8.833333333333333037e-01
8.991935483870967527e-01
8.884297520661157410e-01
8.801652892561983021e-01
9.221311475409835756e-01
9.259259259259259300e-01
9.153225806451612545e-01
8.805309734513274700e-01
9.139344262295081567e-01
8.953974895397489586e-01
8.937007874015747699e-01
8.906882591093117085e-01
8.847736625514402986e-01
9.362549800796812205e-01
8.846153846153845812e-01
8.986784140969162893e-01
8.691983122362869629e-01
8.879310344827586743e-01
9.152542372881355970e-01
8.389830508474576121e-01
8.771186440677966045e-01
8.823529411764705621e-01
8.813559322033898136e-01
8.906882591093117085e-01
8.808510638297872841e-01
9.156118143459915926e-01
9.588477366255143686e-01
8.641975308641974829e-01
8.928571428571429047e-01
9.224137931034482873e-01
9.433198380566801822e-01
9.049586776859503967e-01
8.945147679324894074e-01
8.516949152542372392e-01
9.065040650406503975e-01
8.222222222222221877e-01
8.781512605042016695e-01
8.870292887029288531e-01
8.728813559322033955e-01
8.786610878661087476e-01
9.176954732510288482e-01
9.358974358974359031e-01
9.068825910931174183e-01
9.163179916317991669e-01
9.333333333333333481e-01
9.364406779661016422e-01
9.008264462809917328e-01
8.925619834710744049e-01
8.893442622950820109e-01
9.159663865546218142e-01
9.186991869918699205e-01
8.641975308641974829e-01
9.037656903765690641e-01
8.866396761133603643e-01
8.734177215189873333e-01
8.483606557377049162e-01
9.033613445378151363e-01
9.449152542372881713e-01
8.750000000000000000e-01
9.506172839506172867e-01
8.425531914893616969e-01
8.971193415637860324e-01
9.000000000000000222e-01
9.000000000000000222e-01
9.300411522633744710e-01
8.884297520661157410e-01
8.991596638655462437e-01
9.297520661157024913e-01
9.221311475409835756e-01
9.004149377593361203e-01
9.033613445378151363e-01
8.849557522123894238e-01
9.057377049180327377e-01
8.940677966101694407e-01
8.835341365461847341e-01
9.502074688796680046e-01
8.613445378151260989e-01
8.853754940711462407e-01
9.037656903765690641e-01
9.071729957805907407e-01
8.803418803418803229e-01
8.821138211382113514e-01
9.004329004329004738e-01
8.893442622950820109e-01
9.124999999999999778e-01
8.821138211382113514e-01
9.008264462809917328e-01
8.702928870292887531e-01
8.791666666666666519e-01
8.991596638655462437e-01
8.647540983606557541e-01
8.964143426294820527e-01
8.870967741935483764e-01
8.649789029535864815e-01
8.962655601659751392e-01
9.152542372881355970e-01
9.075630252100840289e-01
8.666666666666666963e-01
9.148936170212765839e-01
8.864628820960698263e-01
9.094650205761316553e-01
8.983050847457627608e-01
9.145299145299145005e-01
8.765957446808511078e-01
9.256198347107438273e-01
8.866396761133603643e-01
8.760000000000000009e-01
9.017094017094017255e-01
8.775510204081632404e-01
8.769841269841269771e-01
8.755020080321285203e-01
8.719008264462809743e-01
8.688524590163934080e-01
9.007936507936508130e-01
8.880000000000000115e-01
9.098712446351930883e-01
8.865546218487394547e-01
8.825910931174089091e-01
8.750000000000000000e-01
9.102040816326530948e-01
9.110169491525423879e-01
9.211618257261410259e-01
8.983739837398373451e-01
9.259259259259259300e-01
8.297872340425531679e-01
9.090909090909090606e-01
9.029535864978902593e-01
9.194915254237288060e-01
8.884297520661157410e-01
9.008264462809917328e-01
8.847736625514402986e-01
8.495934959349593640e-01
8.765957446808511078e-01
9.211618257261410259e-01
9.020408163265306589e-01
8.973214285714286031e-01
8.991596638655462437e-01
8.851063829787233495e-01
8.704453441295546545e-01
8.869565217391304213e-01
9.253112033195021180e-01
8.734177215189873333e-01
9.116465863453815377e-01
8.577405857740585393e-01
8.755020080321285203e-01
8.712446351931329991e-01
9.017094017094017255e-01
8.987854251012146189e-01
9.512195121951219079e-01
9.372384937238493752e-01
8.755186721991701226e-01
8.945147679324894074e-01
8.636363636363636465e-01
8.962655601659751392e-01
8.595041322314049825e-01
9.071729957805907407e-01
8.962655601659751392e-01
8.672199170124481604e-01
8.436213991769547782e-01
9.198312236286919630e-01
9.152542372881355970e-01
8.565737051792828849e-01
9.020408163265306589e-01
8.975409836065574298e-01
8.771186440677966045e-01
9.083333333333333259e-01
8.798283261802575250e-01
8.844621513944223024e-01
9.098360655737705027e-01
9.205020920502091641e-01
8.953974895397489586e-01
8.983050847457627608e-01
9.166666666666666297e-01
9.045643153526971014e-01
8.771186440677966045e-01
9.265306122448979664e-01
9.109311740890688736e-01
9.017094017094017255e-01
9.028340080971659631e-01
8.971193415637860324e-01
8.893442622950820109e-01
8.842975206611570771e-01
9.188034188034187588e-01
9.250000000000000444e-01
8.860759493670885556e-01
8.983739837398373451e-01
9.324894514767932963e-01
9.024390243902439268e-01
8.326530612244897878e-01
8.911290322580645018e-01
9.000000000000000222e-01
9.467213114754098324e-01
8.851063829787233495e-01
9.055793991416308808e-01
8.866396761133603643e-01
9.135802469135801962e-01
8.725099601593625520e-01
9.308943089430894435e-01
8.185654008438818519e-01
8.902439024390244038e-01
9.163179916317991669e-01
8.653061224489796421e-01
9.170124481327800448e-01
9.385245901639344135e-01
8.712446351931329991e-01
8.860759493670885556e-01
9.112903225806451291e-01
8.803418803418803229e-01
8.666666666666666963e-01
9.170124481327800448e-01
9.128630705394190636e-01
9.083333333333333259e-01
8.922413793103448620e-01
8.922413793103448620e-01
9.416666666666666519e-01
9.087136929460580825e-01
9.421487603305784830e-01
8.683127572016461349e-01
8.938775510204081121e-01
9.094827586206896131e-01
9.107142857142856984e-01
8.898305084745762317e-01
9.061224489795918213e-01
9.214876033057851634e-01
9.132231404958677246e-01
8.847736625514402986e-01
8.750000000000000000e-01
9.152542372881355970e-01
9.205020920502091641e-01
8.632478632478632896e-01
9.137931034482759118e-01
9.051724137931034253e-01
8.577405857740585393e-01
9.310344827586206629e-01
9.057377049180327377e-01
9.146341463414634498e-01
8.888888888888888395e-01
9.149797570850202177e-01
8.940677966101694407e-01
9.139344262295081567e-01
9.279661016949152241e-01
8.606557377049179891e-01
8.945147679324894074e-01
9.220779220779220520e-01
8.912133891213389614e-01
8.855932203389830226e-01
9.256198347107438273e-01
9.510204081632652739e-01
8.702928870292887531e-01
9.273504273504273865e-01
9.083333333333333259e-01
8.975409836065574298e-01
8.838174273858920849e-01
8.486055776892430513e-01
8.775510204081632404e-01
9.075630252100840289e-01
8.879668049792530660e-01
9.087136929460580825e-01
9.008264462809917328e-01
9.451476793248945185e-01
9.277108433734939652e-01
8.806584362139917577e-01
8.897959183673469497e-01
8.629032258064516236e-01
9.124999999999999778e-01
8.543307086614173596e-01
8.875502008032128964e-01
8.870292887029288531e-01
8.888888888888888395e-01
8.641975308641974829e-01
8.780487804878048808e-01
8.688524590163934080e-01
9.170124481327800448e-01
9.130434782608695121e-01
9.327731092436974958e-01
9.121338912133891696e-01
8.953974895397489586e-01
8.854625550660792932e-01
8.653061224489796421e-01
9.121338912133891696e-01
8.634538152610441442e-01
8.879668049792530660e-01
8.943089430894308745e-01
8.912133891213389614e-01
8.663967611336031993e-01
9.291666666666666963e-01
9.008264462809917328e-01
8.793103448275861878e-01
8.669354838709677491e-01
8.765432098765432167e-01
9.043478260869565188e-01
9.012345679012345734e-01
8.830645161290322509e-01
8.874999999999999556e-01
8.879668049792530660e-01
8.915662650602409478e-01
9.055793991416308808e-01
8.672199170124481604e-01
8.924302788844621359e-01
9.049586776859503967e-01
8.666666666666666963e-01
9.253112033195021180e-01
9.105691056910568681e-01
8.647540983606557541e-01
8.666666666666666963e-01
9.087136929460580825e-01
9.079497907949790614e-01
9.237288135593220151e-01
8.719999999999999973e-01
8.548387096774193727e-01
9.079497907949790614e-01
8.961038961038960693e-01
9.045643153526971014e-01
9.000000000000000222e-01
9.004149377593361203e-01
9.120000000000000329e-01
9.017094017094017255e-01
8.734693877551020780e-01
8.493723849372385448e-01
8.940677966101694407e-01
9.211618257261410259e-01
8.620689655172413257e-01
8.595744680851064023e-01
9.094650205761316553e-01
9.113924050632911111e-01
9.246861924686192724e-01
9.372384937238493752e-01
9.159663865546218142e-01
8.830645161290322509e-01
9.094650205761316553e-01
9.102564102564102422e-01
9.109311740890688736e-01
8.362068965517240882e-01
8.771186440677966045e-01
8.708333333333333481e-01
8.565400843881856296e-01
8.796680497925311037e-01
8.943089430894308745e-01
9.075630252100840289e-01
9.176954732510288482e-01
9.065040650406503975e-01
9.224489795918366930e-01
9.102040816326530948e-01
8.874999999999999556e-01
8.601694915254237683e-01
9.067796610169491789e-01
8.953974895397489586e-01
8.438818565400844074e-01
9.132231404958677246e-01
8.991935483870967527e-01
8.893442622950820109e-01
8.884462151394422191e-01
8.188976377952755792e-01
9.098712446351930883e-01
8.987854251012146189e-01
8.927038626609442584e-01
8.888888888888888395e-01
9.319148936170212894e-01
8.828451882845188559e-01
9.090909090909090606e-01
9.124999999999999778e-01
8.744769874476987503e-01
8.686440677966101864e-01
9.267241379310344751e-01
9.303278688524589946e-01
9.361702127659574657e-01
9.071729957805907407e-01
9.016393442622950838e-01
9.625000000000000222e-01
8.958333333333333703e-01
8.916666666666667185e-01
9.021276595744680549e-01
9.135802469135801962e-01
8.857142857142856762e-01
8.898305084745762317e-01
8.590308370044053010e-01
9.285714285714286031e-01
9.098712446351930883e-01
9.098360655737705027e-01
9.008620689655172376e-01
9.113924050632911111e-01
8.636363636363636465e-01
8.518518518518518601e-01
9.118942731277532854e-01
8.793103448275861878e-01
8.441558441558441039e-01
9.421487603305784830e-01
9.024390243902439268e-01
8.541666666666666297e-01
8.739495798319327768e-01
8.553191489361702260e-01
9.098712446351930883e-01
8.842975206611570771e-01
9.145299145299145005e-01
9.218106995884773891e-01
8.912133891213389614e-01
8.760330578512396382e-01
8.290598290598291120e-01
8.821138211382113514e-01
8.841201716738197325e-01
8.083333333333333481e-01
9.148936170212765839e-01
9.282700421940928148e-01
8.951612903225806273e-01
9.061224489795918213e-01
8.860759493670885556e-01
9.008264462809917328e-01
8.925619834710744049e-01
9.041666666666666741e-01
8.846153846153845812e-01
9.184549356223176142e-01
8.595041322314049825e-01
9.146341463414634498e-01
9.065040650406503975e-01
8.497854077253218508e-01
8.680851063829787551e-01
8.781512605042016695e-01
9.045643153526971014e-01
9.183673469387755306e-01
8.675213675213675479e-01
8.852459016393442459e-01
8.991596638655462437e-01
9.280000000000000471e-01
9.352226720647773828e-01
9.076305220883533753e-01
8.695652173913043237e-01
9.170124481327800448e-01
8.855932203389830226e-01
9.262295081967213406e-01
9.203187250996015534e-01
9.203187250996015534e-01
8.717948717948718063e-01
8.801652892561983021e-01
8.893442622950820109e-01
8.915662650602409478e-01
8.916666666666667185e-01
8.969957081545064659e-01
9.392712550607287270e-01
8.995815899581589559e-01
9.113924050632911111e-01
8.577405857740585393e-01
9.021276595744680549e-01
8.902953586497890370e-01
8.714859437751003579e-01
9.068825910931174183e-01
8.830645161290322509e-01
9.196787148594377514e-01
8.833333333333333037e-01
8.540772532188841693e-01
8.119658119658119677e-01
9.288702928870292697e-01
8.770491803278688270e-01
8.750000000000000000e-01
9.090909090909090606e-01
8.860759493670885556e-01
9.098360655737705027e-01
8.953974895397489586e-01
9.145299145299145005e-01
8.641975308641974829e-01
9.004149377593361203e-01
8.801652892561983021e-01
8.858267716535432879e-01
9.094827586206896131e-01
9.625000000000000222e-01
8.879310344827586743e-01
8.912133891213389614e-01
9.271255060728744724e-01
8.917748917748917759e-01
8.786610878661087476e-01
9.117647058823529216e-01
9.083333333333333259e-01
9.090909090909090606e-01
9.098360655737705027e-01
9.004149377593361203e-01
8.612244897959183687e-01
8.838174273858920849e-01
9.090909090909090606e-01
9.346938775510204023e-01
8.553719008264463186e-01
8.713692946058091415e-01
9.016393442622950838e-01
8.991935483870967527e-01
9.012875536480686733e-01
9.585062240663900779e-01
9.303278688524589946e-01
8.953974895397489586e-01
8.966942148760330689e-01
8.884297520661157410e-01
8.506224066390041250e-01
8.965517241379310498e-01
8.312757201646090444e-01
8.902439024390244038e-01
8.828451882845188559e-01
9.120000000000000329e-01
8.595041322314049825e-01
8.966942148760330689e-01
9.361702127659574657e-01
8.974358974358974672e-01
9.193548387096773800e-01
9.253112033195021180e-01
9.068825910931174183e-01
8.995815899581589559e-01
9.156118143459915926e-01
9.102040816326530948e-01
9.214876033057851634e-01
9.130434782608695121e-01
9.113924050632911111e-01
9.173553719008264995e-01
8.630705394190871793e-01
8.927038626609442584e-01
9.053497942386831143e-01
9.411764705882352811e-01
8.312757201646090444e-01
8.787878787878787845e-01
8.791666666666666519e-01
8.723404255319149314e-01
9.176954732510288482e-01
9.356223175965665551e-01
9.110169491525423879e-01
8.647540983606557541e-01
8.921161825726141581e-01
8.847736625514402986e-01
8.828451882845188559e-01
9.414225941422593724e-01
8.979591836734693855e-01
8.806584362139917577e-01
8.879668049792530660e-01
8.353909465020575853e-01
8.497854077253218508e-01
9.071729957805907407e-01
8.818565400843881852e-01
9.087136929460580825e-01
9.341563786008230119e-01
9.227642276422763912e-01
8.875502008032128964e-01
8.836206896551723755e-01
9.139344262295081567e-01
9.240000000000000435e-01
8.842975206611570771e-01
9.049586776859503967e-01
8.410041841004184393e-01
8.960000000000000187e-01
8.936170212765957022e-01
9.282700421940928148e-01
9.094488188976378451e-01
9.008264462809917328e-01
8.979591836734693855e-01
8.860759493670885556e-01
8.787878787878787845e-01
9.041666666666666741e-01
9.370078740157480324e-01
9.170305676855895483e-01
8.605577689243028017e-01
9.017094017094017255e-01
9.423868312757202048e-01
8.691983122362869629e-01
8.911290322580645018e-01
8.911290322580645018e-01
8.821138211382113514e-01
8.702928870292887531e-01
9.071729957805907407e-01
8.962655601659751392e-01
9.067796610169491789e-01
8.934426229508196649e-01
8.455284552845528934e-01
8.875502008032128964e-01
8.790322580645161255e-01
9.068825910931174183e-01
8.922413793103448620e-01
9.477911646586345551e-01
8.602620087336244614e-01
8.907563025210084584e-01
9.288702928870292697e-01
9.076305220883533753e-01
9.184549356223176142e-01
8.915662650602409478e-01
8.630705394190871793e-01
8.987854251012146189e-01
8.893442622950820109e-01
9.105691056910568681e-01
9.045643153526971014e-01
8.975409836065574298e-01
8.912133891213389614e-01
8.712446351931329991e-01
9.079497907949790614e-01
8.704453441295546545e-01
8.529411764705882026e-01
9.208333333333332815e-01
8.828451882845188559e-01
9.262295081967213406e-01
8.571428571428570953e-01
8.689956331877729534e-01
8.790322580645161255e-01
9.186991869918699205e-01
9.139344262295081567e-01
8.949579831932773510e-01
9.300411522633744710e-01
9.294605809128630991e-01
9.291666666666666963e-01
9.068825910931174183e-01
8.949579831932773510e-01
8.995815899581589559e-01
8.870292887029288531e-01
8.953974895397489586e-01
9.036144578313253239e-01
9.156118143459915926e-01
9.221311475409835756e-01
8.902953586497890370e-01
8.699186991869918284e-01
8.375000000000000222e-01
9.090909090909090606e-01
9.256198347107438273e-01
9.008620689655172376e-01
9.132231404958677246e-01
8.595744680851064023e-01
9.253112033195021180e-01
8.884120171673819399e-01
8.225806451612903691e-01
9.233870967741935054e-01
8.838174273858920849e-01
8.589211618257260872e-01
8.774703557312253377e-01
8.093220338983050377e-01
9.051724137931034253e-01
9.029535864978902593e-01
8.971193415637860324e-01
9.156118143459915926e-01
8.512396694214876547e-01
8.781512605042016695e-01
9.075630252100840289e-01
8.987341772151898889e-01
9.045643153526971014e-01
8.884462151394422191e-01
9.049586776859503967e-01
8.949579831932773510e-01
8.879310344827586743e-01
8.934426229508196649e-01
8.902439024390244038e-01
8.930041152263374915e-01
8.851063829787233495e-01
9.041666666666666741e-01
8.888888888888888395e-01
9.176954732510288482e-01
9.011857707509881577e-01
8.921161825726141581e-01
8.688524590163934080e-01
8.795180722891565717e-01
9.256198347107438273e-01
8.847736625514402986e-01
9.000000000000000222e-01
9.057377049180327377e-01
8.340080971659918907e-01
9.139344262295081567e-01
8.439999999999999725e-01
8.991935483870967527e-01
9.188034188034187588e-01
9.330543933054393779e-01
8.744939271255061097e-01
9.294605809128630991e-01
9.043824701195218863e-01
9.145299145299145005e-01
8.991596638655462437e-01
9.053497942386831143e-01
8.655462184873949916e-01
9.113924050632911111e-01
9.113924050632911111e-01
9.220779220779220520e-01
9.288702928870292697e-01
9.349593495934959142e-01
9.527896995708154959e-01
9.205020920502091641e-01
8.790322580645161255e-01
9.170124481327800448e-01
9.313304721030042366e-01
8.755555555555555314e-01
8.786610878661087476e-01
8.750000000000000000e-01
9.094650205761316553e-01
8.987341772151898889e-01
8.866396761133603643e-01
8.958333333333333703e-01
9.270386266094420291e-01
9.134199134199134651e-01
9.327731092436974958e-01
9.180327868852459217e-01
9.375000000000000000e-01
9.300411522633744710e-01
9.478260869565217073e-01
8.796680497925311037e-01
9.135802469135801962e-01
9.196787148594377514e-01
8.582995951417003999e-01
9.159663865546218142e-01
8.744769874476987503e-01
8.606557377049179891e-01
8.589211618257260872e-01
8.808510638297872841e-01
9.128630705394190636e-01
9.128630705394190636e-01
8.978723404255318785e-01
8.823529411764705621e-01
9.163179916317991669e-01
8.874999999999999556e-01
8.898305084745762317e-01
8.975409836065574298e-01
8.595744680851064023e-01
8.956521739130435256e-01
8.852459016393442459e-01
9.049586776859503967e-01
9.067796610169491789e-01
8.760683760683760646e-01
9.163179916317991669e-01
8.793103448275861878e-01
8.429752066115702158e-01
9.049586776859503967e-01
8.940677966101694407e-01
9.246861924686192724e-01
9.297520661157024913e-01
9.300411522633744710e-01
8.842975206611570771e-01
9.401709401709401615e-01
9.004149377593361203e-01
8.704453441295546545e-01
9.211618257261410259e-01
8.777292576419214454e-01
8.502024291497976005e-01
9.000000000000000222e-01
8.571428571428570953e-01
8.906882591093117085e-01
9.049586776859503967e-01
8.818565400843881852e-01
8.780487804878048808e-01
9.205020920502091641e-01
9.385245901639344135e-01
9.070796460176990816e-01
8.713692946058091415e-01
8.916666666666667185e-01
9.057377049180327377e-01
9.156118143459915926e-01
8.911290322580645018e-01
9.106382978723404076e-01
8.760330578512396382e-01
8.595041322314049825e-01
8.771186440677966045e-01
9.176954732510288482e-01
9.025423728813559698e-01
8.825910931174089091e-01
9.090909090909090606e-01
9.206349206349205838e-01
9.117647058823529216e-01
8.949579831932773510e-01
8.506224066390041250e-01
9.087136929460580825e-01
9.206349206349205838e-01
9.341563786008230119e-01
9.220779220779220520e-01
9.617021276595744128e-01
8.744939271255061097e-01
8.723404255319149314e-01
9.029535864978902593e-01
8.866396761133603643e-01
8.851063829787233495e-01
8.917748917748917759e-01
8.529411764705882026e-01
8.553719008264463186e-01
9.020408163265306589e-01
9.020408163265306589e-01
8.925619834710744049e-01
8.506224066390041250e-01
9.191489361702127603e-01
8.695652173913043237e-01
8.951612903225806273e-01
9.037656903765690641e-01
8.679999999999999938e-01
8.774703557312253377e-01
8.750000000000000000e-01
8.931623931623932089e-01
9.059829059829059839e-01
9.098360655737705027e-01
9.246031746031746490e-01
9.137931034482759118e-01
9.033613445378151363e-01
8.847736625514402986e-01
9.183673469387755306e-01
8.535564853556485421e-01
8.750000000000000000e-01
8.658008658008657932e-01
8.902953586497890370e-01
9.083333333333333259e-01
8.553719008264463186e-01
8.760330578512396382e-01
8.833333333333333037e-01
9.495798319327730663e-01
8.530612244897959329e-01
8.991596638655462437e-01
8.906882591093117085e-01
8.340248962655602005e-01
8.966942148760330689e-01
9.036144578313253239e-01
8.888888888888888395e-01
9.186991869918699205e-01
9.160000000000000364e-01
9.173228346456693272e-01
8.312757201646090444e-01
9.016393442622950838e-01
9.071729957805907407e-01
8.702928870292887531e-01
8.702928870292887531e-01
8.796680497925311037e-01
9.037656903765690641e-01
8.577235772357723054e-01
8.949579831932773510e-01
8.730158730158730229e-01
8.965517241379310498e-01
8.771186440677966045e-01
9.032258064516128782e-01
9.148936170212765839e-01
9.132231404958677246e-01
9.102564102564102422e-01
8.838174273858920849e-01
8.962655601659751392e-01
8.702928870292887531e-01
9.045643153526971014e-01
8.791666666666666519e-01
8.995815899581589559e-01
8.907563025210084584e-01
8.787878787878787845e-01
9.098712446351930883e-01
9.029535864978902593e-01
8.734693877551020780e-01
8.760000000000000009e-01
9.051724137931034253e-01
9.102040816326530948e-01
8.755186721991701226e-01
9.324894514767932963e-01
9.152542372881355970e-01
9.449152542372881713e-01
8.875502008032128964e-01
8.962655601659751392e-01
8.978723404255318785e-01
9.066666666666666208e-01
8.806584362139917577e-01
8.583333333333332815e-01
9.180327868852459217e-01
8.927038626609442584e-01
8.936170212765957022e-01
9.163179916317991669e-01
8.616600790513834207e-01
8.806584362139917577e-01
8.455284552845528934e-01
9.110169491525423879e-01
8.675213675213675479e-01
8.750000000000000000e-01
8.811475409836065920e-01
8.852459016393442459e-01
8.953974895397489586e-01
9.024390243902439268e-01
8.931623931623932089e-01
9.146341463414634498e-01
9.341563786008230119e-01
8.915662650602409478e-01
8.795180722891565717e-01
8.983739837398373451e-01
9.458333333333333037e-01
9.435483870967742437e-01
8.934426229508196649e-01
9.049586776859503967e-01
8.641975308641974829e-01
8.691983122362869629e-01
8.869565217391304213e-01
9.087136929460580825e-01
8.775510204081632404e-01
9.160000000000000364e-01
9.218106995884773891e-01
8.693877551020408045e-01
8.960000000000000187e-01
9.246861924686192724e-01
8.368200836820083310e-01
9.367088607594936667e-01
9.110169491525423879e-01
9.346938775510204023e-01
8.582677165354331006e-01
8.776371308016878148e-01
8.888888888888888395e-01
9.395161290322581182e-01
9.065040650406503975e-01
9.043824701195218863e-01
9.380165289256198191e-01
8.879668049792530660e-01
8.955823293172691102e-01
8.949579831932773510e-01
9.300411522633744710e-01
8.864628820960698263e-01
8.940677966101694407e-01
8.723404255319149314e-01
9.265306122448979664e-01
8.577235772357723054e-01
8.771186440677966045e-01
8.833333333333333037e-01
9.214876033057851634e-01
8.945147679324894074e-01
9.061224489795918213e-01
9.159663865546218142e-01
9.344262295081967595e-01
9.057377049180327377e-01
8.870292887029288531e-01
9.159663865546218142e-01
8.663793103448276245e-01
9.205020920502091641e-01
9.230769230769231282e-01
8.879668049792530660e-01
8.816326530612245138e-01
8.589743589743589203e-01
8.304347826086956319e-01
9.211618257261410259e-01
9.347826086956522174e-01
9.159663865546218142e-01
9.057377049180327377e-01
9.430894308943089666e-01
8.730158730158730229e-01
8.945147679324894074e-01
9.456066945606694807e-01
9.276595744680851130e-01
8.816326530612245138e-01
8.765432098765432167e-01
9.076305220883533753e-01
9.313304721030042366e-01
9.079497907949790614e-01
9.094650205761316553e-01
8.925619834710744049e-01
8.911290322580645018e-01
8.958333333333333703e-01
8.938775510204081121e-01
8.534482758620689502e-01
9.137254901960784048e-01
8.961038961038960693e-01
9.181034482758620996e-01
8.987341772151898889e-01
9.186991869918699205e-01
8.907563025210084584e-01
9.000000000000000222e-01
8.956521739130435256e-01
8.661087866108786448e-01
8.842975206611570771e-01
8.766519823788546661e-01
8.930041152263374915e-01
9.053497942386831143e-01
8.958333333333333703e-01
8.912133891213389614e-01
9.011857707509881577e-01
8.911290322580645018e-01
9.037656903765690641e-01
8.820960698689955803e-01
9.356223175965665551e-01
8.960000000000000187e-01
9.083333333333333259e-01
8.672199170124481604e-01
8.971193415637860324e-01
8.884297520661157410e-01
9.075630252100840289e-01
9.065040650406503975e-01
8.975409836065574298e-01
9.075630252100840289e-01
8.806584362139917577e-01
8.925619834710744049e-01
8.719999999999999973e-01
8.884297520661157410e-01
8.739495798319327768e-01
9.152542372881355970e-01
8.686440677966101864e-01
8.907563025210084584e-01
9.110169491525423879e-01
9.139344262295081567e-01
9.270386266094420291e-01
8.771186440677966045e-01
9.132231404958677246e-01
8.922413793103448620e-01
8.739837398373984101e-01
9.132231404958677246e-01
9.250000000000000444e-01
8.898305084745762317e-01
8.739130434782608203e-01
9.250000000000000444e-01
8.925619834710744049e-01
9.008264462809917328e-01
8.879668049792530660e-01
9.087136929460580825e-01
8.786610878661087476e-01
9.124999999999999778e-01
9.128630705394190636e-01
9.191489361702127603e-01
9.041666666666666741e-01
8.987341772151898889e-01
9.076305220883533753e-01
9.196787148594377514e-01
8.775510204081632404e-01
9.117647058823529216e-01
8.982300884955751741e-01
9.201680672268907069e-01
9.045643153526971014e-01
9.137931034482759118e-01
8.833333333333333037e-01
9.193548387096773800e-01
9.218106995884773891e-01
9.087301587301587213e-01
9.152542372881355970e-01
9.382716049382715529e-01
9.102040816326530948e-01
9.047619047619047672e-01
8.619246861924686476e-01
8.613445378151260989e-01
8.606557377049179891e-01
9.224137931034482873e-01
9.163179916317991669e-01
9.277108433734939652e-01
8.647540983606557541e-01
8.595744680851064023e-01
8.921161825726141581e-01
8.902439024390244038e-01
9.053497942386831143e-01
8.734693877551020780e-01
9.253112033195021180e-01
8.865546218487394547e-01
9.032258064516128782e-01
8.786610878661087476e-01
8.655462184873949916e-01
9.094827586206896131e-01
8.852459016393442459e-01
8.958333333333333703e-01
8.697478991596638842e-01
9.406779661016949623e-01
8.951612903225806273e-01
8.902439024390244038e-01
8.583333333333332815e-01
9.267241379310344751e-01
9.173553719008264995e-01
8.949579831932773510e-01
9.211618257261410259e-01
8.760330578512396382e-01
8.808510638297872841e-01
8.636363636363636465e-01
8.686440677966101864e-01
9.008264462809917328e-01
8.851063829787233495e-01
9.087136929460580825e-01
8.949579831932773510e-01
8.852459016393442459e-01
8.916666666666667185e-01
9.401709401709401615e-01
9.132231404958677246e-01
8.461538461538461453e-01
8.638297872340425787e-01
9.260869565217391131e-01
8.808510638297872841e-01
8.804780876494023856e-01
9.059829059829059839e-01
9.051724137931034253e-01
9.113924050632911111e-01
8.930041152263374915e-01
8.636363636363636465e-01
9.045643153526971014e-01
9.015748031496062520e-01
8.925619834710744049e-01
9.251101321585902815e-01
8.755186721991701226e-01
9.176954732510288482e-01
8.728813559322033955e-01
8.750000000000000000e-01
9.040000000000000258e-01
8.553719008264463186e-01
8.902953586497890370e-01
9.188034188034187588e-01
9.156626506024095891e-01
8.943089430894308745e-01
9.110169491525423879e-01
9.218106995884773891e-01
9.041666666666666741e-01
9.166666666666666297e-01
9.205020920502091641e-01
8.940677966101694407e-01
9.163179916317991669e-01
8.884462151394422191e-01
8.744769874476987503e-01
9.098360655737705027e-01
8.915662650602409478e-01
8.847736625514402986e-01
8.911290322580645018e-01
9.404255319148936421e-01
9.270386266094420291e-01
9.333333333333333481e-01
9.176954732510288482e-01
8.893617021276595258e-01
9.135802469135801962e-01
8.971193415637860324e-01
8.828451882845188559e-01
8.884297520661157410e-01
9.173553719008264995e-01
8.811475409836065920e-01
8.655462184873949916e-01
9.253112033195021180e-01
9.049586776859503967e-01
8.840000000000000080e-01
9.300411522633744710e-01
8.961038961038960693e-01
8.983050847457627608e-01
8.917748917748917759e-01
8.847736625514402986e-01
8.455284552845528934e-01
8.493723849372385448e-01
9.137931034482759118e-01
9.021276595744680549e-01
8.960000000000000187e-01
9.531914893617021711e-01
8.719999999999999973e-01
8.979591836734693855e-01
8.825910931174089091e-01
8.893617021276595258e-01
8.622047244094488416e-01
9.141630901287554067e-01
8.922413793103448620e-01
8.943089430894308745e-01
9.190283400809716730e-01
9.035087719298245945e-01
8.786610878661087476e-01
9.057377049180327377e-01
9.105691056910568681e-01
9.282700421940928148e-01
8.893617021276595258e-01
8.955823293172691102e-01
9.243697478991597105e-01
8.791666666666666519e-01
9.047619047619047672e-01
8.793103448275861878e-01
9.003984063745019695e-01
8.326530612244897878e-01
8.739837398373984101e-01
8.493723849372385448e-01
8.825910931174089091e-01
9.260869565217391131e-01
8.861788617886179331e-01
8.790322580645161255e-01
9.135802469135801962e-01
8.717948717948718063e-01
8.688524590163934080e-01
8.458333333333333259e-01
8.809523809523809312e-01
9.072580645161290036e-01
8.953974895397489586e-01
8.888888888888888395e-01
9.113924050632911111e-01
9.128630705394190636e-01
9.063829787234042312e-01
8.734693877551020780e-01
9.037656903765690641e-01
9.449152542372881713e-01
8.902439024390244038e-01
9.029535864978902593e-01
9.306122448979591288e-01
9.033613445378151363e-01
9.094650205761316553e-01
9.214876033057851634e-01
8.801652892561983021e-01
8.818565400843881852e-01
8.849206349206348854e-01
9.083333333333333259e-01
9.152542372881355970e-01
8.938775510204081121e-01
8.830645161290322509e-01
9.061224489795918213e-01
9.057377049180327377e-01
9.156118143459915926e-01
8.825910931174089091e-01
9.087136929460580825e-01
8.669354838709677491e-01
8.949579831932773510e-01
9.260869565217391131e-01
9.072580645161290036e-01
8.734693877551020780e-01
8.823529411764705621e-01
8.893617021276595258e-01
8.995815899581589559e-01
9.259259259259259300e-01
9.087136929460580825e-01
9.300411522633744710e-01
8.791666666666666519e-01
9.025423728813559698e-01
8.857142857142856762e-01
9.145299145299145005e-01
9.021276595744680549e-01
9.294605809128630991e-01
9.224489795918366930e-01
9.045643153526971014e-01
8.750000000000000000e-01
8.249999999999999556e-01
8.666666666666666963e-01
8.833333333333333037e-01
8.851063829787233495e-01
8.966942148760330689e-01
8.974358974358974672e-01
8.938775510204081121e-01
8.565737051792828849e-01
9.028340080971659631e-01
8.608695652173913304e-01
9.230769230769231282e-01
9.057377049180327377e-01
8.953974895397489586e-01
9.183673469387755306e-01
8.815789473684210176e-01
8.776371308016878148e-01
9.012875536480686733e-01
8.724279835390946758e-01
9.098360655737705027e-01
8.866396761133603643e-01
8.655462184873949916e-01
8.636363636363636465e-01
8.953974895397489586e-01
8.915662650602409478e-01
8.815789473684210176e-01
9.071729957805907407e-01
9.152542372881355970e-01
8.949579831932773510e-01
9.075630252100840289e-01
8.983050847457627608e-01
9.346938775510204023e-01
9.068825910931174183e-01
9.190283400809716730e-01
8.936170212765957022e-01
9.055118110236219930e-01
9.090909090909090606e-01
8.813559322033898136e-01
9.045643153526971014e-01
8.801652892561983021e-01
9.401709401709401615e-01
9.218106995884773891e-01
9.106382978723404076e-01
8.649789029535864815e-01
8.688524590163934080e-01
9.029535864978902593e-01
9.012345679012345734e-01
8.907563025210084584e-01
9.028340080971659631e-01
8.541666666666666297e-01
9.028340080971659631e-01
8.842975206611570771e-01
9.341563786008230119e-01
8.991935483870967527e-01
9.043478260869565188e-01
8.734177215189873333e-01
8.995983935742971616e-01
8.804780876494023856e-01
8.516949152542372392e-01
9.021276595744680549e-01
8.983050847457627608e-01
9.049586776859503967e-01
8.853754940711462407e-01
8.760683760683760646e-01
8.806584362139917577e-01
8.785425101214574539e-01
9.080000000000000293e-01
9.211618257261410259e-01
8.857142857142856762e-01
8.884462151394422191e-01
8.577586206896551380e-01
9.112903225806451291e-01
9.163346613545816366e-01
9.156626506024095891e-01
9.008620689655172376e-01
8.781512605042016695e-01
9.047619047619047672e-01
9.116465863453815377e-01
9.004149377593361203e-01
9.055793991416308808e-01
9.208333333333332815e-01
8.691983122362869629e-01
8.888888888888888395e-01
9.137931034482759118e-01
8.396624472573839260e-01
8.809523809523809312e-01
8.966942148760330689e-01
8.765957446808511078e-01
8.702928870292887531e-01
8.629032258064516236e-01
8.760683760683760646e-01
9.234042553191489366e-01
9.033613445378151363e-01
8.691983122362869629e-01
9.024390243902439268e-01
9.291666666666666963e-01
8.842975206611570771e-01
8.729508196721311730e-01
8.821138211382113514e-01
8.416666666666666741e-01
8.445378151260504174e-01
9.176954732510288482e-01
8.818565400843881852e-01
9.076305220883533753e-01
8.916666666666667185e-01
9.211618257261410259e-01
9.146341463414634498e-01
9.184549356223176142e-01
8.916666666666667185e-01
8.893442622950820109e-01
9.032258064516128782e-01
9.233870967741935054e-01
9.183673469387755306e-01
9.163179916317991669e-01
8.644067796610169774e-01
9.029535864978902593e-01
8.577405857740585393e-01
9.215686274509803377e-01
9.124999999999999778e-01
8.874999999999999556e-01
8.712446351931329991e-01
8.969957081545064659e-01
8.750000000000000000e-01
9.233870967741935054e-01
8.927038626609442584e-01
9.218106995884773891e-01
9.240506329113924444e-01
9.109311740890688736e-01
8.936170212765957022e-01
9.196787148594377514e-01
9.274193548387096309e-01
9.132231404958677246e-01
9.067796610169491789e-01
9.121338912133891696e-01
8.541666666666666297e-01
8.966942148760330689e-01
8.983739837398373451e-01
9.016393442622950838e-01
9.004329004329004738e-01
9.102564102564102422e-01
8.974358974358974672e-01
8.902439024390244038e-01
8.658536585365853577e-01
8.785425101214574539e-01
8.818565400843881852e-01
9.012345679012345734e-01
8.995815899581589559e-01
8.510638297872340496e-01
8.803418803418803229e-01
8.916666666666667185e-01
9.025423728813559698e-01
9.063829787234042312e-01
8.846153846153845812e-01
9.102040816326530948e-01
8.547008547008546619e-01
8.995983935742971616e-01
8.559322033898305593e-01
8.987341772151898889e-01
9.063829787234042312e-01
8.983739837398373451e-01
8.958333333333333703e-01
8.965517241379310498e-01
8.983050847457627608e-01
9.016393442622950838e-01
9.282700421940928148e-01
9.139344262295081567e-01
8.565217391304348338e-01
8.974358974358974672e-01
9.079497907949790614e-01
8.884120171673819399e-01
8.897959183673469497e-01
9.324894514767932963e-01
8.481012658227847778e-01
8.947368421052631637e-01
8.874458874458874824e-01
8.964143426294820527e-01
9.250000000000000444e-01
9.198312236286919630e-01
8.983739837398373451e-01
8.911290322580645018e-01
9.110169491525423879e-01
9.234042553191489366e-01
9.134199134199134651e-01
9.049586776859503967e-01
8.927038626609442584e-01
8.473895582329317167e-01
9.264069264069264564e-01
9.004329004329004738e-01
8.936170212765957022e-01
8.833333333333333037e-01
9.017094017094017255e-01
9.083333333333333259e-01
9.250000000000000444e-01
8.934426229508196649e-01
8.577235772357723054e-01
9.304347826086956097e-01
9.012875536480686733e-01
8.798283261802575250e-01
8.870292887029288531e-01
9.003984063745019695e-01
9.141630901287554067e-01
9.270386266094420291e-01
9.153225806451612545e-01
8.897959183673469497e-01
8.961038961038960693e-01
9.291666666666666963e-01
8.971193415637860324e-01
9.446808510638298184e-01
8.931623931623932089e-01
8.920000000000000151e-01
8.601694915254237683e-01
9.166666666666666297e-01
8.987854251012146189e-01
9.166666666666666297e-01
8.780487804878048808e-01
8.846153846153845812e-01
8.949579831932773510e-01
8.921161825726141581e-01
8.983739837398373451e-01
9.217391304347826164e-01
9.504132231404959219e-01
8.675213675213675479e-01
9.102040816326530948e-01
9.065040650406503975e-01
9.110169491525423879e-01
9.128630705394190636e-01
9.249011857707509776e-01
8.893442622950820109e-01
8.691983122362869629e-01
9.193548387096773800e-01
8.760000000000000009e-01
9.188034188034187588e-01
9.462809917355371470e-01
9.166666666666666297e-01
9.162995594713656544e-01
9.173553719008264995e-01
9.094650205761316553e-01
8.912133891213389614e-01
8.708333333333333481e-01
8.906882591093117085e-01
8.683127572016461349e-01
9.068825910931174183e-01
9.025423728813559698e-01
8.847736625514402986e-01
8.898305084745762317e-01
8.818565400843881852e-01
8.590308370044053010e-01
8.798283261802575250e-01
8.906882591093117085e-01
9.075630252100840289e-01
9.012345679012345734e-01
9.406779661016949623e-01
8.821138211382113514e-01
9.123505976095617198e-01
9.324894514767932963e-01
9.333333333333333481e-01
8.995983935742971616e-01
9.208333333333332815e-01
8.879668049792530660e-01
8.760683760683760646e-01
9.128630705394190636e-01
8.793103448275861878e-01
8.936170212765957022e-01
8.874999999999999556e-01
9.377593360995850613e-01
8.452380952380952328e-01
8.816326530612245138e-01
9.102564102564102422e-01
8.857142857142856762e-01
8.888888888888888395e-01
8.828451882845188559e-01
8.410041841004184393e-01
9.004149377593361203e-01
8.776371308016878148e-01
8.589211618257260872e-01
9.079497907949790614e-01
9.205020920502091641e-01
8.861788617886179331e-01
8.755364806866953176e-01
9.369747899159663884e-01
9.350649350649350433e-01
9.423868312757202048e-01
8.830645161290322509e-01
9.121338912133891696e-01
8.625000000000000444e-01
8.835341365461847341e-01
9.201680672268907069e-01
8.870967741935483764e-01
8.945147679324894074e-01
8.936170212765957022e-01
8.471074380165288797e-01
8.678414096916299281e-01
9.039301310043668103e-01
8.983050847457627608e-01
8.842975206611570771e-01
8.874999999999999556e-01
8.645418326693227185e-01
9.307359307359307499e-01
8.155737704918032405e-01
8.625000000000000444e-01
9.291666666666666963e-01
8.865546218487394547e-01
8.770491803278688270e-01
9.268292682926829729e-01
8.811475409836065920e-01
8.927038626609442584e-01
8.903508771929824483e-01
9.090909090909090606e-01
9.166666666666666297e-01
9.071729957805907407e-01
9.120000000000000329e-01
8.934426229508196649e-01
9.017094017094017255e-01
9.262295081967213406e-01
8.577235772357723054e-01
9.191489361702127603e-01
9.176954732510288482e-01
9.237288135593220151e-01
8.912133891213389614e-01
9.000000000000000222e-01
9.057377049180327377e-01
8.712446351931329991e-01
9.128630705394190636e-01
8.791666666666666519e-01
8.912133891213389614e-01
8.945147679324894074e-01
9.170124481327800448e-01
9.314516129032257563e-01
9.139344262295081567e-01
9.012875536480686733e-01
8.669527896995707916e-01
9.067796610169491789e-01
8.418803418803418870e-01
8.978723404255318785e-01
8.916666666666667185e-01
8.791666666666666519e-01
8.833333333333333037e-01
8.709677419354838745e-01
9.156118143459915926e-01
9.095022624434389025e-01
8.865546218487394547e-01
9.098360655737705027e-01
8.925619834710744049e-01
8.964143426294820527e-01
8.458333333333333259e-01
8.943089430894308745e-01
8.987854251012146189e-01
