9.631147540983606703e-01
9.787234042553191182e-01
9.673469387755102566e-01
9.875518672199170567e-01
9.793388429752065694e-01
9.792531120331949834e-01
9.834710743801653443e-01
9.913793103448276245e-01
9.837398373983740063e-01
9.791666666666666297e-01
9.710743801652892415e-01
9.629629629629629095e-01
1.000000000000000000e+00
9.795081967213115082e-01
9.665271966527196890e-01
9.835390946502057252e-01
9.623430962343095807e-01
9.833333333333332815e-01
9.827586206896551380e-01
9.788135593220338437e-01
9.871794871794872250e-01
9.543568464730290968e-01
9.678714859437751450e-01
9.591836734693877098e-01
9.549180327868852514e-01
9.831223628691982963e-01
9.702127659574467655e-01
9.870689655172413257e-01
9.788135593220338437e-01
9.878048780487804770e-01
9.792531120331949834e-01
9.826839826839827152e-01
9.836734693877551283e-01
9.797570850202429460e-01
9.725490196078431238e-01
8.483606557377049162e-01
9.918032786885245811e-01
7.974137931034482873e-01
9.919354838709677491e-01
1.000000000000000000e+00
9.831932773109243184e-01
9.960159362549800832e-01
9.757085020242914908e-01
9.682539682539682557e-01
9.871794871794872250e-01
9.795918367346938549e-01
9.800796812749004161e-01
9.914529914529914834e-01
9.757085020242914908e-01
9.719999999999999751e-01
9.426229508196721785e-01
9.489361702127659948e-01
9.789915966386554258e-01
9.877551020408162907e-01
9.797570850202429460e-01
9.559999999999999609e-01
9.715447154471544833e-01
9.672131147540983243e-01
9.919028340080972006e-01
9.510204081632652739e-01
9.666666666666666741e-01
9.789029535864979259e-01
9.836734693877551283e-01
9.831223628691982963e-01
9.793388429752065694e-01
9.872881355932203729e-01
9.836734693877551283e-01
9.650655021834061431e-01
9.840637450199203329e-01
9.957805907172996296e-01
7.375000000000000444e-01
9.838709677419354982e-01
9.830508474576271638e-01
9.789029535864979259e-01
9.830508474576271638e-01
9.673469387755102566e-01
9.747899159663865332e-01
9.877049180327869271e-01
9.916317991631798945e-01
9.756097560975609539e-01
9.745762711864406347e-01
7.231404958677686290e-01
9.748953974895397945e-01
9.878048780487804770e-01
9.878048780487804770e-01
9.876033057851240082e-01
9.831932773109243184e-01
9.674796747967480126e-01
9.876543209876542662e-01
9.791666666666666297e-01
9.917695473251029181e-01
9.757085020242914908e-01
9.876543209876542662e-01
9.834710743801653443e-01
9.678714859437751450e-01
9.570312500000000000e-01
9.796747967479674246e-01
9.799196787148594101e-01
9.666666666666666741e-01
9.666666666666666741e-01
9.658119658119658224e-01
9.831932773109243184e-01
9.710743801652892415e-01
9.757085020242914908e-01
9.918032786885245811e-01
9.956896551724138122e-01
9.829787234042552946e-01
9.796747967479674246e-01
9.786324786324785974e-01
9.655172413793103869e-01
9.870129870129870087e-01
9.832635983263597890e-01
9.753086419753086433e-01
9.708333333333333259e-01
9.670781893004115615e-01
9.237288135593220151e-01
9.333333333333333481e-01
9.871794871794872250e-01
9.878542510121457454e-01
9.879032258064516236e-01
9.872340425531914709e-01
9.874476987447698972e-01
9.661016949152542166e-01
9.832635983263597890e-01
9.799999999999999822e-01
9.875518672199170567e-01
9.879518072289156239e-01
9.792531120331949834e-01
9.914529914529914834e-01
9.708333333333333259e-01
9.875000000000000444e-01
9.665271966527196890e-01
9.588477366255143686e-01
9.791666666666666297e-01
9.879518072289156239e-01
9.834024896265559645e-01
9.673469387755102566e-01
9.755102040816326925e-01
9.919678714859437862e-01
9.596774193548387455e-01
9.791666666666666297e-01
9.793388429752065694e-01
9.957627118644067910e-01
9.915254237288135819e-01
9.672131147540983243e-01
9.879032258064516236e-01
9.715447154471544833e-01
9.800796812749004161e-01
9.958158995815900028e-01
9.756097560975609539e-01
9.757085020242914908e-01
9.838056680161942902e-01
9.752066115702479054e-01
9.700854700854700807e-01
9.502074688796680046e-01
9.703389830508474256e-01
9.915254237288135819e-01
9.872340425531914709e-01
9.795918367346938549e-01
9.699570815450643257e-01
9.625000000000000222e-01
9.458333333333333037e-01
9.798387096774193727e-01
9.752066115702479054e-01
9.793388429752065694e-01
9.877049180327869271e-01
9.753086419753086433e-01
9.677419354838709964e-01
9.601769911504425270e-01
9.795081967213115082e-01
9.832635983263597890e-01
9.921259842519685179e-01
9.919028340080972006e-01
9.588477366255143686e-01
9.681274900398406658e-01
9.829059829059828557e-01
9.911894273127753729e-01
9.873417721518987777e-01
9.784482758620689502e-01
9.788135593220338437e-01
9.745762711864406347e-01
9.830508474576271638e-01
9.957983193277311074e-01
9.745762711864406347e-01
9.716599190283400356e-01
9.872340425531914709e-01
9.789029535864979259e-01
8.436213991769547782e-01
9.835390946502057252e-01
9.603174603174603474e-01
9.870689655172413257e-01
8.663967611336031993e-01
9.876033057851240082e-01
8.481012658227847778e-01
9.788135593220338437e-01
9.715447154471544833e-01
9.911111111111111649e-01
9.747899159663865332e-01
7.740585774058577062e-01
9.788135593220338437e-01
9.748953974895397945e-01
9.835390946502057252e-01
9.829059829059828557e-01
9.757085020242914908e-01
9.790794979079497917e-01
9.749999999999999778e-01
9.745762711864406347e-01
9.958677685950413361e-01
9.958677685950413361e-01
9.795081967213115082e-01
9.537815126050420700e-01
9.512195121951219079e-01
7.489711934156378925e-01
9.874476987447698972e-01
9.757085020242914908e-01
7.848101265822784445e-01
9.877049180327869271e-01
9.579831932773109626e-01
9.618644067796610075e-01
9.717741935483871218e-01
9.794238683127571843e-01
7.872340425531915153e-01
9.794238683127571843e-01
9.916666666666666963e-01
9.833333333333332815e-01
9.753086419753086433e-01
9.793388429752065694e-01
9.873949579831933221e-01
9.628099173553719137e-01
9.754098360655737432e-01
9.751037344398340023e-01
9.747899159663865332e-01
9.778761061946902311e-01
9.754098360655737432e-01
1.000000000000000000e+00
9.678714859437751450e-01
9.668049792531120401e-01
9.789915966386554258e-01
9.881422924901185345e-01
9.832635983263597890e-01
9.873417721518987777e-01
9.700854700854700807e-01
9.837398373983740063e-01
1.000000000000000000e+00
9.836065573770491621e-01
9.791666666666666297e-01
7.560975609756097615e-01
9.752066115702479054e-01
9.748953974895397945e-01
9.791666666666666297e-01
9.789915966386554258e-01
9.672131147540983243e-01
9.880478087649402497e-01
9.556451612903226200e-01
9.662447257383965926e-01
9.792531120331949834e-01
9.533898305084745894e-01
9.579831932773109626e-01
9.583333333333333703e-01
9.872340425531914709e-01
9.825327510917030160e-01
9.753086419753086433e-01
9.745762711864406347e-01
9.700854700854700807e-01
9.872340425531914709e-01
9.628099173553719137e-01
9.919028340080972006e-01
9.799999999999999822e-01
9.914529914529914834e-01
9.795918367346938549e-01
9.880952380952381375e-01
9.638554216867469826e-01
9.586776859504132497e-01
9.713114754098360892e-01
9.960317460317460458e-01
9.839999999999999858e-01
9.656652360515021183e-01
9.495798319327730663e-01
9.878542510121457454e-01
9.666666666666666741e-01
9.795918367346938549e-01
9.661016949152542166e-01
9.958506224066390189e-01
9.715447154471544833e-01
9.753086419753086433e-01
9.787234042553191182e-01
9.669421487603305776e-01
9.789029535864979259e-01
9.788135593220338437e-01
9.752066115702479054e-01
9.876033057851240082e-01
9.629629629629629095e-01
9.756097560975609539e-01
9.787234042553191182e-01
9.709543568464730212e-01
9.510204081632652739e-01
8.258928571428570953e-01
9.957983193277311074e-01
9.872340425531914709e-01
9.676113360323886914e-01
9.521739130434783149e-01
9.751037344398340023e-01
9.704641350210970741e-01
9.678714859437751450e-01
8.368200836820083310e-01
9.919678714859437862e-01
9.527896995708154959e-01
9.572649572649573058e-01
9.716599190283400356e-01
9.593495934959349603e-01
9.748953974895397945e-01
9.875518672199170567e-01
9.915611814345991482e-01
9.628099173553719137e-01
9.917012448132780378e-01
9.710743801652892415e-01
9.873417721518987777e-01
9.709543568464730212e-01
9.709543568464730212e-01
9.876543209876542662e-01
9.873417721518987777e-01
9.830508474576271638e-01
7.888446215139441886e-01
9.632653061224489832e-01
9.877049180327869271e-01
9.915254237288135819e-01
9.791666666666666297e-01
9.914163090128755851e-01
9.800796812749004161e-01
9.590163934426229053e-01
9.790794979079497917e-01
9.832635983263597890e-01
9.703389830508474256e-01
9.791666666666666297e-01
9.834024896265559645e-01
9.788135593220338437e-01
9.755102040816326925e-01
9.635627530364372362e-01
9.743589743589743390e-01
9.635627530364372362e-01
9.794238683127571843e-01
9.672131147540983243e-01
9.958677685950413361e-01
9.615384615384615641e-01
9.791666666666666297e-01
9.746835443037974445e-01
9.552845528455284896e-01
9.831223628691982963e-01
9.471544715447154372e-01
9.714285714285714191e-01
9.758064516129032473e-01
9.833333333333332815e-01
9.754098360655737432e-01
9.744680851063829419e-01
9.828326180257510591e-01
9.514170040485829816e-01
9.917695473251029181e-01
9.721115537848605825e-01
9.674796747967480126e-01
9.662447257383965926e-01
9.959349593495935293e-01
9.748953974895397945e-01
9.959183673469387266e-01
9.751037344398340023e-01
9.549180327868852514e-01
9.828326180257510591e-01
1.000000000000000000e+00
9.596774193548387455e-01
9.871794871794872250e-01
9.791666666666666297e-01
9.792531120331949834e-01
9.875518672199170567e-01
9.791666666666666297e-01
9.568965517241379004e-01
9.612068965517240882e-01
9.875000000000000444e-01
9.917012448132780378e-01
9.876033057851240082e-01
9.753086419753086433e-01
9.714285714285714191e-01
9.741379310344827624e-01
9.866071428571429047e-01
9.745762711864406347e-01
9.673469387755102566e-01
9.834710743801653443e-01
9.793388429752065694e-01
9.711934156378601024e-01
9.798387096774193727e-01
9.618644067796610075e-01
9.790794979079497917e-01
9.658119658119658224e-01
9.655172413793103869e-01
9.827586206896551380e-01
9.874476987447698972e-01
9.870689655172413257e-01
9.877049180327869271e-01
9.878048780487804770e-01
9.914529914529914834e-01
9.838056680161942902e-01
9.788135593220338437e-01
9.877049180327869271e-01
9.830508474576271638e-01
9.836065573770491621e-01
9.746835443037974445e-01
9.523809523809523281e-01
9.874476987447698972e-01
9.661016949152542166e-01
9.793388429752065694e-01
8.489795918367346594e-01
9.958158995815900028e-01
9.914529914529914834e-01
9.749999999999999778e-01
9.918032786885245811e-01
9.875518672199170567e-01
9.681274900398406658e-01
9.836734693877551283e-01
9.831932773109243184e-01
9.709543568464730212e-01
9.709543568464730212e-01
9.917355371900826722e-01
9.746835443037974445e-01
9.759036144578313587e-01
9.753086419753086433e-01
9.673469387755102566e-01
9.435483870967742437e-01
9.749999999999999778e-01
9.803149606299212948e-01
9.839357429718875725e-01
9.958158995815900028e-01
9.629629629629629095e-01
7.777777777777777901e-01
9.959349593495935293e-01
9.672131147540983243e-01
9.668049792531120401e-01
9.956521739130435034e-01
9.873949579831933221e-01
9.748953974895397945e-01
9.623430962343095807e-01
9.779735682819383769e-01
9.795918367346938549e-01
9.623430962343095807e-01
9.678714859437751450e-01
9.751037344398340023e-01
9.756097560975609539e-01
9.707112970711296862e-01
9.757085020242914908e-01
9.749999999999999778e-01
9.834710743801653443e-01
9.482758620689655249e-01
9.879032258064516236e-01
9.753086419753086433e-01
9.782608695652174058e-01
9.670781893004115615e-01
9.879032258064516236e-01
9.875000000000000444e-01
9.792531120331949834e-01
9.678714859437751450e-01
9.742489270386266442e-01
9.834024896265559645e-01
9.760956175298804993e-01
9.545454545454545858e-01
9.791666666666666297e-01
9.875518672199170567e-01
9.715447154471544833e-01
9.959016393442623460e-01
9.958333333333333481e-01
9.958506224066390189e-01
9.581589958158995834e-01
9.661016949152542166e-01
9.919999999999999929e-01
9.838709677419354982e-01
9.790794979079497917e-01
9.696969696969697239e-01
9.626556016597510590e-01
9.875000000000000444e-01
9.958506224066390189e-01
9.919999999999999929e-01
9.914529914529914834e-01
7.224489795918367374e-01
9.790794979079497917e-01
9.830508474576271638e-01
9.834024896265559645e-01
9.784482758620689502e-01
9.829787234042552946e-01
9.917695473251029181e-01
1.000000000000000000e+00
9.958158995815900028e-01
8.200836820083682310e-01
9.915966386554622147e-01
9.556451612903226200e-01
9.876543209876542662e-01
9.786324786324785974e-01
9.757085020242914908e-01
9.784482758620689502e-01
9.745762711864406347e-01
9.791666666666666297e-01
1.000000000000000000e+00
9.460580912863070235e-01
9.674796747967480126e-01
9.789915966386554258e-01
9.876543209876542662e-01
9.796747967479674246e-01
9.836734693877551283e-01
9.795918367346938549e-01
1.000000000000000000e+00
9.830508474576271638e-01
9.830508474576271638e-01
9.874476987447698972e-01
9.789029535864979259e-01
9.545454545454545858e-01
9.879032258064516236e-01
9.836065573770491621e-01
9.800796812749004161e-01
9.881889763779527769e-01
9.785407725321888517e-01
9.878542510121457454e-01
9.871244635193132666e-01
9.917695473251029181e-01
9.787234042553191182e-01
9.916317991631798945e-01
9.793388429752065694e-01
8.499999999999999778e-01
9.874476987447698972e-01
9.872881355932203729e-01
9.870689655172413257e-01
9.877049180327869271e-01
9.829787234042552946e-01
9.704641350210970741e-01
9.795081967213115082e-01
9.833333333333332815e-01
9.666666666666666741e-01
9.791666666666666297e-01
9.489361702127659948e-01
9.711934156378601024e-01
9.918367346938775642e-01
9.915254237288135819e-01
9.867841409691630039e-01
9.873949579831933221e-01
1.000000000000000000e+00
9.549180327868852514e-01
9.698275862068965747e-01
9.789029535864979259e-01
9.669421487603305776e-01
9.835390946502057252e-01
9.823788546255506349e-01
9.784482758620689502e-01
9.567099567099567325e-01
9.834710743801653443e-01
9.756097560975609539e-01
9.666666666666666741e-01
9.873949579831933221e-01
9.829787234042552946e-01
9.699570815450643257e-01
9.710743801652892415e-01
9.700854700854700807e-01
9.547325102880658276e-01
9.916317991631798945e-01
7.644628099173553792e-01
9.829059829059828557e-01
1.000000000000000000e+00
9.914163090128755851e-01
8.000000000000000444e-01
9.829787234042552946e-01
9.746835443037974445e-01
9.717741935483871218e-01
9.877551020408162907e-01
9.789029535864979259e-01
9.669421487603305776e-01
9.586776859504132497e-01
9.666666666666666741e-01
9.829059829059828557e-01
9.914163090128755851e-01
9.793388429752065694e-01
9.796747967479674246e-01
9.715447154471544833e-01
9.785407725321888517e-01
9.702127659574467655e-01
9.705882352941176405e-01
9.709543568464730212e-01
9.877551020408162907e-01
9.829059829059828557e-01
9.713114754098360892e-01
9.915966386554622147e-01
9.679999999999999716e-01
9.595141700404857810e-01
9.799196787148594101e-01
9.723320158102767286e-01
9.709543568464730212e-01
9.915254237288135819e-01
9.836065573770491621e-01
9.760956175298804993e-01
9.760956175298804993e-01
9.914529914529914834e-01
9.876033057851240082e-01
9.754098360655737432e-01
9.839357429718875725e-01
9.666666666666666741e-01
9.828326180257510591e-01
9.595141700404857810e-01
9.832635983263597890e-01
8.396624472573839260e-01
9.832635983263597890e-01
9.744680851063829419e-01
9.746835443037974445e-01
9.759036144578313587e-01
9.797570850202429460e-01
9.798387096774193727e-01
9.759036144578313587e-01
9.916666666666666963e-01
9.699570815450643257e-01
9.871794871794872250e-01
9.748953974895397945e-01
9.918032786885245811e-01
9.916666666666666963e-01
1.000000000000000000e+00
9.789029535864979259e-01
9.713114754098360892e-01
9.874476987447698972e-01
9.914529914529914834e-01
9.711934156378601024e-01
9.626556016597510590e-01
9.669421487603305776e-01
9.803149606299212948e-01
9.612068965517240882e-01
9.499999999999999556e-01
9.870689655172413257e-01
9.707112970711296862e-01
9.676113360323886914e-01
9.783549783549783108e-01
9.707112970711296862e-01
9.873949579831933221e-01
9.666666666666666741e-01
9.841897233201580830e-01
9.754098360655737432e-01
9.709543568464730212e-01
9.877551020408162907e-01
9.792531120331949834e-01
9.710743801652892415e-01
9.632653061224489832e-01
9.586776859504132497e-01
9.875518672199170567e-01
9.918032786885245811e-01
9.798387096774193727e-01
9.914163090128755851e-01
9.792531120331949834e-01
9.877049180327869271e-01
9.623430962343095807e-01
9.917355371900826722e-01
9.710743801652892415e-01
9.668049792531120401e-01
9.655172413793103869e-01
9.876543209876542662e-01
9.634146341463414309e-01
9.958158995815900028e-01
9.879999999999999893e-01
9.752066115702479054e-01
9.710743801652892415e-01
9.872340425531914709e-01
9.871794871794872250e-01
9.677419354838709964e-01
9.875518672199170567e-01
9.595141700404857810e-01
7.782426778242678145e-01
9.704641350210970741e-01
9.918367346938775642e-01
9.958677685950413361e-01
9.826086956521739024e-01
9.957805907172996296e-01
9.504132231404959219e-01
9.419087136929460424e-01
9.656652360515021183e-01
7.366255144032921587e-01
9.915966386554622147e-01
9.670781893004115615e-01
9.696969696969697239e-01
9.791666666666666297e-01
9.744680851063829419e-01
9.835390946502057252e-01
9.785407725321888517e-01
9.915254237288135819e-01
9.836065573770491621e-01
9.751037344398340023e-01
9.547325102880658276e-01
9.748953974895397945e-01
9.790794979079497917e-01
9.795918367346938549e-01
9.753086419753086433e-01
9.834024896265559645e-01
9.917695473251029181e-01
9.742489270386266442e-01
9.873417721518987777e-01
9.957805907172996296e-01
9.709543568464730212e-01
9.835390946502057252e-01
9.837398373983740063e-01
9.839357429718875725e-01
9.612068965517240882e-01
8.688524590163934080e-01
9.959999999999999964e-01
9.876033057851240082e-01
9.917355371900826722e-01
9.748953974895397945e-01
9.559999999999999609e-01
9.702127659574467655e-01
9.831223628691982963e-01
9.803149606299212948e-01
9.752066115702479054e-01
9.755102040816326925e-01
9.662447257383965926e-01
9.740259740259740173e-01
9.916666666666666963e-01
7.874015748031496509e-01
9.606986899563318971e-01
9.800796812749004161e-01
9.658119658119658224e-01
9.711934156378601024e-01
9.789029535864979259e-01
9.758064516129032473e-01
9.879032258064516236e-01
9.756097560975609539e-01
9.790794979079497917e-01
9.873417721518987777e-01
9.958506224066390189e-01
9.915254237288135819e-01
9.836065573770491621e-01
9.878048780487804770e-01
9.839357429718875725e-01
9.596774193548387455e-01
9.878542510121457454e-01
9.913793103448276245e-01
9.718875502008031964e-01
9.781659388646287701e-01
9.789915966386554258e-01
1.000000000000000000e+00
9.678714859437751450e-01
9.699570815450643257e-01
9.839357429718875725e-01
9.875518672199170567e-01
9.757085020242914908e-01
9.836065573770491621e-01
9.796747967479674246e-01
9.709543568464730212e-01
9.918032786885245811e-01
9.790794979079497917e-01
9.871244635193132666e-01
9.623430962343095807e-01
9.959514170040485448e-01
9.789915966386554258e-01
9.791666666666666297e-01
9.707112970711296862e-01
9.795081967213115082e-01
9.915966386554622147e-01
9.868995633187772620e-01
9.717741935483871218e-01
9.756097560975609539e-01
9.795081967213115082e-01
9.789915966386554258e-01
8.765432098765432167e-01
9.751037344398340023e-01
9.749999999999999778e-01
9.757085020242914908e-01
9.873949579831933221e-01
9.581589958158995834e-01
9.832635983263597890e-01
9.874476987447698972e-01
9.839357429718875725e-01
9.704641350210970741e-01
9.672131147540983243e-01
9.873417721518987777e-01
9.715447154471544833e-01
9.875000000000000444e-01
9.793388429752065694e-01
9.752066115702479054e-01
9.913793103448276245e-01
8.057851239669421295e-01
9.574468085106383475e-01
9.751037344398340023e-01
9.828326180257510591e-01
9.717741935483871218e-01
9.516129032258064946e-01
9.834024896265559645e-01
9.875518672199170567e-01
9.920948616600790970e-01
9.618644067796610075e-01
9.784482758620689502e-01
9.704641350210970741e-01
9.835390946502057252e-01
9.662447257383965926e-01
9.876033057851240082e-01
9.621848739495798553e-01
9.705882352941176405e-01
9.873417721518987777e-01
9.792531120331949834e-01
9.721115537848605825e-01
1.000000000000000000e+00
9.915966386554622147e-01
9.784482758620689502e-01
9.590163934426229053e-01
9.837398373983740063e-01
9.794238683127571843e-01
9.744680851063829419e-01
9.708333333333333259e-01
9.670781893004115615e-01
9.753086419753086433e-01
8.418972332015810522e-01
9.792531120331949834e-01
9.713114754098360892e-01
9.799196787148594101e-01
9.586776859504132497e-01
9.835390946502057252e-01
9.833333333333332815e-01
9.754098360655737432e-01
9.757085020242914908e-01
9.754098360655737432e-01
9.839999999999999858e-01
9.798387096774193727e-01
9.914529914529914834e-01
9.916317991631798945e-01
9.878542510121457454e-01
9.626556016597510590e-01
9.721115537848605825e-01
9.914529914529914834e-01
9.579831932773109626e-01
9.629629629629629095e-01
9.579831932773109626e-01
9.746835443037974445e-01
9.704641350210970741e-01
9.783549783549783108e-01
1.000000000000000000e+00
9.837398373983740063e-01
9.914163090128755851e-01
1.000000000000000000e+00
7.620967741935483764e-01
9.709543568464730212e-01
9.484978540772531774e-01
9.733333333333333837e-01
9.874476987447698972e-01
9.827586206896551380e-01
8.641975308641974829e-01
9.746835443037974445e-01
9.797570850202429460e-01
9.958333333333333481e-01
9.871244635193132666e-01
9.870129870129870087e-01
9.579831932773109626e-01
9.754098360655737432e-01
9.833333333333332815e-01
9.835390946502057252e-01
9.739130434782609091e-01
9.709543568464730212e-01
9.629629629629629095e-01
9.718875502008031964e-01
9.676113360323886914e-01
9.957983193277311074e-01
9.707112970711296862e-01
9.918032786885245811e-01
9.709543568464730212e-01
9.574468085106383475e-01
9.751037344398340023e-01
9.377593360995850613e-01
9.063829787234042312e-01
9.705882352941176405e-01
9.832635983263597890e-01
9.749999999999999778e-01
1.000000000000000000e+00
9.918032786885245811e-01
9.914893617021276473e-01
9.695652173913043015e-01
9.918032786885245811e-01
9.752066115702479054e-01
9.830508474576271638e-01
9.829059829059828557e-01
9.916317991631798945e-01
9.741379310344827624e-01
9.876033057851240082e-01
9.876033057851240082e-01
9.788135593220338437e-01
9.832635983263597890e-01
8.471074380165288797e-01
9.794238683127571843e-01
9.462809917355371470e-01
8.461538461538461453e-01
9.958506224066390189e-01
7.975708502024291269e-01
9.958506224066390189e-01
9.868995633187772620e-01
9.838056680161942902e-01
9.839999999999999858e-01
9.877551020408162907e-01
9.716599190283400356e-01
9.669421487603305776e-01
9.789029535864979259e-01
9.837398373983740063e-01
9.916317991631798945e-01
9.918032786885245811e-01
9.823008849557521849e-01
9.751037344398340023e-01
9.625000000000000222e-01
9.877049180327869271e-01
9.831223628691982963e-01
9.717741935483871218e-01
9.659574468085105892e-01
9.793388429752065694e-01
8.140495867768594573e-01
9.957627118644067910e-01
9.876543209876542662e-01
9.915254237288135819e-01
9.878542510121457454e-01
9.834710743801653443e-01
9.880952380952381375e-01
9.957983193277311074e-01
9.831932773109243184e-01
9.917012448132780378e-01
9.834024896265559645e-01
9.841269841269840724e-01
9.835390946502057252e-01
9.870129870129870087e-01
9.872340425531914709e-01
9.878542510121457454e-01
9.787234042553191182e-01
9.789029535864979259e-01
9.878542510121457454e-01
9.617021276595744128e-01
9.913419913419913021e-01
9.705882352941176405e-01
9.752066115702479054e-01
9.755102040816326925e-01
9.755102040816326925e-01
9.669421487603305776e-01
9.336099585062240802e-01
9.829787234042552946e-01
9.869565217391303991e-01
9.637096774193548709e-01
9.790794979079497917e-01
9.879999999999999893e-01
9.644268774703557146e-01
9.791666666666666297e-01
9.829059829059828557e-01
9.658119658119658224e-01
9.754098360655737432e-01
9.682539682539682557e-01
9.913793103448276245e-01
9.663865546218487479e-01
9.218106995884773891e-01
9.918367346938775642e-01
9.832635983263597890e-01
9.838709677419354982e-01
9.567099567099567325e-01
9.789029535864979259e-01
9.916666666666666963e-01
9.710743801652892415e-01
9.504132231404959219e-01
9.666666666666666741e-01
9.705882352941176405e-01
9.551020408163265474e-01
9.915966386554622147e-01
9.838056680161942902e-01
9.834024896265559645e-01
9.834710743801653443e-01
9.879518072289156239e-01
9.835390946502057252e-01
9.634146341463414309e-01
9.759999999999999787e-01
9.448818897637795144e-01
9.794238683127571843e-01
9.836065573770491621e-01
9.746835443037974445e-01
9.832635983263597890e-01
9.916317991631798945e-01
9.834024896265559645e-01
9.874476987447698972e-01
9.756097560975609539e-01
9.747899159663865332e-01
9.801587301587301182e-01
9.913793103448276245e-01
9.830508474576271638e-01
9.637096774193548709e-01
9.744680851063829419e-01
9.710743801652892415e-01
8.931623931623932089e-01
9.668049792531120401e-01
9.834024896265559645e-01
9.581589958158995834e-01
9.917012448132780378e-01
9.791666666666666297e-01
9.748953974895397945e-01
9.621848739495798553e-01
9.783549783549783108e-01
9.871244635193132666e-01
9.831223628691982963e-01
9.795918367346938549e-01
9.799999999999999822e-01
9.827586206896551380e-01
9.959183673469387266e-01
9.834024896265559645e-01
8.185654008438818519e-01
1.000000000000000000e+00
9.872881355932203729e-01
9.959839357429718376e-01
9.626556016597510590e-01
9.829787234042552946e-01
9.955555555555555269e-01
9.835390946502057252e-01
9.875000000000000444e-01
9.672131147540983243e-01
9.742489270386266442e-01
9.829787234042552946e-01
9.958158995815900028e-01
9.802371541501976315e-01
9.794238683127571843e-01
9.878048780487804770e-01
9.872881355932203729e-01
9.743589743589743390e-01
9.916666666666666963e-01
9.795081967213115082e-01
9.836065573770491621e-01
9.748953974895397945e-01
9.715447154471544833e-01
1.000000000000000000e+00
9.878048780487804770e-01
1.000000000000000000e+00
9.718875502008031964e-01
9.759036144578313587e-01
9.878048780487804770e-01
9.833333333333332815e-01
9.596774193548387455e-01
9.795081967213115082e-01
9.752066115702479054e-01
9.835390946502057252e-01
9.831223628691982963e-01
9.869565217391303991e-01
9.792531120331949834e-01
9.877551020408162907e-01
9.399999999999999467e-01
9.876543209876542662e-01
9.755102040816326925e-01
9.839999999999999858e-01
9.707112970711296862e-01
9.665271966527196890e-01
9.831223628691982963e-01
9.661016949152542166e-01
9.755102040816326925e-01
9.763779527559055538e-01
9.578059071729957408e-01
9.876543209876542662e-01
9.758064516129032473e-01
9.837398373983740063e-01
9.880478087649402497e-01
9.710743801652892415e-01
9.668049792531120401e-01
9.959839357429718376e-01
9.831932773109243184e-01
9.835390946502057252e-01
9.781659388646287701e-01
9.830508474576271638e-01
9.702127659574467655e-01
9.469387755102041115e-01
9.959349593495935293e-01
9.745762711864406347e-01
9.708333333333333259e-01
9.834710743801653443e-01
9.451476793248945185e-01
9.755102040816326925e-01
9.915966386554622147e-01
7.418032786885245811e-01
9.590163934426229053e-01
9.539748953974895862e-01
9.789915966386554258e-01
9.698275862068965747e-01
9.790794979079497917e-01
9.716599190283400356e-01
9.543568464730290968e-01
9.673469387755102566e-01
9.786324786324785974e-01
9.826086956521739024e-01
9.917012448132780378e-01
9.826086956521739024e-01
9.831932773109243184e-01
9.590163934426229053e-01
9.593495934959349603e-01
9.563492063492063933e-01
9.873417721518987777e-01
9.916317991631798945e-01
9.872340425531914709e-01
9.795918367346938549e-01
9.753086419753086433e-01
9.759036144578313587e-01
9.828326180257510591e-01
1.000000000000000000e+00
9.506172839506172867e-01
1.000000000000000000e+00
7.379032258064516236e-01
9.916666666666666963e-01
9.836734693877551283e-01
9.655172413793103869e-01
9.843137254901960231e-01
9.826839826839827152e-01
8.103448275862068506e-01
9.746835443037974445e-01
9.918699186991869476e-01
9.831932773109243184e-01
9.625000000000000222e-01
9.739130434782609091e-01
9.874476987447698972e-01
9.876033057851240082e-01
9.867841409691630039e-01
7.942386831275720649e-01
8.641975308641974829e-01
9.749999999999999778e-01
9.456066945606694807e-01
9.802371541501976315e-01
9.838709677419354982e-01
9.539748953974895862e-01
9.912663755458515080e-01
9.699570815450643257e-01
9.839999999999999858e-01
9.791666666666666297e-01
9.917012448132780378e-01
9.876543209876542662e-01
9.462809917355371470e-01
9.957983193277311074e-01
9.756097560975609539e-01
9.836065573770491621e-01
9.621848739495798553e-01
9.794238683127571843e-01
9.917355371900826722e-01
9.719999999999999751e-01
9.669421487603305776e-01
9.915966386554622147e-01
9.830508474576271638e-01
8.389830508474576121e-01
9.747899159663865332e-01
9.830508474576271638e-01
9.672131147540983243e-01
9.957081545064377925e-01
9.788135593220338437e-01
9.669421487603305776e-01
9.827586206896551380e-01
9.634146341463414309e-01
9.669421487603305776e-01
9.666666666666666741e-01
9.830508474576271638e-01
9.695652173913043015e-01
9.791666666666666297e-01
9.586776859504132497e-01
9.752066115702479054e-01
1.000000000000000000e+00
9.751037344398340023e-01
9.665271966527196890e-01
9.749999999999999778e-01
9.875518672199170567e-01
9.914893617021276473e-01
9.708333333333333259e-01
9.873417721518987777e-01
9.799196787148594101e-01
9.799196787148594101e-01
9.714285714285714191e-01
9.747899159663865332e-01
9.646017699115043698e-01
9.873949579831933221e-01
9.709543568464730212e-01
9.568965517241379004e-01
9.958333333333333481e-01
9.879032258064516236e-01
9.958847736625514591e-01
9.563492063492063933e-01
9.788135593220338437e-01
9.876543209876542662e-01
9.673469387755102566e-01
9.920634920634920917e-01
9.832635983263597890e-01
9.789915966386554258e-01
9.836065573770491621e-01
9.827586206896551380e-01
9.665271966527196890e-01
9.759036144578313587e-01
9.672131147540983243e-01
9.829787234042552946e-01
9.709543568464730212e-01
9.837398373983740063e-01
9.876543209876542662e-01
9.795918367346938549e-01
9.668049792531120401e-01
9.873949579831933221e-01
9.838709677419354982e-01
9.790794979079497917e-01
8.025210084033613800e-01
9.655172413793103869e-01
9.754098360655737432e-01
9.791666666666666297e-01
9.579831932773109626e-01
9.915254237288135819e-01
9.758064516129032473e-01
9.756097560975609539e-01
9.749999999999999778e-01
9.870689655172413257e-01
9.834710743801653443e-01
9.831932773109243184e-01
9.792531120331949834e-01
9.793388429752065694e-01
9.829787234042552946e-01
9.710743801652892415e-01
7.330508474576271638e-01
9.710743801652892415e-01
9.787234042553191182e-01
9.626556016597510590e-01
9.789915966386554258e-01
9.754098360655737432e-01
9.916666666666666963e-01
9.700854700854700807e-01
9.834710743801653443e-01
9.595141700404857810e-01
9.659574468085105892e-01
9.869565217391303991e-01
9.659574468085105892e-01
9.880478087649402497e-01
9.572649572649573058e-01
9.913793103448276245e-01
9.915611814345991482e-01
9.835390946502057252e-01
9.545454545454545858e-01
9.875518672199170567e-01
9.803149606299212948e-01
9.917355371900826722e-01
9.691629955947136388e-01
9.917012448132780378e-01
9.917695473251029181e-01
9.872881355932203729e-01
9.717741935483871218e-01
9.799999999999999822e-01
9.876033057851240082e-01
9.789029535864979259e-01
9.914529914529914834e-01
9.799196787148594101e-01
9.796747967479674246e-01
9.576271186440677985e-01
9.876543209876542662e-01
9.833333333333332815e-01
9.625000000000000222e-01
9.874476987447698972e-01
9.915254237288135819e-01
9.832635983263597890e-01
9.681274900398406658e-01
9.790794979079497917e-01
9.590163934426229053e-01
9.799196787148594101e-01
9.794238683127571843e-01
9.717741935483871218e-01
9.914893617021276473e-01
9.785407725321888517e-01
9.875000000000000444e-01
9.753086419753086433e-01
9.872340425531914709e-01
9.835390946502057252e-01
9.958847736625514591e-01
9.790794979079497917e-01
9.917355371900826722e-01
9.669421487603305776e-01
9.836065573770491621e-01
9.915966386554622147e-01
9.834024896265559645e-01
9.793388429752065694e-01
9.519999999999999574e-01
9.753086419753086433e-01
9.826839826839827152e-01
1.000000000000000000e+00
9.826839826839827152e-01
9.917695473251029181e-01
9.674796747967480126e-01
9.790794979079497917e-01
9.784482758620689502e-01
9.659574468085105892e-01
9.839999999999999858e-01
9.787234042553191182e-01
9.479999999999999538e-01
9.591836734693877098e-01
9.757085020242914908e-01
9.787234042553191182e-01
9.842519685039370358e-01
9.656652360515021183e-01
9.698275862068965747e-01
9.918699186991869476e-01
9.716599190283400356e-01
9.780701754385965341e-01
9.832635983263597890e-01
9.836065573770491621e-01
9.715447154471544833e-01
9.915611814345991482e-01
9.744680851063829419e-01
9.799196787148594101e-01
9.873949579831933221e-01
9.958333333333333481e-01
9.870129870129870087e-01
7.931034482758620996e-01
9.601593625498008322e-01
9.836734693877551283e-01
9.837398373983740063e-01
9.623430962343095807e-01
9.716599190283400356e-01
9.782608695652174058e-01
9.878048780487804770e-01
8.064516129032257563e-01
8.518518518518518601e-01
9.786324786324785974e-01
9.877049180327869271e-01
9.833333333333332815e-01
9.523809523809523281e-01
9.717741935483871218e-01
9.874476987447698972e-01
9.753086419753086433e-01
9.915611814345991482e-01
9.834024896265559645e-01
9.914893617021276473e-01
9.714285714285714191e-01
9.790794979079497917e-01
9.745762711864406347e-01
9.837398373983740063e-01
9.746835443037974445e-01
9.632653061224489832e-01
9.915966386554622147e-01
9.835390946502057252e-01
7.809917355371900349e-01
9.834710743801653443e-01
9.789029535864979259e-01
9.920634920634920917e-01
9.749999999999999778e-01
9.661016949152542166e-01
9.795918367346938549e-01
9.879032258064516236e-01
1.000000000000000000e+00
9.713114754098360892e-01
9.873417721518987777e-01
9.676113360323886914e-01
8.091286307053942028e-01
9.798387096774193727e-01
9.873949579831933221e-01
9.869565217391303991e-01
9.838709677419354982e-01
8.530612244897959329e-01
9.873949579831933221e-01
9.829787234042552946e-01
9.707112970711296862e-01
9.794238683127571843e-01
9.585062240663900779e-01
9.711934156378601024e-01
9.749999999999999778e-01
9.957627118644067910e-01
9.673469387755102566e-01
9.914529914529914834e-01
9.872340425531914709e-01
9.834024896265559645e-01
9.755102040816326925e-01
9.834024896265559645e-01
7.620967741935483764e-01
9.749999999999999778e-01
9.955555555555555269e-01
9.666666666666666741e-01
9.829787234042552946e-01
9.628099173553719137e-01
9.871794871794872250e-01
9.632653061224489832e-01
9.840637450199203329e-01
9.716599190283400356e-01
9.869565217391303991e-01
9.914529914529914834e-01
9.672131147540983243e-01
9.832635983263597890e-01
9.714285714285714191e-01
9.736842105263158187e-01
9.831223628691982963e-01
9.914163090128755851e-01
9.835390946502057252e-01
9.836065573770491621e-01
9.797570850202429460e-01
1.000000000000000000e+00
9.710743801652892415e-01
9.958158995815900028e-01
9.799196787148594101e-01
9.912280701754385692e-01
9.831223628691982963e-01
9.872881355932203729e-01
9.873949579831933221e-01
7.857142857142856984e-01
9.872881355932203729e-01
9.918367346938775642e-01
9.878542510121457454e-01
9.797570850202429460e-01
9.574468085106383475e-01
9.724409448818898127e-01
9.960474308300395485e-01
9.872881355932203729e-01
9.668049792531120401e-01
9.834710743801653443e-01
1.000000000000000000e+00
9.753086419753086433e-01
9.446808510638298184e-01
9.704641350210970741e-01
9.877049180327869271e-01
9.831223628691982963e-01
9.958847736625514591e-01
9.915966386554622147e-01
9.757085020242914908e-01
9.875000000000000444e-01
9.757085020242914908e-01
9.669421487603305776e-01
9.835390946502057252e-01
9.879032258064516236e-01
9.652173913043478048e-01
9.831223628691982963e-01
9.718875502008031964e-01
9.721115537848605825e-01
9.915254237288135819e-01
9.617021276595744128e-01
9.533898305084745894e-01
9.793388429752065694e-01
9.802371541501976315e-01
9.914529914529914834e-01
9.794238683127571843e-01
9.757085020242914908e-01
9.879999999999999893e-01
9.834024896265559645e-01
9.714285714285714191e-01
7.768924302788844383e-01
9.827586206896551380e-01
9.838709677419354982e-01
9.920318725099601664e-01
9.839357429718875725e-01
7.370689655172413257e-01
9.747899159663865332e-01
9.610389610389610260e-01
9.558232931726907688e-01
7.385892116182573020e-01
9.871244635193132666e-01
9.666666666666666741e-01
6.413502109704641851e-01
9.588477366255143686e-01
9.913793103448276245e-01
9.620253164556962222e-01
9.801587301587301182e-01
9.876033057851240082e-01
9.787234042553191182e-01
9.916317991631798945e-01
9.717741935483871218e-01
9.957264957264957417e-01
9.787234042553191182e-01
9.873949579831933221e-01
9.915611814345991482e-01
9.959349593495935293e-01
9.666666666666666741e-01
9.958677685950413361e-01
9.795081967213115082e-01
9.756097560975609539e-01
9.708333333333333259e-01
9.705882352941176405e-01
9.629629629629629095e-01
9.578059071729957408e-01
9.759036144578313587e-01
9.791666666666666297e-01
9.958506224066390189e-01
9.959349593495935293e-01
9.699570815450643257e-01
9.708333333333333259e-01
9.918032786885245811e-01
9.798387096774193727e-01
9.758064516129032473e-01
9.877551020408162907e-01
9.832635983263597890e-01
9.703389830508474256e-01
9.746835443037974445e-01
9.790794979079497917e-01
9.647058823529411908e-01
9.833333333333332815e-01
9.875000000000000444e-01
9.828326180257510591e-01
9.914163090128755851e-01
9.784482758620689502e-01
9.879032258064516236e-01
9.914163090128755851e-01
9.670781893004115615e-01
9.578059071729957408e-01
9.878542510121457454e-01
9.659574468085105892e-01
9.759036144578313587e-01
9.879032258064516236e-01
9.752066115702479054e-01
9.703389830508474256e-01
9.539748953974895862e-01
9.499999999999999556e-01
9.628099173553719137e-01
9.430894308943089666e-01
9.672131147540983243e-01
9.783549783549783108e-01
9.700854700854700807e-01
9.786324786324785974e-01
9.593495934959349603e-01
9.593495934959349603e-01
9.676113360323886914e-01
9.789029535864979259e-01
9.753086419753086433e-01
9.916317991631798945e-01
9.617021276595744128e-01
9.871794871794872250e-01
9.958333333333333481e-01
9.745762711864406347e-01
9.872340425531914709e-01
9.829059829059828557e-01
9.632653061224489832e-01
9.786324786324785974e-01
9.919678714859437862e-01
9.957627118644067910e-01
9.746835443037974445e-01
9.659574468085105892e-01
9.796747967479674246e-01
9.875000000000000444e-01
9.913793103448276245e-01
9.830508474576271638e-01
9.836065573770491621e-01
9.789029535864979259e-01
9.877049180327869271e-01
9.869565217391303991e-01
9.871794871794872250e-01
9.874476987447698972e-01
7.768240343347639909e-01
9.673469387755102566e-01
9.873417721518987777e-01
9.873417721518987777e-01
9.736842105263158187e-01
9.696969696969697239e-01
9.960159362549800832e-01
9.625000000000000222e-01
9.789029535864979259e-01
9.634146341463414309e-01
9.677419354838709964e-01
9.915254237288135819e-01
9.872340425531914709e-01
9.783549783549783108e-01
9.876033057851240082e-01
9.828326180257510591e-01
9.558232931726907688e-01
9.870129870129870087e-01
9.870129870129870087e-01
9.744680851063829419e-01
9.583333333333333703e-01
9.743589743589743390e-01
9.875000000000000444e-01
9.833333333333332815e-01
9.795081967213115082e-01
9.918699186991869476e-01
9.695652173913043015e-01
9.785407725321888517e-01
9.656652360515021183e-01
9.958158995815900028e-01
9.721115537848605825e-01
9.957081545064377925e-01
9.656652360515021183e-01
9.758064516129032473e-01
9.836734693877551283e-01
9.826839826839827152e-01
1.000000000000000000e+00
1.000000000000000000e+00
9.914893617021276473e-01
9.786324786324785974e-01
9.639999999999999680e-01
8.559322033898305593e-01
9.833333333333332815e-01
9.757085020242914908e-01
9.666666666666666741e-01
9.796747967479674246e-01
9.829059829059828557e-01
9.831932773109243184e-01
9.958506224066390189e-01
9.390243902439023849e-01
9.695652173913043015e-01
9.752066115702479054e-01
9.957264957264957417e-01
8.244897959183673519e-01
9.756097560975609539e-01
7.796610169491525744e-01
9.834024896265559645e-01
9.604743083003952631e-01
7.254098360655737432e-01
9.789029535864979259e-01
9.838709677419354982e-01
8.760000000000000009e-01
9.871794871794872250e-01
9.876033057851240082e-01
9.875000000000000444e-01
9.735682819383260078e-01
9.876033057851240082e-01
9.670781893004115615e-01
9.539748953974895862e-01
9.916666666666666963e-01
9.797570850202429460e-01
9.794238683127571843e-01
9.716599190283400356e-01
9.618644067796610075e-01
9.917695473251029181e-01
9.915254237288135819e-01
9.831223628691982963e-01
9.647577092511012697e-01
9.527896995708154959e-01
9.514170040485829816e-01
9.957983193277311074e-01
9.547325102880658276e-01
9.745762711864406347e-01
9.837398373983740063e-01
9.800796812749004161e-01
9.746835443037974445e-01
9.833333333333332815e-01
9.879518072289156239e-01
9.625000000000000222e-01
9.792531120331949834e-01
9.871794871794872250e-01
9.917012448132780378e-01
9.827586206896551380e-01
9.659574468085105892e-01
9.749999999999999778e-01
9.792531120331949834e-01
7.460317460317460458e-01
9.755102040816326925e-01
9.700854700854700807e-01
9.877551020408162907e-01
7.901234567901234129e-01
9.916317991631798945e-01
9.874476987447698972e-01
9.792531120331949834e-01
9.704641350210970741e-01
9.751037344398340023e-01
9.790794979079497917e-01
9.790794979079497917e-01
9.878048780487804770e-01
9.871244635193132666e-01
9.873949579831933221e-01
1.000000000000000000e+00
9.670781893004115615e-01
9.879032258064516236e-01
9.790794979079497917e-01
9.749999999999999778e-01
9.839357429718875725e-01
9.915966386554622147e-01
9.717741935483871218e-01
9.915611814345991482e-01
9.659574468085105892e-01
9.834710743801653443e-01
9.735682819383260078e-01
9.825327510917030160e-01
9.788135593220338437e-01
9.793388429752065694e-01
9.458333333333333037e-01
9.920318725099601664e-01
9.826839826839827152e-01
9.836065573770491621e-01
9.749999999999999778e-01
9.833333333333332815e-01
9.873949579831933221e-01
9.836065573770491621e-01
9.715447154471544833e-01
9.590163934426229053e-01
9.828326180257510591e-01
9.824561403508771384e-01
9.752066115702479054e-01
9.875000000000000444e-01
9.873417721518987777e-01
9.759999999999999787e-01
9.836065573770491621e-01
9.871794871794872250e-01
9.754098360655737432e-01
9.959349593495935293e-01
1.000000000000000000e+00
9.876543209876542662e-01
1.000000000000000000e+00
8.368200836820083310e-01
9.708333333333333259e-01
9.918032786885245811e-01
9.656652360515021183e-01
9.875518672199170567e-01
9.541666666666667185e-01
9.748953974895397945e-01
9.578059071729957408e-01
9.834024896265559645e-01
8.104838709677418818e-01
9.877049180327869271e-01
9.828326180257510591e-01
9.785407725321888517e-01
9.576271186440677985e-01
9.914529914529914834e-01
9.702127659574467655e-01
9.749999999999999778e-01
9.708333333333333259e-01
8.833333333333333037e-01
9.395161290322581182e-01
9.578059071729957408e-01
9.819004524886877361e-01
9.705882352941176405e-01
9.918032786885245811e-01
9.958677685950413361e-01
9.521912350597609986e-01
9.708333333333333259e-01
9.878048780487804770e-01
9.876543209876542662e-01
9.956896551724138122e-01
9.834024896265559645e-01
9.959677419354838745e-01
9.663865546218487479e-01
9.638554216867469826e-01
9.621848739495798553e-01
9.915611814345991482e-01
9.747899159663865332e-01
9.744680851063829419e-01
9.655172413793103869e-01
9.790794979079497917e-01
9.796747967479674246e-01
9.669421487603305776e-01
9.915611814345991482e-01
9.957081545064377925e-01
9.875000000000000444e-01
9.678714859437751450e-01
9.872340425531914709e-01
9.710743801652892415e-01
9.795081967213115082e-01
9.838056680161942902e-01
9.715447154471544833e-01
9.681274900398406658e-01
9.710743801652892415e-01
9.874476987447698972e-01
9.745762711864406347e-01
9.736842105263158187e-01
9.661016949152542166e-01
9.787234042553191182e-01
9.758064516129032473e-01
9.794238683127571843e-01
9.704641350210970741e-01
9.873417721518987777e-01
9.590163934426229053e-01
9.661016949152542166e-01
9.876033057851240082e-01
9.796747967479674246e-01
9.827586206896551380e-01
9.831932773109243184e-01
9.915611814345991482e-01
9.581589958158995834e-01
9.836734693877551283e-01
9.634146341463414309e-01
9.873949579831933221e-01
9.836734693877551283e-01
9.840637450199203329e-01
7.306122448979591733e-01
9.663865546218487479e-01
9.711934156378601024e-01
9.250000000000000444e-01
9.740259740259740173e-01
8.163265306122449161e-01
9.958506224066390189e-01
9.753086419753086433e-01
9.713114754098360892e-01
9.707112970711296862e-01
9.793388429752065694e-01
9.830508474576271638e-01
9.721115537848605825e-01
9.874476987447698972e-01
9.747899159663865332e-01
9.716599190283400356e-01
9.752066115702479054e-01
9.831932773109243184e-01
9.786324786324785974e-01
9.836065573770491621e-01
9.666666666666666741e-01
9.786324786324785974e-01
9.754098360655737432e-01
9.795081967213115082e-01
9.785407725321888517e-01
9.783549783549783108e-01
9.695652173913043015e-01
9.831932773109243184e-01
9.713114754098360892e-01
9.793388429752065694e-01
9.958158995815900028e-01
9.746835443037974445e-01
9.914163090128755851e-01
9.742489270386266442e-01
9.915611814345991482e-01
9.877049180327869271e-01
9.829787234042552946e-01
9.877049180327869271e-01
9.879518072289156239e-01
9.681274900398406658e-01
9.676113360323886914e-01
9.836065573770491621e-01
9.873949579831933221e-01
8.170731707317072656e-01
9.751037344398340023e-01
9.829059829059828557e-01
9.545454545454545858e-01
9.716599190283400356e-01
9.666666666666666741e-01
9.681274900398406658e-01
9.716599190283400356e-01
9.914529914529914834e-01
9.708333333333333259e-01
9.716599190283400356e-01
9.957805907172996296e-01
9.661016949152542166e-01
9.839357429718875725e-01
7.860082304526748720e-01
9.635627530364372362e-01
9.713114754098360892e-01
9.958677685950413361e-01
9.545454545454545858e-01
7.933884297520661377e-01
9.702127659574467655e-01
9.672131147540983243e-01
9.646017699115043698e-01
9.688888888888889106e-01
9.708333333333333259e-01
9.876033057851240082e-01
1.000000000000000000e+00
8.208333333333333037e-01
9.637096774193548709e-01
9.876033057851240082e-01
9.957264957264957417e-01
9.506172839506172867e-01
9.761904761904761640e-01
9.866071428571429047e-01
9.751037344398340023e-01
9.748953974895397945e-01
9.716599190283400356e-01
9.708333333333333259e-01
9.831223628691982963e-01
9.759999999999999787e-01
9.834024896265559645e-01
9.669421487603305776e-01
9.665271966527196890e-01
9.881889763779527769e-01
9.753086419753086433e-01
9.579831932773109626e-01
9.959016393442623460e-01
9.877551020408162907e-01
9.838056680161942902e-01
9.793388429752065694e-01
9.869565217391303991e-01
9.959349593495935293e-01
9.879999999999999893e-01
9.665271966527196890e-01
9.705882352941176405e-01
9.674796747967480126e-01
9.621848739495798553e-01
9.782608695652174058e-01
9.836734693877551283e-01
9.800796812749004161e-01
7.676348547717842807e-01
9.665271966527196890e-01
9.713114754098360892e-01
9.838056680161942902e-01
9.711934156378601024e-01
9.790794979079497917e-01
9.834024896265559645e-01
9.715447154471544833e-01
9.958677685950413361e-01
9.958506224066390189e-01
9.834024896265559645e-01
8.305084745762711940e-01
9.918032786885245811e-01
9.799999999999999822e-01
9.726562500000000000e-01
1.000000000000000000e+00
9.784482758620689502e-01
9.708333333333333259e-01
9.794238683127571843e-01
9.755102040816326925e-01
9.585062240663900779e-01
9.959016393442623460e-01
9.786324786324785974e-01
8.204081632653060785e-01
9.596774193548387455e-01
9.713114754098360892e-01
9.960159362549800832e-01
9.799196787148594101e-01
9.957805907172996296e-01
9.590163934426229053e-01
9.749999999999999778e-01
9.696969696969697239e-01
8.458333333333333259e-01
9.749999999999999778e-01
9.585062240663900779e-01
9.713114754098360892e-01
9.711934156378601024e-01
9.748953974895397945e-01
9.791666666666666297e-01
9.871244635193132666e-01
9.531914893617021711e-01
9.915966386554622147e-01
9.791666666666666297e-01
9.634146341463414309e-01
9.707112970711296862e-01
1.000000000000000000e+00
7.446808510638297518e-01
9.785407725321888517e-01
9.789915966386554258e-01
9.707112970711296862e-01
9.840637450199203329e-01
9.873949579831933221e-01
9.876543209876542662e-01
9.744680851063829419e-01
9.833333333333332815e-01
9.836065573770491621e-01
9.881422924901185345e-01
9.789029535864979259e-01
9.791666666666666297e-01
9.875518672199170567e-01
7.804878048780488076e-01
9.717741935483871218e-01
9.872340425531914709e-01
9.877551020408162907e-01
9.876543209876542662e-01
9.796747967479674246e-01
9.797570850202429460e-01
9.957983193277311074e-01
9.759036144578313587e-01
9.834024896265559645e-01
9.795918367346938549e-01
9.783549783549783108e-01
8.200836820083682310e-01
9.830508474576271638e-01
9.716599190283400356e-01
9.833333333333332815e-01
9.833333333333332815e-01
9.875518672199170567e-01
9.803149606299212948e-01
9.713114754098360892e-01
9.878048780487804770e-01
9.748953974895397945e-01
9.756097560975609539e-01
9.836734693877551283e-01
9.918367346938775642e-01
9.835390946502057252e-01
9.711934156378601024e-01
8.461538461538461453e-01
9.672131147540983243e-01
9.705882352941176405e-01
9.747899159663865332e-01
9.710743801652892415e-01
9.793388429752065694e-01
9.803149606299212948e-01
9.792531120331949834e-01
9.608695652173913082e-01
8.755020080321285203e-01
9.798387096774193727e-01
9.754098360655737432e-01
9.875000000000000444e-01
9.838056680161942902e-01
9.714285714285714191e-01
9.673469387755102566e-01
9.588477366255143686e-01
9.916666666666666963e-01
7.217741935483871218e-01
9.710743801652892415e-01
9.829059829059828557e-01
9.794238683127571843e-01
9.781659388646287701e-01
9.873417721518987777e-01
9.789029535864979259e-01
9.915966386554622147e-01
9.919678714859437862e-01
9.628099173553719137e-01
9.876543209876542662e-01
9.797570850202429460e-01
8.104838709677418818e-01
9.659574468085105892e-01
9.831932773109243184e-01
9.792531120331949834e-01
9.878542510121457454e-01
9.874476987447698972e-01
9.724409448818898127e-01
9.749999999999999778e-01
9.914163090128755851e-01
9.749999999999999778e-01
9.787234042553191182e-01
9.873417721518987777e-01
9.799999999999999822e-01
9.743589743589743390e-01
9.878542510121457454e-01
9.916317991631798945e-01
9.879518072289156239e-01
9.635627530364372362e-01
9.918699186991869476e-01
9.593495934959349603e-01
9.873417721518987777e-01
9.722222222222222099e-01
9.595141700404857810e-01
9.751037344398340023e-01
9.821428571428570953e-01
9.757085020242914908e-01
9.663865546218487479e-01
9.741379310344827624e-01
9.773755656108596979e-01
9.958333333333333481e-01
9.875518672199170567e-01
9.749999999999999778e-01
9.617021276595744128e-01
9.837398373983740063e-01
