8.729508196721311730e-01
8.595744680851064023e-01
8.653061224489796421e-01
8.796680497925311037e-01
8.264462809917355601e-01
8.921161825726141581e-01
9.214876033057851634e-01
8.620689655172413257e-01
8.617886178861788871e-01
8.666666666666666963e-01
8.512396694214876547e-01
8.724279835390946758e-01
8.468085106382978733e-01
8.483606557377049162e-01
9.163179916317991669e-01
8.271604938271605034e-01
8.953974895397489586e-01
8.333333333333333703e-01
8.750000000000000000e-01
8.389830508474576121e-01
8.162393162393162260e-01
8.423236514522821627e-01
8.554216867469879304e-01
8.326530612244897878e-01
8.811475409836065920e-01
8.481012658227847778e-01
8.680851063829787551e-01
8.189655172413793371e-01
8.601694915254237683e-01
8.455284552845528934e-01
8.962655601659751392e-01
8.484848484848485084e-01
8.448979591836734970e-01
8.502024291497976005e-01
8.235294117647058432e-01
8.524590163934425702e-01
8.811475409836065920e-01
8.534482758620689502e-01
8.991935483870967527e-01
9.004149377593361203e-01
8.655462184873949916e-01
8.924302788844621359e-01
8.340080971659918907e-01
9.047619047619047672e-01
8.162393162393162260e-01
8.448979591836734970e-01
8.764940239043824688e-01
8.418803418803418870e-01
8.380566801619433459e-01
8.399999999999999689e-01
8.401639344262294973e-01
8.255319148936169915e-01
8.319327731092437395e-01
8.938775510204081121e-01
8.259109311740890913e-01
8.159999999999999476e-01
8.252032520325203180e-01
8.196721311475410054e-01
7.975708502024291269e-01
9.102040816326530948e-01
8.249999999999999556e-01
8.776371308016878148e-01
7.918367346938774975e-01
8.734177215189873333e-01
8.471074380165288797e-01
8.771186440677966045e-01
8.612244897959183687e-01
8.558951965065502154e-01
8.326693227091633842e-01
8.481012658227847778e-01
8.291666666666667185e-01
8.669354838709677491e-01
8.474576271186440302e-01
8.185654008438818519e-01
8.516949152542372392e-01
8.571428571428570953e-01
9.033613445378151363e-01
8.565573770491803351e-01
8.912133891213389614e-01
8.983739837398373451e-01
8.898305084745762317e-01
8.223140495867768962e-01
8.410041841004184393e-01
8.536585365853658347e-01
8.373983739837398410e-01
8.760330578512396382e-01
8.781512605042016695e-01
8.861788617886179331e-01
8.600823045267489420e-01
8.708333333333333481e-01
8.312757201646090444e-01
8.542510121457489447e-01
8.395061728395061262e-01
8.264462809917355601e-01
8.634538152610441442e-01
8.164062500000000000e-01
8.536585365853658347e-01
8.554216867469879304e-01
8.916666666666667185e-01
8.249999999999999556e-01
8.803418803418803229e-01
8.571428571428570953e-01
8.347107438016528880e-01
8.461538461538461453e-01
8.360655737704918433e-01
8.318965517241379004e-01
8.382978723404255206e-01
8.861788617886179331e-01
8.888888888888888395e-01
8.836206896551723755e-01
8.874458874458874824e-01
8.410041841004184393e-01
8.765432098765432167e-01
8.458333333333333259e-01
8.477366255144033191e-01
8.728813559322033955e-01
8.541666666666666297e-01
8.632478632478632896e-01
8.421052631578946901e-01
8.790322580645161255e-01
8.170212765957446388e-01
7.949790794979079145e-01
8.305084745762711940e-01
9.037656903765690641e-01
8.679999999999999938e-01
8.713692946058091415e-01
8.594377510040160928e-01
8.713692946058091415e-01
8.675213675213675479e-01
8.125000000000000000e-01
8.625000000000000444e-01
8.995815899581589559e-01
8.600823045267489420e-01
8.750000000000000000e-01
8.232931726907630754e-01
8.755186721991701226e-01
8.571428571428570953e-01
8.204081632653060785e-01
8.795180722891565717e-01
8.629032258064516236e-01
8.333333333333333703e-01
8.719008264462809743e-01
8.559322033898305593e-01
8.559322033898305593e-01
8.688524590163934080e-01
8.427419354838709964e-01
8.414634146341463117e-01
8.247011952191235507e-01
8.284518828451883365e-01
8.211382113821138473e-01
8.259109311740890913e-01
8.947368421052631637e-01
8.595041322314049825e-01
8.119658119658119677e-01
8.630705394190871793e-01
8.135593220338983578e-01
8.644067796610169774e-01
8.978723404255318785e-01
8.367346938775510612e-01
8.454935622317596433e-01
8.874999999999999556e-01
9.000000000000000222e-01
8.629032258064516236e-01
8.595041322314049825e-01
8.471074380165288797e-01
8.647540983606557541e-01
8.683127572016461349e-01
8.588709677419354982e-01
9.070796460176990816e-01
8.565573770491803351e-01
8.828451882845188559e-01
8.385826771653542844e-01
8.623481781376518551e-01
8.312757201646090444e-01
8.525896414342629681e-01
8.461538461538461453e-01
8.237885462555065708e-01
8.902953586497890370e-01
8.318965517241379004e-01
8.644067796610169774e-01
8.347457627118644030e-01
8.262711864406779849e-01
8.487394957983193100e-01
8.389830508474576121e-01
8.744939271255061097e-01
8.595744680851064023e-01
8.270042194092827037e-01
8.641975308641974829e-01
8.065843621399176877e-01
8.730158730158730229e-01
9.310344827586206629e-01
8.623481781376518551e-01
8.305785123966942241e-01
8.649789029535864815e-01
8.601694915254237683e-01
7.886178861788617489e-01
8.711111111111110583e-01
8.529411764705882026e-01
8.828451882845188559e-01
8.940677966101694407e-01
8.368200836820083310e-01
8.641975308641974829e-01
8.803418803418803229e-01
8.663967611336031993e-01
8.368200836820083310e-01
8.416666666666666741e-01
8.728813559322033955e-01
8.553719008264463186e-01
8.429752066115702158e-01
8.360655737704918433e-01
8.781512605042016695e-01
8.821138211382113514e-01
8.971193415637860324e-01
8.577405857740585393e-01
9.190283400809716730e-01
8.438818565400844074e-01
8.811475409836065920e-01
8.361344537815126321e-01
8.389830508474576121e-01
8.145161290322581182e-01
8.477366255144033191e-01
8.340425531914893442e-01
8.888888888888888395e-01
8.958333333333333703e-01
8.499999999999999778e-01
8.724279835390946758e-01
8.140495867768594573e-01
8.529411764705882026e-01
8.677685950413223104e-01
8.606557377049179891e-01
8.672199170124481604e-01
7.815126050420168058e-01
9.336283185840708043e-01
8.114754098360655865e-01
8.728813559322033955e-01
8.674698795180723065e-01
8.838174273858920849e-01
8.529411764705882026e-01
8.142292490118576698e-01
8.786610878661087476e-01
8.860759493670885556e-01
8.247863247863247427e-01
8.943089430894308745e-01
8.787878787878787845e-01
8.606557377049179891e-01
8.458333333333333259e-01
8.048780487804878536e-01
8.471074380165288797e-01
8.200836820083682310e-01
8.833333333333333037e-01
8.235294117647058432e-01
8.770491803278688270e-01
8.406374501992032178e-01
8.225806451612903691e-01
8.016877637130801482e-01
8.796680497925311037e-01
8.347457627118644030e-01
8.319327731092437395e-01
8.666666666666666963e-01
8.382978723404255206e-01
8.689956331877729534e-01
8.641975308641974829e-01
8.644067796610169774e-01
8.589743589743589203e-01
8.382978723404255206e-01
8.429752066115702158e-01
8.542510121457489447e-01
8.279999999999999583e-01
8.162393162393162260e-01
8.571428571428570953e-01
8.690476190476190688e-01
8.433734939759036653e-01
8.223140495867768962e-01
8.278688524590164244e-01
8.095238095238095344e-01
9.080000000000000293e-01
8.583690987124463767e-01
8.487394957983193100e-01
8.502024291497976005e-01
8.333333333333333703e-01
8.408163265306122236e-01
8.432203389830508211e-01
8.630705394190871793e-01
8.495934959349593640e-01
8.765432098765432167e-01
8.255319148936169915e-01
8.347107438016528880e-01
8.185654008438818519e-01
8.474576271186440302e-01
8.305785123966942241e-01
7.975206611570248016e-01
8.559670781893004010e-01
8.252032520325203180e-01
8.425531914893616969e-01
8.713692946058091415e-01
8.448979591836734970e-01
8.660714285714286031e-01
8.067226890756302726e-01
8.510638297872340496e-01
8.542510121457489447e-01
8.260869565217391353e-01
8.755186721991701226e-01
8.312236286919830741e-01
7.670682730923694681e-01
8.326359832635983338e-01
8.594377510040160928e-01
8.755364806866953176e-01
8.675213675213675479e-01
8.542510121457489447e-01
8.658536585365853577e-01
8.702928870292887531e-01
8.796680497925311037e-01
8.101265822784810000e-01
8.305785123966942241e-01
8.672199170124481604e-01
8.016528925619834656e-01
9.071729957805907407e-01
8.215767634854771462e-01
8.257261410788381273e-01
9.094650205761316553e-01
7.974683544303797778e-01
8.559322033898305593e-01
8.764940239043824688e-01
9.061224489795918213e-01
8.565573770491803351e-01
8.813559322033898136e-01
8.499999999999999778e-01
8.755364806866953176e-01
8.326693227091633842e-01
8.852459016393442459e-01
8.912133891213389614e-01
8.786610878661087476e-01
8.432203389830508211e-01
8.416666666666666741e-01
8.423236514522821627e-01
8.559322033898305593e-01
8.979591836734693855e-01
8.421052631578946901e-01
8.589743589743589203e-01
8.744939271255061097e-01
8.847736625514402986e-01
8.852459016393442459e-01
8.553719008264463186e-01
8.333333333333333703e-01
8.249999999999999556e-01
8.818565400843881852e-01
8.130081300813007950e-01
8.523206751054852592e-01
8.577235772357723054e-01
8.204081632653060785e-01
8.669354838709677491e-01
8.333333333333333703e-01
8.524590163934425702e-01
8.468085106382978733e-01
8.626609442060085842e-01
8.461538461538461453e-01
8.765432098765432167e-01
8.366533864541833010e-01
8.699186991869918284e-01
8.818565400843881852e-01
8.617886178861788871e-01
8.451882845188284366e-01
8.693877551020408045e-01
8.796680497925311037e-01
8.442622950819672623e-01
8.369098712446352284e-01
8.860759493670885556e-01
8.548387096774193727e-01
8.846153846153845812e-01
8.499999999999999778e-01
8.464730290456431439e-01
8.796680497925311037e-01
8.541666666666666297e-01
8.577586206896551380e-01
8.362068965517240882e-01
8.708333333333333481e-01
8.464730290456431439e-01
8.347107438016528880e-01
9.053497942386831143e-01
8.897959183673469497e-01
8.620689655172413257e-01
8.883928571428570953e-01
8.305084745762711940e-01
8.938775510204081121e-01
8.471074380165288797e-01
8.595041322314049825e-01
8.683127572016461349e-01
8.911290322580645018e-01
8.262711864406779849e-01
8.535564853556485421e-01
8.717948717948718063e-01
8.491379310344827624e-01
8.577586206896551380e-01
8.661087866108786448e-01
8.103448275862068506e-01
8.196721311475410054e-01
8.536585365853658347e-01
8.803418803418803229e-01
8.582995951417003999e-01
8.474576271186440302e-01
8.647540983606557541e-01
8.771186440677966045e-01
8.524590163934425702e-01
8.565400843881856296e-01
8.614718614718614997e-01
8.702928870292887531e-01
8.305084745762711940e-01
8.305785123966942241e-01
8.816326530612245138e-01
8.870292887029288531e-01
8.333333333333333703e-01
8.791666666666666519e-01
8.114754098360655865e-01
8.423236514522821627e-01
8.645418326693227185e-01
8.326530612244897878e-01
8.277310924369747358e-01
8.423236514522821627e-01
8.755186721991701226e-01
8.140495867768594573e-01
8.227848101265823333e-01
8.795180722891565717e-01
8.559670781893004010e-01
8.612244897959183687e-01
8.629032258064516236e-01
8.499999999999999778e-01
8.543307086614173596e-01
8.634538152610441442e-01
8.786610878661087476e-01
8.477366255144033191e-01
8.724279835390946758e-01
8.821138211382113514e-01
8.688524590163934080e-01
8.630705394190871793e-01
8.608695652173913304e-01
8.571428571428570953e-01
8.577405857740585393e-01
8.117154811715481255e-01
8.502202643171805629e-01
8.897959183673469497e-01
8.661087866108786448e-01
8.433734939759036653e-01
8.672199170124481604e-01
8.821138211382113514e-01
8.410041841004184393e-01
8.340080971659918907e-01
8.416666666666666741e-01
8.057851239669421295e-01
8.232758620689655249e-01
8.266129032258064946e-01
8.189300411522634215e-01
8.521739130434782261e-01
8.477366255144033191e-01
8.548387096774193727e-01
8.333333333333333703e-01
8.464730290456431439e-01
8.192771084337349130e-01
8.283261802575107025e-01
8.464730290456431439e-01
8.685258964143426352e-01
8.925619834710744049e-01
8.916666666666667185e-01
8.340248962655602005e-01
8.414634146341463117e-01
8.401639344262294973e-01
8.625000000000000444e-01
8.423236514522821627e-01
8.953974895397489586e-01
8.559322033898305593e-01
8.120000000000000551e-01
8.508064516129032473e-01
8.326359832635983338e-01
8.398268398268398105e-01
8.547717842323651061e-01
8.291666666666667185e-01
8.464730290456431439e-01
8.719999999999999973e-01
8.290598290598291120e-01
8.122448979591836427e-01
8.535564853556485421e-01
8.305084745762711940e-01
8.257261410788381273e-01
8.577586206896551380e-01
8.212765957446808152e-01
8.765432098765432167e-01
8.396624472573839260e-01
8.451882845188284366e-01
8.410041841004184393e-01
8.361344537815126321e-01
8.064516129032257563e-01
8.600823045267489420e-01
8.418803418803418870e-01
8.582995951417003999e-01
8.318965517241379004e-01
8.220338983050847759e-01
8.458333333333333259e-01
8.101265822784810000e-01
8.630705394190871793e-01
8.211382113821138473e-01
8.613445378151260989e-01
8.724279835390946758e-01
8.495934959349593640e-01
8.571428571428570953e-01
8.734693877551020780e-01
8.416666666666666741e-01
8.686440677966101864e-01
8.432203389830508211e-01
8.326359832635983338e-01
7.932489451476792963e-01
8.471074380165288797e-01
8.588709677419354982e-01
8.319672131147540783e-01
8.725099601593625520e-01
8.464566929133858775e-01
8.412017167381974359e-01
8.421052631578946901e-01
8.841201716738197325e-01
8.600823045267489420e-01
8.723404255319149314e-01
8.702928870292887531e-01
8.677685950413223104e-01
8.625000000000000444e-01
8.702928870292887531e-01
8.474576271186440302e-01
8.663793103448276245e-01
8.606557377049179891e-01
8.425531914893616969e-01
8.354430379746835555e-01
8.565573770491803351e-01
8.833333333333333037e-01
8.375000000000000222e-01
8.208333333333333037e-01
8.936170212765957022e-01
8.559670781893004010e-01
8.163265306122449161e-01
8.813559322033898136e-01
8.105726872246695747e-01
8.823529411764705621e-01
9.012875536480686733e-01
8.483606557377049162e-01
8.448275862068965747e-01
8.649789029535864815e-01
8.471074380165288797e-01
8.930041152263374915e-01
8.193832599118943127e-01
8.318965517241379004e-01
8.484848484848485084e-01
8.636363636363636465e-01
8.414634146341463117e-01
8.249999999999999556e-01
8.823529411764705621e-01
8.680851063829787551e-01
8.283261802575107025e-01
8.553719008264463186e-01
8.547008547008546619e-01
8.436213991769547782e-01
8.410041841004184393e-01
8.429752066115702158e-01
8.760683760683760646e-01
8.333333333333333703e-01
8.884120171673819399e-01
8.708333333333333481e-01
8.382978723404255206e-01
8.185654008438818519e-01
8.508064516129032473e-01
8.408163265306122236e-01
8.734177215189873333e-01
8.595041322314049825e-01
8.842975206611570771e-01
8.208333333333333037e-01
8.717948717948718063e-01
8.583690987124463767e-01
8.347107438016528880e-01
8.658536585365853577e-01
8.495934959349593640e-01
8.755364806866953176e-01
8.212765957446808152e-01
8.403361344537815247e-01
8.215767634854771462e-01
8.530612244897959329e-01
8.632478632478632896e-01
8.319672131147540783e-01
8.403361344537815247e-01
8.960000000000000187e-01
8.582995951417003999e-01
8.594377510040160928e-01
8.260869565217391353e-01
8.340248962655602005e-01
8.389830508474576121e-01
8.893442622950820109e-01
9.083665338645418030e-01
8.326693227091633842e-01
8.632478632478632896e-01
8.636363636363636465e-01
8.360655737704918433e-01
8.634538152610441442e-01
8.416666666666666741e-01
8.240343347639484950e-01
8.502024291497976005e-01
8.786610878661087476e-01
8.776371308016878148e-01
8.661087866108786448e-01
8.425531914893616969e-01
8.396624472573839260e-01
8.634538152610441442e-01
8.461538461538461453e-01
8.266129032258064946e-01
8.634538152610441442e-01
8.708333333333333481e-01
8.626609442060085842e-01
9.059829059829059839e-01
8.828451882845188559e-01
8.606557377049179891e-01
9.041666666666666741e-01
8.677685950413223104e-01
8.143459915611814814e-01
8.688524590163934080e-01
8.200836820083682310e-01
8.376068376068376287e-01
8.600823045267489420e-01
8.464730290456431439e-01
8.471074380165288797e-01
8.385826771653542844e-01
8.103448275862068506e-01
8.291666666666667185e-01
8.362068965517240882e-01
8.535564853556485421e-01
8.582995951417003999e-01
9.134199134199134651e-01
8.661087866108786448e-01
8.529411764705882026e-01
8.833333333333333037e-01
8.260869565217391353e-01
8.729508196721311730e-01
8.298755186721992194e-01
9.142857142857142572e-01
8.423236514522821627e-01
8.140495867768594573e-01
8.326530612244897878e-01
9.173553719008264995e-01
8.796680497925311037e-01
8.442622950819672623e-01
9.032258064516128782e-01
8.454935622317596433e-01
8.340248962655602005e-01
8.073770491803278215e-01
8.912133891213389614e-01
8.223140495867768962e-01
8.264462809917355601e-01
8.008298755186722406e-01
8.793103448275861878e-01
9.012345679012345734e-01
8.902439024390244038e-01
9.163179916317991669e-01
8.679999999999999938e-01
8.347107438016528880e-01
8.471074380165288797e-01
8.382978723404255206e-01
8.418803418803418870e-01
8.225806451612903691e-01
8.713692946058091415e-01
8.744939271255061097e-01
8.451882845188284366e-01
8.312236286919830741e-01
8.000000000000000444e-01
8.677685950413223104e-01
7.260869565217391575e-01
8.481012658227847778e-01
8.471074380165288797e-01
9.128630705394190636e-01
8.626609442060085842e-01
8.641975308641974829e-01
8.445378151260504174e-01
8.724279835390946758e-01
8.658008658008657932e-01
8.708333333333333481e-01
8.595744680851064023e-01
8.600823045267489420e-01
8.025751072961373467e-01
8.347457627118644030e-01
8.360655737704918433e-01
8.672199170124481604e-01
8.477366255144033191e-01
8.326359832635983338e-01
8.828451882845188559e-01
8.530612244897959329e-01
8.641975308641974829e-01
8.672199170124481604e-01
8.312757201646090444e-01
8.669527896995707916e-01
8.396624472573839260e-01
8.607594936708861111e-01
9.004149377593361203e-01
8.189300411522634215e-01
8.495934959349593640e-01
8.353413654618473405e-01
8.275862068965517127e-01
8.606557377049179891e-01
8.679999999999999938e-01
8.760330578512396382e-01
8.925619834710744049e-01
8.702928870292887531e-01
8.800000000000000044e-01
8.085106382978722861e-01
8.227848101265823333e-01
8.188976377952755792e-01
8.842975206611570771e-01
8.653061224489796421e-01
8.945147679324894074e-01
8.311688311688312236e-01
8.708333333333333481e-01
8.779527559055118058e-01
8.777292576419214454e-01
8.725099601593625520e-01
8.717948717948718063e-01
8.271604938271605034e-01
8.776371308016878148e-01
8.467741935483871218e-01
8.346774193548387455e-01
8.292682926829267887e-01
8.661087866108786448e-01
8.354430379746835555e-01
8.257261410788381273e-01
8.262711864406779849e-01
8.237704918032786594e-01
8.333333333333333703e-01
8.514056224899598790e-01
8.266129032258064946e-01
8.502024291497976005e-01
8.232758620689655249e-01
9.076305220883533753e-01
8.296943231441048505e-01
8.739495798319327768e-01
8.158995815899581228e-01
8.674698795180723065e-01
8.025751072961373467e-01
8.674698795180723065e-01
8.464730290456431439e-01
8.623481781376518551e-01
8.155737704918032405e-01
8.536585365853658347e-01
8.340248962655602005e-01
8.565573770491803351e-01
8.242677824267782283e-01
8.626609442060085842e-01
8.535564853556485421e-01
8.582995951417003999e-01
8.319327731092437395e-01
8.583333333333332815e-01
8.535564853556485421e-01
8.483606557377049162e-01
8.781512605042016695e-01
9.039301310043668103e-01
8.145161290322581182e-01
8.780487804878048808e-01
8.442622950819672623e-01
8.529411764705882026e-01
8.724279835390946758e-01
9.004149377593361203e-01
8.458333333333333259e-01
8.259109311740890913e-01
8.655462184873949916e-01
8.953974895397489586e-01
8.284518828451883365e-01
8.117154811715481255e-01
8.755020080321285203e-01
8.270042194092827037e-01
8.606557377049179891e-01
8.649789029535864815e-01
8.252032520325203180e-01
8.458333333333333259e-01
8.388429752066115519e-01
8.181818181818182323e-01
8.879310344827586743e-01
8.512396694214876547e-01
8.808510638297872841e-01
8.962655601659751392e-01
8.669527896995707916e-01
8.870967741935483764e-01
8.548387096774193727e-01
8.257261410788381273e-01
8.506224066390041250e-01
8.814229249011857892e-01
8.389830508474576121e-01
8.750000000000000000e-01
8.860759493670885556e-01
8.312757201646090444e-01
8.649789029535864815e-01
8.347107438016528880e-01
8.361344537815126321e-01
8.319327731092437395e-01
8.523206751054852592e-01
8.423236514522821627e-01
8.286852589641434674e-01
8.429752066115702158e-01
8.697478991596638842e-01
8.275862068965517127e-01
8.975409836065574298e-01
8.699186991869918284e-01
8.312757201646090444e-01
9.063829787234042312e-01
8.499999999999999778e-01
8.559670781893004010e-01
8.806584362139917577e-01
8.379446640316206008e-01
8.423236514522821627e-01
8.811475409836065920e-01
8.634538152610441442e-01
8.429752066115702158e-01
8.436213991769547782e-01
8.541666666666666297e-01
8.483606557377049162e-01
8.218623481781376361e-01
8.565573770491803351e-01
8.559999999999999831e-01
8.185483870967742437e-01
8.290598290598291120e-01
8.995815899581589559e-01
8.218623481781376361e-01
8.713692946058091415e-01
8.446215139442231346e-01
8.846153846153845812e-01
8.739495798319327768e-01
8.847736625514402986e-01
8.739495798319327768e-01
8.354430379746835555e-01
8.565400843881856296e-01
8.831168831168830780e-01
8.242677824267782283e-01
8.658536585365853577e-01
8.669527896995707916e-01
8.912133891213389614e-01
8.387096774193548709e-01
8.962655601659751392e-01
8.369098712446352284e-01
8.622222222222222232e-01
8.158995815899581228e-01
8.448275862068965747e-01
8.353909465020575853e-01
8.776371308016878148e-01
8.623481781376518551e-01
7.916666666666666297e-01
8.412017167381974359e-01
8.354978354978355171e-01
8.487394957983193100e-01
8.319672131147540783e-01
8.750000000000000000e-01
8.436213991769547782e-01
8.217391304347826386e-01
8.091286307053942028e-01
8.888888888888888395e-01
8.674698795180723065e-01
8.461538461538461453e-01
8.655462184873949916e-01
8.744769874476987503e-01
8.237704918032786594e-01
8.672199170124481604e-01
8.595744680851064023e-01
8.298755186721992194e-01
9.128630705394190636e-01
8.255319148936169915e-01
8.319327731092437395e-01
8.451882845188284366e-01
8.625000000000000444e-01
8.305084745762711940e-01
8.278688524590164244e-01
8.851063829787233495e-01
8.173913043478261420e-01
8.852459016393442459e-01
8.636363636363636465e-01
8.855932203389830226e-01
8.675213675213675479e-01
8.828451882845188559e-01
8.750000000000000000e-01
8.884297520661157410e-01
8.595041322314049825e-01
8.728813559322033955e-01
8.661087866108786448e-01
8.347107438016528880e-01
8.395061728395061262e-01
8.181818181818182323e-01
8.076923076923077094e-01
8.381742738589211816e-01
8.744939271255061097e-01
8.962655601659751392e-01
8.165938864628821126e-01
8.421052631578946901e-01
7.960000000000000409e-01
8.081632653061224802e-01
8.785425101214574539e-01
8.264462809917355601e-01
8.101265822784810000e-01
8.414634146341463117e-01
8.577405857740585393e-01
8.934426229508196649e-01
8.849557522123894238e-01
8.630705394190871793e-01
8.583333333333332815e-01
8.606557377049179891e-01
8.649789029535864815e-01
8.185483870967742437e-01
8.510638297872340496e-01
8.264462809917355601e-01
8.801652892561983021e-01
8.262711864406779849e-01
8.312757201646090444e-01
8.347457627118644030e-01
8.744939271255061097e-01
8.471074380165288797e-01
8.730158730158730229e-01
8.823529411764705621e-01
7.605042016806722316e-01
8.755186721991701226e-01
8.921161825726141581e-01
8.611111111111111605e-01
8.477366255144033191e-01
8.917748917748917759e-01
8.425531914893616969e-01
8.744939271255061097e-01
8.340425531914893442e-01
8.649789029535864815e-01
8.582995951417003999e-01
7.957446808510638681e-01
8.614718614718614997e-01
8.025210084033613800e-01
8.223140495867768962e-01
8.693877551020408045e-01
8.244897959183673519e-01
8.429752066115702158e-01
8.630705394190871793e-01
8.553191489361702260e-01
8.173913043478261420e-01
8.024193548387096309e-01
8.577405857740585393e-01
8.760000000000000009e-01
8.735177865612647752e-01
8.958333333333333703e-01
8.675213675213675479e-01
8.589743589743589203e-01
8.729508196721311730e-01
8.611111111111111605e-01
8.534482758620689502e-01
8.277310924369747358e-01
8.641975308641974829e-01
8.734693877551020780e-01
7.991631799163180228e-01
8.830645161290322509e-01
8.571428571428570953e-01
8.354430379746835555e-01
8.375000000000000222e-01
8.636363636363636465e-01
8.925619834710744049e-01
8.333333333333333703e-01
8.487394957983193100e-01
8.530612244897959329e-01
8.319327731092437395e-01
8.582995951417003999e-01
8.879668049792530660e-01
8.719008264462809743e-01
8.835341365461847341e-01
8.395061728395061262e-01
8.577235772357723054e-01
8.319999999999999618e-01
8.622047244094488416e-01
8.930041152263374915e-01
8.360655737704918433e-01
8.185654008438818519e-01
8.535564853556485421e-01
8.368200836820083310e-01
9.087136929460580825e-01
8.661087866108786448e-01
8.658536585365853577e-01
9.201680672268907069e-01
8.412698412698412787e-01
8.534482758620689502e-01
9.067796610169491789e-01
8.508064516129032473e-01
8.425531914893616969e-01
8.842975206611570771e-01
8.247863247863247427e-01
8.630705394190871793e-01
8.755186721991701226e-01
8.577405857740585393e-01
8.630705394190871793e-01
8.833333333333333037e-01
8.200836820083682310e-01
8.445378151260504174e-01
8.961038961038960693e-01
8.798283261802575250e-01
8.607594936708861111e-01
8.244897959183673519e-01
8.399999999999999689e-01
8.448275862068965747e-01
8.653061224489796421e-01
8.298755186721992194e-01
8.354430379746835555e-01
8.516949152542372392e-01
7.966101694915254106e-01
8.433734939759036653e-01
8.257261410788381273e-01
8.595744680851064023e-01
9.022222222222222587e-01
8.436213991769547782e-01
8.333333333333333703e-01
8.237704918032786594e-01
8.626609442060085842e-01
8.723404255319149314e-01
9.079497907949790614e-01
8.300395256916995868e-01
8.436213991769547782e-01
8.170731707317072656e-01
8.559322033898305593e-01
8.717948717948718063e-01
8.499999999999999778e-01
8.360655737704918433e-01
8.483606557377049162e-01
8.744769874476987503e-01
8.617886178861788871e-01
8.205128205128204844e-01
8.780487804878048808e-01
8.559670781893004010e-01
8.514056224899598790e-01
8.353413654618473405e-01
8.130081300813007950e-01
8.375000000000000222e-01
8.669354838709677491e-01
8.278688524590164244e-01
8.595041322314049825e-01
8.024691358024691468e-01
8.523206751054852592e-01
8.130434782608695343e-01
8.838174273858920849e-01
8.693877551020408045e-01
8.519999999999999796e-01
8.024691358024691468e-01
8.489795918367346594e-01
8.679999999999999938e-01
8.326359832635983338e-01
8.577405857740585393e-01
8.649789029535864815e-01
8.813559322033898136e-01
8.734693877551020780e-01
8.976377952755905110e-01
8.945147679324894074e-01
7.942386831275720649e-01
8.467741935483871218e-01
8.414634146341463117e-01
8.326693227091633842e-01
8.099173553719007934e-01
8.589211618257260872e-01
8.755020080321285203e-01
8.319327731092437395e-01
8.312757201646090444e-01
8.646288209606987074e-01
8.728813559322033955e-01
8.212765957446808152e-01
8.530612244897959329e-01
8.536585365853658347e-01
8.686440677966101864e-01
8.833333333333333037e-01
8.595041322314049825e-01
7.932489451476792963e-01
8.408163265306122236e-01
9.033613445378151363e-01
8.442622950819672623e-01
8.032786885245901676e-01
8.870292887029288531e-01
8.865546218487394547e-01
8.836206896551723755e-01
8.577405857740585393e-01
8.825910931174089091e-01
8.215767634854771462e-01
8.326530612244897878e-01
8.247863247863247427e-01
8.434782608695652328e-01
8.423236514522821627e-01
9.086956521739130155e-01
8.571428571428570953e-01
8.032786885245901676e-01
8.739837398373984101e-01
8.492063492063491870e-01
8.565400843881856296e-01
8.158995815899581228e-01
8.723404255319149314e-01
8.734693877551020780e-01
8.559670781893004010e-01
8.875502008032128964e-01
8.927038626609442584e-01
8.368200836820083310e-01
8.395061728395061262e-01
8.677685950413223104e-01
7.822580645161290036e-01
8.625000000000000444e-01
8.775510204081632404e-01
8.534482758620689502e-01
8.470588235294117530e-01
8.658008658008657932e-01
8.663793103448276245e-01
8.734177215189873333e-01
8.414634146341463117e-01
8.613445378151260989e-01
8.416666666666666741e-01
8.956521739130435256e-01
8.828451882845188559e-01
8.636363636363636465e-01
8.898678414096916622e-01
8.518518518518518601e-01
8.724279835390946758e-01
8.499999999999999778e-01
8.786610878661087476e-01
8.300395256916995868e-01
8.911290322580645018e-01
8.577405857740585393e-01
8.471615720524017235e-01
8.583690987124463767e-01
8.559999999999999831e-01
8.833333333333333037e-01
8.547717842323651061e-01
8.436213991769547782e-01
8.595041322314049825e-01
8.739495798319327768e-01
8.617886178861788871e-01
8.565573770491803351e-01
8.361344537815126321e-01
8.765432098765432167e-01
8.925619834710744049e-01
8.719999999999999973e-01
8.595041322314049825e-01
8.613445378151260989e-01
8.644067796610169774e-01
8.262711864406779849e-01
8.907563025210084584e-01
8.474576271186440302e-01
8.934426229508196649e-01
8.540772532188841693e-01
8.389830508474576121e-01
8.553719008264463186e-01
8.750000000000000000e-01
8.292682926829267887e-01
8.471074380165288797e-01
8.583333333333332815e-01
8.855932203389830226e-01
8.739130434782608203e-01
8.541666666666666297e-01
8.140495867768594573e-01
8.677685950413223104e-01
8.257261410788381273e-01
9.087136929460580825e-01
8.284518828451883365e-01
8.541666666666666297e-01
8.464730290456431439e-01
8.808510638297872841e-01
8.083333333333333481e-01
8.902953586497890370e-01
7.911646586345381094e-01
8.554216867469879304e-01
8.612244897959183687e-01
8.739495798319327768e-01
8.805309734513274700e-01
8.361344537815126321e-01
8.423236514522821627e-01
8.405172413793103869e-01
8.333333333333333703e-01
8.548387096774193727e-01
8.395061728395061262e-01
8.571428571428570953e-01
8.432203389830508211e-01
8.271604938271605034e-01
8.448979591836734970e-01
8.650793650793651146e-01
8.995815899581589559e-01
8.613445378151260989e-01
8.114754098360655865e-01
8.620689655172413257e-01
8.702928870292887531e-01
8.915662650602409478e-01
8.565573770491803351e-01
8.553191489361702260e-01
8.547717842323651061e-01
8.617886178861788871e-01
8.930041152263374915e-01
8.653061224489796421e-01
8.423236514522821627e-01
8.655462184873949916e-01
8.387096774193548709e-01
8.744769874476987503e-01
7.899159663865545911e-01
8.448275862068965747e-01
8.319672131147540783e-01
8.333333333333333703e-01
8.823529411764705621e-01
8.389830508474576121e-01
8.750000000000000000e-01
8.821138211382113514e-01
8.499999999999999778e-01
8.620689655172413257e-01
8.719008264462809743e-01
8.151260504201680579e-01
8.838174273858920849e-01
8.512396694214876547e-01
8.340425531914893442e-01
8.677685950413223104e-01
8.601694915254237683e-01
8.512396694214876547e-01
8.297872340425531679e-01
8.340248962655602005e-01
7.983193277310924874e-01
9.016393442622950838e-01
9.250000000000000444e-01
8.675213675213675479e-01
8.512396694214876547e-01
8.744939271255061097e-01
8.468085106382978733e-01
8.782608695652174280e-01
8.680851063829787551e-01
8.167330677290837171e-01
9.017094017094017255e-01
8.879310344827586743e-01
8.734177215189873333e-01
8.271604938271605034e-01
8.553719008264463186e-01
8.879668049792530660e-01
8.425196850393700254e-01
8.140495867768594573e-01
8.634361233480176701e-01
8.713692946058091415e-01
8.189300411522634215e-01
8.601694915254237683e-01
8.830645161290322509e-01
8.319999999999999618e-01
8.471074380165288797e-01
8.649789029535864815e-01
8.803418803418803229e-01
8.152610441767068616e-01
8.983739837398373451e-01
8.516949152542372392e-01
8.971193415637860324e-01
8.541666666666666297e-01
8.291666666666667185e-01
8.870292887029288531e-01
8.389830508474576121e-01
8.953974895397489586e-01
8.725099601593625520e-01
8.619246861924686476e-01
8.606557377049179891e-01
8.995983935742971616e-01
8.353909465020575853e-01
8.830645161290322509e-01
8.638297872340425787e-01
8.369098712446352284e-01
8.375000000000000222e-01
8.724279835390946758e-01
8.425531914893616969e-01
8.641975308641974829e-01
8.806584362139917577e-01
8.577405857740585393e-01
8.801652892561983021e-01
7.603305785123967153e-01
8.688524590163934080e-01
8.739495798319327768e-01
8.215767634854771462e-01
8.512396694214876547e-01
8.279999999999999583e-01
8.395061728395061262e-01
8.831168831168830780e-01
8.940677966101694407e-01
8.528138528138528018e-01
8.806584362139917577e-01
8.373983739837398410e-01
8.577405857740585393e-01
8.405172413793103869e-01
8.680851063829787551e-01
8.319999999999999618e-01
8.425531914893616969e-01
8.760000000000000009e-01
8.693877551020408045e-01
8.380566801619433459e-01
8.936170212765957022e-01
8.582677165354331006e-01
8.626609442060085842e-01
8.318965517241379004e-01
8.821138211382113514e-01
7.651821862348178183e-01
8.640350877192982670e-01
8.661087866108786448e-01
8.565573770491803351e-01
8.861788617886179331e-01
8.312236286919830741e-01
8.765957446808511078e-01
9.076305220883533753e-01
8.403361344537815247e-01
8.416666666666666741e-01
8.744588744588744911e-01
8.706896551724138122e-01
8.844621513944223024e-01
9.224489795918366930e-01
8.902439024390244038e-01
8.493723849372385448e-01
8.825910931174089091e-01
8.521739130434782261e-01
9.065040650406503975e-01
9.112903225806451291e-01
8.024691358024691468e-01
8.376068376068376287e-01
8.934426229508196649e-01
8.583333333333332815e-01
8.134920634920634885e-01
8.790322580645161255e-01
9.079497907949790614e-01
8.518518518518518601e-01
8.565400843881856296e-01
8.838174273858920849e-01
8.297872340425531679e-01
8.571428571428570953e-01
8.451882845188284366e-01
8.177966101694915668e-01
8.455284552845528934e-01
8.523206751054852592e-01
8.734693877551020780e-01
8.781512605042016695e-01
8.724279835390946758e-01
8.471074380165288797e-01
8.140495867768594573e-01
8.481012658227847778e-01
8.333333333333333703e-01
8.708333333333333481e-01
8.559322033898305593e-01
8.571428571428570953e-01
9.233870967741935054e-01
8.530612244897959329e-01
8.893442622950820109e-01
8.523206751054852592e-01
8.582995951417003999e-01
8.921161825726141581e-01
8.548387096774193727e-01
8.823529411764705621e-01
8.217391304347826386e-01
8.467741935483871218e-01
8.163265306122449161e-01
8.781512605042016695e-01
8.042553191489362208e-01
8.451882845188284366e-01
8.559670781893004010e-01
8.755186721991701226e-01
7.983539094650206058e-01
8.208333333333333037e-01
8.516949152542372392e-01
8.367346938775510612e-01
8.717948717948718063e-01
9.276595744680851130e-01
8.174273858921161651e-01
8.326530612244897878e-01
8.713692946058091415e-01
8.669354838709677491e-01
8.458333333333333259e-01
8.622222222222222232e-01
8.625000000000000444e-01
8.936170212765957022e-01
8.760330578512396382e-01
8.119658119658119677e-01
8.448979591836734970e-01
9.163346613545816366e-01
8.097165991902833815e-01
8.565217391304348338e-01
8.290598290598291120e-01
8.360655737704918433e-01
8.535564853556485421e-01
8.734693877551020780e-01
8.421052631578946901e-01
8.523206751054852592e-01
8.540772532188841693e-01
7.983539094650206058e-01
8.647540983606557541e-01
8.906882591093117085e-01
8.487394957983193100e-01
8.595041322314049825e-01
8.702928870292887531e-01
8.995983935742971616e-01
8.508771929824561209e-01
8.312236286919830741e-01
8.644067796610169774e-01
8.781512605042016695e-01
8.697478991596638842e-01
8.559322033898305593e-01
8.897959183673469497e-01
8.744939271255061097e-01
8.582995951417003999e-01
8.127659574468084624e-01
8.464566929133858775e-01
8.102766798418972183e-01
7.923728813559322015e-01
9.253112033195021180e-01
8.388429752066115519e-01
8.205128205128204844e-01
9.094650205761316553e-01
8.510638297872340496e-01
7.805907172995780741e-01
8.360655737704918433e-01
8.945147679324894074e-01
8.641975308641974829e-01
8.235294117647058432e-01
8.785425101214574539e-01
8.833333333333333037e-01
8.987854251012146189e-01
8.264462809917355601e-01
8.477366255144033191e-01
8.709677419354838745e-01
8.217391304347826386e-01
8.818565400843881852e-01
8.674698795180723065e-01
9.083665338645418030e-01
8.728813559322033955e-01
8.382978723404255206e-01
8.516949152542372392e-01
8.595041322314049825e-01
8.577075098814229692e-01
8.376068376068376287e-01
8.436213991769547782e-01
8.380566801619433459e-01
8.760000000000000009e-01
8.132780082987551840e-01
7.714285714285714635e-01
8.685258964143426352e-01
8.663793103448276245e-01
8.991935483870967527e-01
8.844621513944223024e-01
8.273092369477911268e-01
8.491379310344827624e-01
8.823529411764705621e-01
8.268398268398268192e-01
8.594377510040160928e-01
8.008298755186722406e-01
8.497854077253218508e-01
8.791666666666666519e-01
8.776371308016878148e-01
8.765432098765432167e-01
8.534482758620689502e-01
8.691983122362869629e-01
8.531746031746031411e-01
8.925619834710744049e-01
8.638297872340425787e-01
8.326359832635983338e-01
8.306451612903226200e-01
8.333333333333333703e-01
8.340425531914893442e-01
8.823529411764705621e-01
8.481012658227847778e-01
8.252032520325203180e-01
8.583333333333332815e-01
8.388429752066115519e-01
9.139344262295081567e-01
8.333333333333333703e-01
8.125000000000000000e-01
8.277310924369747358e-01
8.806584362139917577e-01
8.734177215189873333e-01
9.036144578313253239e-01
8.874999999999999556e-01
9.004149377593361203e-01
8.089430894308943243e-01
8.111587982832617616e-01
8.416666666666666741e-01
8.729508196721311730e-01
8.750000000000000000e-01
8.709677419354838745e-01
8.693877551020408045e-01
8.368200836820083310e-01
8.855932203389830226e-01
8.565400843881856296e-01
9.037656903765690641e-01
8.392156862745098200e-01
8.833333333333333037e-01
8.750000000000000000e-01
8.884120171673819399e-01
8.841201716738197325e-01
9.008620689655172376e-01
8.387096774193548709e-01
8.497854077253218508e-01
8.189300411522634215e-01
8.565400843881856296e-01
8.623481781376518551e-01
8.723404255319149314e-01
8.473895582329317167e-01
8.588709677419354982e-01
8.925619834710744049e-01
8.474576271186440302e-01
8.702928870292887531e-01
9.041666666666666741e-01
8.636363636363636465e-01
8.495934959349593640e-01
8.524590163934425702e-01
8.658008658008657932e-01
8.418803418803418870e-01
8.589743589743589203e-01
8.577235772357723054e-01
8.577235772357723054e-01
8.825910931174089091e-01
8.270042194092827037e-01
8.559670781893004010e-01
8.535564853556485421e-01
8.978723404255318785e-01
8.418803418803418870e-01
8.166666666666666519e-01
8.983050847457627608e-01
8.297872340425531679e-01
8.974358974358974672e-01
8.571428571428570953e-01
8.760683760683760646e-01
7.751004016064256819e-01
8.559322033898305593e-01
8.481012658227847778e-01
8.340425531914893442e-01
7.886178861788617489e-01
8.541666666666666297e-01
8.922413793103448620e-01
8.389830508474576121e-01
8.934426229508196649e-01
9.071729957805907407e-01
8.278688524590164244e-01
8.478260869565217295e-01
8.632478632478632896e-01
8.786610878661087476e-01
8.626609442060085842e-01
8.653061224489796421e-01
8.523206751054852592e-01
8.270042194092827037e-01
8.377192982456140857e-01
8.614718614718614997e-01
8.645418326693227185e-01
9.291666666666666963e-01
8.987341772151898889e-01
8.739837398373984101e-01
8.750000000000000000e-01
8.686440677966101864e-01
8.851063829787233495e-01
7.878787878787878451e-01
8.719008264462809743e-01
8.669527896995707916e-01
8.473895582329317167e-01
8.441558441558441039e-01
8.528138528138528018e-01
8.340425531914893442e-01
8.499999999999999778e-01
8.162393162393162260e-01
8.666666666666666963e-01
8.791666666666666519e-01
8.565573770491803351e-01
8.292682926829267887e-01
8.434782608695652328e-01
8.497854077253218508e-01
8.454935622317596433e-01
8.702928870292887531e-01
8.605577689243028017e-01
8.626609442060085842e-01
8.969957081545064659e-01
8.266129032258064946e-01
8.489795918367346594e-01
8.225108225108225257e-01
8.458333333333333259e-01
8.024691358024691468e-01
8.723404255319149314e-01
8.247863247863247427e-01
8.519999999999999796e-01
8.050847457627118287e-01
8.499999999999999778e-01
8.340080971659918907e-01
8.666666666666666963e-01
8.048780487804878536e-01
7.991452991452991927e-01
8.403361344537815247e-01
8.132780082987551840e-01
8.617886178861788871e-01
8.565217391304348338e-01
8.677685950413223104e-01
8.076923076923077094e-01
8.367346938775510612e-01
8.658536585365853577e-01
8.644067796610169774e-01
8.755186721991701226e-01
8.260869565217391353e-01
8.319672131147540783e-01
8.649789029535864815e-01
8.991935483870967527e-01
8.599999999999999867e-01
8.675213675213675479e-01
8.553719008264463186e-01
8.166666666666666519e-01
8.281938325991189398e-01
8.719008264462809743e-01
8.600823045267489420e-01
8.493723849372385448e-01
8.041666666666666963e-01
8.704453441295546545e-01
8.518518518518518601e-01
8.987854251012146189e-01
8.940677966101694407e-01
8.230452674897119625e-01
8.305084745762711940e-01
8.734177215189873333e-01
8.722466960352422971e-01
8.712446351931329991e-01
8.825910931174089091e-01
8.949579831932773510e-01
8.641975308641974829e-01
8.771186440677966045e-01
8.658536585365853577e-01
8.605577689243028017e-01
8.354430379746835555e-01
8.458333333333333259e-01
8.915662650602409478e-01
8.499999999999999778e-01
8.796680497925311037e-01
8.247863247863247427e-01
8.921161825726141581e-01
8.836206896551723755e-01
8.808510638297872841e-01
8.208333333333333037e-01
8.796680497925311037e-01
8.769841269841269771e-01
8.938775510204081121e-01
8.632478632478632896e-01
8.693877551020408045e-01
8.353909465020575853e-01
8.828451882845188559e-01
8.702928870292887531e-01
8.340248962655602005e-01
8.818565400843881852e-01
8.630705394190871793e-01
8.284518828451883365e-01
8.702928870292887531e-01
8.617886178861788871e-01
9.012875536480686733e-01
8.739495798319327768e-01
8.441558441558441039e-01
8.559670781893004010e-01
8.709677419354838745e-01
8.702928870292887531e-01
8.666666666666666963e-01
8.594377510040160928e-01
8.739495798319327768e-01
8.306451612903226200e-01
8.312236286919830741e-01
8.638297872340425787e-01
8.471074380165288797e-01
8.590308370044053010e-01
8.122270742358078666e-01
9.025423728813559698e-01
8.347107438016528880e-01
8.458333333333333259e-01
8.525896414342629681e-01
8.571428571428570953e-01
8.237704918032786594e-01
8.791666666666666519e-01
8.833333333333333037e-01
8.025210084033613800e-01
8.442622950819672623e-01
8.536585365853658347e-01
8.442622950819672623e-01
8.798283261802575250e-01
9.078947368421053099e-01
8.925619834710744049e-01
8.583333333333332815e-01
8.227848101265823333e-01
8.559999999999999831e-01
8.565573770491803351e-01
8.931623931623932089e-01
8.688524590163934080e-01
8.292682926829267887e-01
8.595744680851064023e-01
8.641975308641974829e-01
8.940677966101694407e-01
8.870292887029288531e-01
8.625000000000000444e-01
8.401639344262294973e-01
8.326180257510729099e-01
8.464730290456431439e-01
8.625000000000000444e-01
8.493723849372385448e-01
8.607594936708861111e-01
8.464730290456431439e-01
8.588709677419354982e-01
8.483606557377049162e-01
8.626609442060085842e-01
8.755364806866953176e-01
8.559322033898305593e-01
8.632478632478632896e-01
9.063829787234042312e-01
8.916666666666667185e-01
8.291666666666667185e-01
8.874999999999999556e-01
8.145161290322581182e-01
8.523206751054852592e-01
8.597285067873303710e-01
8.865546218487394547e-01
8.565573770491803351e-01
8.553719008264463186e-01
8.247011952191235507e-01
8.499999999999999778e-01
8.617886178861788871e-01
8.518518518518518601e-01
8.405172413793103869e-01
8.464730290456431439e-01
8.870967741935483764e-01
8.529411764705882026e-01
8.634538152610441442e-01
8.655462184873949916e-01
8.691983122362869629e-01
8.571428571428570953e-01
8.680851063829787551e-01
8.275862068965517127e-01
8.326359832635983338e-01
8.780487804878048808e-01
8.553719008264463186e-01
8.565400843881856296e-01
8.755364806866953176e-01
8.166666666666666519e-01
8.473895582329317167e-01
8.255319148936169915e-01
8.636363636363636465e-01
8.483606557377049162e-01
8.340080971659918907e-01
8.821138211382113514e-01
8.685258964143426352e-01
8.677685950413223104e-01
8.117154811715481255e-01
8.347457627118644030e-01
8.070175438596490780e-01
8.220338983050847759e-01
8.340425531914893442e-01
8.588709677419354982e-01
8.477366255144033191e-01
7.721518987341772222e-01
8.818565400843881852e-01
8.688524590163934080e-01
8.940677966101694407e-01
8.016528925619834656e-01
8.089430894308943243e-01
8.491379310344827624e-01
8.361344537815126321e-01
8.481012658227847778e-01
8.619246861924686476e-01
8.734693877551020780e-01
8.658536585365853577e-01
7.731092436974790205e-01
8.734693877551020780e-01
8.964143426294820527e-01
8.326530612244897878e-01
8.403361344537815247e-01
8.148148148148147696e-01
8.541666666666666297e-01
8.874458874458874824e-01
8.530612244897959329e-01
8.423236514522821627e-01
8.436213991769547782e-01
8.647540983606557541e-01
8.535564853556485421e-01
8.760330578512396382e-01
8.728813559322033955e-01
8.366533864541833010e-01
8.661087866108786448e-01
8.655462184873949916e-01
8.744939271255061097e-01
8.264462809917355601e-01
8.319327731092437395e-01
8.675213675213675479e-01
8.483606557377049162e-01
8.625000000000000444e-01
8.376068376068376287e-01
8.401639344262294973e-01
8.770491803278688270e-01
8.412017167381974359e-01
8.744588744588744911e-01
8.565217391304348338e-01
8.025210084033613800e-01
8.647540983606557541e-01
8.884297520661157410e-01
8.368200836820083310e-01
9.156118143459915926e-01
8.197424892703862875e-01
8.755364806866953176e-01
8.481012658227847778e-01
8.483606557377049162e-01
8.595744680851064023e-01
9.016393442622950838e-01
8.915662650602409478e-01
8.685258964143426352e-01
8.825910931174089091e-01
8.442622950819672623e-01
8.613445378151260989e-01
8.252032520325203180e-01
8.672199170124481604e-01
8.846153846153845812e-01
8.057851239669421295e-01
8.785425101214574539e-01
8.375000000000000222e-01
9.043824701195218863e-01
8.582995951417003999e-01
8.675213675213675479e-01
8.416666666666666741e-01
8.421052631578946901e-01
8.734177215189873333e-01
8.644067796610169774e-01
8.594377510040160928e-01
7.818930041152263311e-01
8.582995951417003999e-01
8.565573770491803351e-01
8.925619834710744049e-01
8.760330578512396382e-01
8.305785123966942241e-01
8.723404255319149314e-01
8.770491803278688270e-01
8.407079646017698860e-01
8.133333333333333526e-01
8.708333333333333481e-01
8.305785123966942241e-01
8.445378151260504174e-01
8.583333333333332815e-01
8.911290322580645018e-01
8.801652892561983021e-01
8.376068376068376287e-01
8.436213991769547782e-01
8.452380952380952328e-01
8.303571428571429047e-01
8.340248962655602005e-01
8.786610878661087476e-01
8.866396761133603643e-01
8.791666666666666519e-01
8.649789029535864815e-01
8.199999999999999512e-01
8.091286307053942028e-01
8.553719008264463186e-01
8.284518828451883365e-01
8.543307086614173596e-01
9.012345679012345734e-01
9.075630252100840289e-01
9.139344262295081567e-01
9.061224489795918213e-01
8.178137651821861809e-01
8.512396694214876547e-01
9.086956521739130155e-01
8.414634146341463117e-01
8.599999999999999867e-01
8.786610878661087476e-01
8.151260504201680579e-01
8.048780487804878536e-01
8.781512605042016695e-01
8.347826086956521285e-01
8.816326530612245138e-01
8.924302788844621359e-01
8.547717842323651061e-01
8.158995815899581228e-01
8.770491803278688270e-01
8.704453441295546545e-01
8.600823045267489420e-01
8.451882845188284366e-01
8.174273858921161651e-01
8.495934959349593640e-01
8.347107438016528880e-01
8.506224066390041250e-01
8.962655601659751392e-01
8.262711864406779849e-01
7.950819672131147486e-01
8.719999999999999973e-01
8.437500000000000000e-01
8.076923076923077094e-01
8.405172413793103869e-01
8.874999999999999556e-01
9.012345679012345734e-01
8.571428571428570953e-01
7.966804979253111485e-01
8.606557377049179891e-01
8.034188034188034511e-01
8.489795918367346594e-01
8.750000000000000000e-01
8.606557377049179891e-01
8.525896414342629681e-01
8.674698795180723065e-01
7.890295358649789259e-01
8.688524590163934080e-01
8.416666666666666741e-01
8.528138528138528018e-01
8.333333333333333703e-01
8.125000000000000000e-01
8.589211618257260872e-01
8.770491803278688270e-01
9.094650205761316553e-01
8.619246861924686476e-01
8.708333333333333481e-01
8.154506437768240801e-01
8.851063829787233495e-01
8.739495798319327768e-01
8.458333333333333259e-01
8.495934959349593640e-01
8.368200836820083310e-01
8.262711864406779849e-01
8.425531914893616969e-01
8.669527896995707916e-01
8.403361344537815247e-01
8.577405857740585393e-01
8.764940239043824688e-01
8.697478991596638842e-01
8.641975308641974829e-01
8.085106382978722861e-01
8.333333333333333703e-01
8.401639344262294973e-01
8.339920948616600382e-01
8.227848101265823333e-01
8.791666666666666519e-01
8.589211618257260872e-01
8.861788617886179331e-01
8.588709677419354982e-01
8.893617021276595258e-01
8.040816326530612068e-01
8.230452674897119625e-01
8.739837398373984101e-01
8.259109311740890913e-01
8.193277310924369505e-01
8.714859437751003579e-01
8.838174273858920849e-01
8.653061224489796421e-01
8.701298701298700866e-01
8.451882845188284366e-01
8.771186440677966045e-01
8.785425101214574539e-01
8.291666666666667185e-01
8.416666666666666741e-01
8.921161825726141581e-01
8.622047244094488416e-01
8.565573770491803351e-01
8.658536585365853577e-01
8.242677824267782283e-01
8.373983739837398410e-01
8.857142857142856762e-01
9.020408163265306589e-01
8.518518518518518601e-01
8.765432098765432167e-01
8.097165991902833815e-01
8.360655737704918433e-01
8.487394957983193100e-01
8.403361344537815247e-01
8.595041322314049825e-01
8.140495867768594573e-01
8.425196850393700254e-01
8.838174273858920849e-01
8.000000000000000444e-01
8.353413654618473405e-01
8.467741935483871218e-01
8.401639344262294973e-01
8.458333333333333259e-01
8.582995951417003999e-01
7.918367346938774975e-01
9.224489795918366930e-01
8.600823045267489420e-01
8.416666666666666741e-01
8.709677419354838745e-01
8.388429752066115519e-01
8.376068376068376287e-01
8.518518518518518601e-01
8.689956331877729534e-01
8.818565400843881852e-01
8.016877637130801482e-01
8.949579831932773510e-01
8.554216867469879304e-01
8.429752066115702158e-01
8.518518518518518601e-01
8.785425101214574539e-01
8.548387096774193727e-01
8.255319148936169915e-01
8.529411764705882026e-01
8.174273858921161651e-01
8.663967611336031993e-01
8.702928870292887531e-01
8.622047244094488416e-01
8.750000000000000000e-01
8.798283261802575250e-01
8.041666666666666963e-01
8.468085106382978733e-01
8.607594936708861111e-01
8.359999999999999654e-01
8.717948717948718063e-01
8.542510121457489447e-01
8.117154811715481255e-01
8.634538152610441442e-01
8.825910931174089091e-01
8.252032520325203180e-01
8.089430894308943243e-01
8.481012658227847778e-01
8.611111111111111605e-01
8.178137651821861809e-01
8.298755186721992194e-01
8.839285714285713969e-01
9.190283400809716730e-01
8.487394957983193100e-01
8.362068965517240882e-01
8.642533936651584092e-01
8.375000000000000222e-01
8.589211618257260872e-01
8.541666666666666297e-01
8.851063829787233495e-01
8.373983739837398410e-01
