9.122807017543859143e-01
8.939393939393939226e-01
8.750000000000000000e-01
8.666666666666666963e-01
9.830508474576271638e-01
8.166666666666666519e-01
9.491525423728813804e-01
8.405797101449274944e-01
9.818181818181818121e-01
9.016393442622950838e-01
9.152542372881355970e-01
9.482758620689655249e-01
8.333333333333333703e-01
9.824561403508771384e-01
8.709677419354838745e-01
9.482758620689655249e-01
9.032258064516128782e-01
8.524590163934425702e-01
8.550724637681159646e-01
8.615384615384615863e-01
8.507462686567164312e-01
9.666666666666666741e-01
9.615384615384615641e-01
9.107142857142856984e-01
8.421052631578946901e-01
8.437500000000000000e-01
9.545454545454545858e-01
8.260869565217391353e-01
8.153846153846153744e-01
8.909090909090908728e-01
7.666666666666667185e-01
8.857142857142856762e-01
9.821428571428570953e-01
9.629629629629629095e-01
8.695652173913043237e-01
8.421052631578946901e-01
8.771929824561403022e-01
9.275362318840579823e-01
9.245283018867924696e-01
9.000000000000000222e-01
8.412698412698412787e-01
8.399999999999999689e-01
9.259259259259259300e-01
8.367346938775510612e-01
9.402985074626866169e-01
9.464285714285713969e-01
8.199999999999999512e-01
9.253731343283582156e-01
7.962962962962962798e-01
9.019607843137255054e-01
9.824561403508771384e-01
9.090909090909090606e-01
9.206349206349205838e-01
7.678571428571429047e-01
9.259259259259259300e-01
9.411764705882352811e-01
9.636363636363636243e-01
9.824561403508771384e-01
9.444444444444444198e-01
8.928571428571429047e-01
9.016393442622950838e-01
9.531250000000000000e-01
9.285714285714286031e-01
8.750000000000000000e-01
8.474576271186440302e-01
9.846153846153846700e-01
9.107142857142856984e-01
8.750000000000000000e-01
8.800000000000000044e-01
8.750000000000000000e-01
9.016393442622950838e-01
8.301886792452830566e-01
8.923076923076923572e-01
9.062500000000000000e-01
8.923076923076923572e-01
8.214285714285713969e-01
8.095238095238095344e-01
8.596491228070175517e-01
8.709677419354838745e-01
8.909090909090908728e-01
9.692307692307692291e-01
8.813559322033898136e-01
9.677419354838709964e-01
8.000000000000000444e-01
8.909090909090908728e-01
9.661016949152542166e-01
8.253968253968253510e-01
8.363636363636363091e-01
8.965517241379310498e-01
8.852459016393442459e-01
8.620689655172413257e-01
8.888888888888888395e-01
8.448275862068965747e-01
8.813559322033898136e-01
8.076923076923077094e-01
8.222222222222221877e-01
7.636363636363636687e-01
9.807692307692307265e-01
9.836065573770491621e-01
8.524590163934425702e-01
8.208955223880597396e-01
9.047619047619047672e-01
8.813559322033898136e-01
8.333333333333333703e-01
9.122807017543859143e-01
8.840579710144927938e-01
7.878787878787878451e-01
8.363636363636363091e-01
8.656716417910447214e-01
9.275362318840579823e-01
9.285714285714286031e-01
9.354838709677418818e-01
7.931034482758620996e-01
8.032786885245901676e-01
8.448275862068965747e-01
8.923076923076923572e-01
9.016393442622950838e-01
8.656716417910447214e-01
8.333333333333333703e-01
8.490566037735849392e-01
9.696969696969697239e-01
9.354838709677418818e-01
9.692307692307692291e-01
8.548387096774193727e-01
8.823529411764705621e-01
9.333333333333333481e-01
8.269230769230768718e-01
9.166666666666666297e-01
8.805970149253731227e-01
9.344262295081967595e-01
8.688524590163934080e-01
8.548387096774193727e-01
8.448275862068965747e-01
8.524590163934425702e-01
9.038461538461538547e-01
8.000000000000000444e-01
9.642857142857143016e-01
9.464285714285713969e-01
8.076923076923077094e-01
8.490566037735849392e-01
8.360655737704918433e-01
8.644067796610169774e-01
8.923076923076923572e-01
8.000000000000000444e-01
8.771929824561403022e-01
8.113207547169811740e-01
8.909090909090908728e-01
9.000000000000000222e-01
7.741935483870967527e-01
9.090909090909090606e-01
8.333333333333333703e-01
8.703703703703703498e-01
9.661016949152542166e-01
9.402985074626866169e-01
8.333333333333333703e-01
8.615384615384615863e-01
8.461538461538461453e-01
9.242424242424241987e-01
8.571428571428570953e-01
8.970588235294117974e-01
9.344262295081967595e-01
9.672131147540983243e-01
8.113207547169811740e-01
9.830508474576271638e-01
9.830508474576271638e-01
9.824561403508771384e-01
8.620689655172413257e-01
8.490566037735849392e-01
8.533333333333333881e-01
8.771929824561403022e-01
7.903225806451612545e-01
7.872340425531915153e-01
8.703703703703703498e-01
8.620689655172413257e-01
8.000000000000000444e-01
8.656716417910447214e-01
9.324324324324324564e-01
8.906250000000000000e-01
8.405797101449274944e-01
9.230769230769231282e-01
8.769230769230769162e-01
8.923076923076923572e-01
8.730158730158730229e-01
8.307692307692308153e-01
9.074074074074074403e-01
8.787878787878787845e-01
9.531250000000000000e-01
8.965517241379310498e-01
7.758620689655172376e-01
9.591836734693877098e-01
8.985507246376811530e-01
9.629629629629629095e-01
8.474576271186440302e-01
9.531250000000000000e-01
7.230769230769230616e-01
1.000000000000000000e+00
8.815789473684210176e-01
8.412698412698412787e-01
9.032258064516128782e-01
8.461538461538461453e-01
9.677419354838709964e-01
8.275862068965517127e-01
8.955223880597015240e-01
8.888888888888888395e-01
8.870967741935483764e-01
9.016393442622950838e-01
9.846153846153846700e-01
7.966101694915254106e-01
8.983050847457627608e-01
9.824561403508771384e-01
8.253968253968253510e-01
1.000000000000000000e+00
8.103448275862068506e-01
8.387096774193548709e-01
9.629629629629629095e-01
8.281250000000000000e-01
9.649122807017543879e-01
8.412698412698412787e-01
9.538461538461538991e-01
8.867924528301887044e-01
8.965517241379310498e-01
8.181818181818182323e-01
8.275862068965517127e-01
9.180327868852459217e-01
8.688524590163934080e-01
9.482758620689655249e-01
7.966101694915254106e-01
9.206349206349205838e-01
9.152542372881355970e-01
8.596491228070175517e-01
8.499999999999999778e-01
8.730158730158730229e-01
8.800000000000000044e-01
7.543859649122807154e-01
8.307692307692308153e-01
8.461538461538461453e-01
8.166666666666666519e-01
9.523809523809523281e-01
9.375000000000000000e-01
8.387096774193548709e-01
9.062500000000000000e-01
9.104477611940298143e-01
9.272727272727272485e-01
7.714285714285714635e-01
8.596491228070175517e-01
8.852459016393442459e-01
8.727272727272726849e-01
9.661016949152542166e-01
8.548387096774193727e-01
9.672131147540983243e-01
8.571428571428570953e-01
9.122807017543859143e-01
8.800000000000000044e-01
8.867924528301887044e-01
8.750000000000000000e-01
8.166666666666666519e-01
8.615384615384615863e-01
9.365079365079365115e-01
8.524590163934425702e-01
8.181818181818182323e-01
8.611111111111111605e-01
9.482758620689655249e-01
9.230769230769231282e-01
9.701492537313433084e-01
8.636363636363636465e-01
9.152542372881355970e-01
8.888888888888888395e-01
8.627450980392157298e-01
9.104477611940298143e-01
9.464285714285713969e-01
9.387755102040816757e-01
8.076923076923077094e-01
8.135593220338983578e-01
8.947368421052631637e-01
8.571428571428570953e-01
9.019607843137255054e-01
8.970588235294117974e-01
8.730158730158730229e-01
9.629629629629629095e-01
9.180327868852459217e-01
9.107142857142856984e-01
8.769230769230769162e-01
9.000000000000000222e-01
8.545454545454544970e-01
8.965517241379310498e-01
8.636363636363636465e-01
7.966101694915254106e-01
8.593750000000000000e-01
8.615384615384615863e-01
8.644067796610169774e-01
9.491525423728813804e-01
9.482758620689655249e-01
8.363636363636363091e-01
9.393939393939394478e-01
9.166666666666666297e-01
9.464285714285713969e-01
9.350649350649350433e-01
8.095238095238095344e-01
8.333333333333333703e-01
9.629629629629629095e-01
9.859154929577464976e-01
9.333333333333333481e-01
7.656250000000000000e-01
9.038461538461538547e-01
8.548387096774193727e-01
9.038461538461538547e-01
7.647058823529411242e-01
8.805970149253731227e-01
8.333333333333333703e-01
8.727272727272726849e-01
9.032258064516128782e-01
8.833333333333333037e-01
8.125000000000000000e-01
7.796610169491525744e-01
8.333333333333333703e-01
8.474576271186440302e-01
8.125000000000000000e-01
9.166666666666666297e-01
9.333333333333333481e-01
8.793103448275861878e-01
8.593750000000000000e-01
8.923076923076923572e-01
9.599999999999999645e-01
8.928571428571429047e-01
9.473684210526315264e-01
8.307692307692308153e-01
8.688524590163934080e-01
8.088235294117647189e-01
9.599999999999999645e-01
9.649122807017543879e-01
8.548387096774193727e-01
9.354838709677418818e-01
9.692307692307692291e-01
9.016393442622950838e-01
8.166666666666666519e-01
9.384615384615384581e-01
8.035714285714286031e-01
7.777777777777777901e-01
7.761194029850746468e-01
9.444444444444444198e-01
8.793103448275861878e-01
8.421052631578946901e-01
9.830508474576271638e-01
8.656716417910447214e-01
9.672131147540983243e-01
9.375000000000000000e-01
9.272727272727272485e-01
8.906250000000000000e-01
9.636363636363636243e-01
9.464285714285713969e-01
9.622641509433962348e-01
8.524590163934425702e-01
7.543859649122807154e-01
8.636363636363636465e-01
8.970588235294117974e-01
9.629629629629629095e-01
8.620689655172413257e-01
8.399999999999999689e-01
8.363636363636363091e-01
8.125000000000000000e-01
8.545454545454544970e-01
9.032258064516128782e-01
9.821428571428570953e-01
9.499999999999999556e-01
9.649122807017543879e-01
8.676470588235294379e-01
8.593750000000000000e-01
7.547169811320755262e-01
9.253731343283582156e-01
8.688524590163934080e-01
9.333333333333333481e-01
9.166666666666666297e-01
9.836065573770491621e-01
8.405797101449274944e-01
8.985507246376811530e-01
8.360655737704918433e-01
8.000000000000000444e-01
9.152542372881355970e-01
9.482758620689655249e-01
7.857142857142856984e-01
8.550724637681159646e-01
9.090909090909090606e-01
9.076923076923076872e-01
8.928571428571429047e-01
8.813559322033898136e-01
8.135593220338983578e-01
8.620689655172413257e-01
1.000000000000000000e+00
9.076923076923076872e-01
9.516129032258064946e-01
8.955223880597015240e-01
8.840579710144927938e-01
8.985507246376811530e-01
8.709677419354838745e-01
9.275362318840579823e-01
8.596491228070175517e-01
8.727272727272726849e-01
8.059701492537313383e-01
7.962962962962962798e-01
9.076923076923076872e-01
8.421052631578946901e-01
8.461538461538461453e-01
8.947368421052631637e-01
8.593750000000000000e-01
8.000000000000000444e-01
8.548387096774193727e-01
8.153846153846153744e-01
9.491525423728813804e-01
8.750000000000000000e-01
8.709677419354838745e-01
9.104477611940298143e-01
8.032786885245901676e-01
7.719298245614034659e-01
8.333333333333333703e-01
8.800000000000000044e-01
8.214285714285713969e-01
8.730158730158730229e-01
7.166666666666666741e-01
9.166666666666666297e-01
8.474576271186440302e-01
8.437500000000000000e-01
8.653846153846154188e-01
7.931034482758620996e-01
8.750000000000000000e-01
9.056603773584905870e-01
8.852459016393442459e-01
9.148936170212765839e-01
8.461538461538461453e-01
8.709677419354838745e-01
8.620689655172413257e-01
1.000000000000000000e+00
9.272727272727272485e-01
7.368421052631578538e-01
8.666666666666666963e-01
8.732394366197182567e-01
9.682539682539682557e-01
8.709677419354838745e-01
9.032258064516128782e-01
7.972972972972972583e-01
9.107142857142856984e-01
8.870967741935483764e-01
9.807692307692307265e-01
9.333333333333333481e-01
8.545454545454544970e-01
9.354838709677418818e-01
8.888888888888888395e-01
9.180327868852459217e-01
8.135593220338983578e-01
8.840579710144927938e-01
8.113207547169811740e-01
8.793103448275861878e-01
8.732394366197182567e-01
7.241379310344827624e-01
9.245283018867924696e-01
8.524590163934425702e-01
8.666666666666666963e-01
8.461538461538461453e-01
8.088235294117647189e-01
9.333333333333333481e-01
9.000000000000000222e-01
8.813559322033898136e-01
8.852459016393442459e-01
8.333333333333333703e-01
8.545454545454544970e-01
9.473684210526315264e-01
9.836065573770491621e-01
9.166666666666666297e-01
9.838709677419354982e-01
9.076923076923076872e-01
8.823529411764705621e-01
9.245283018867924696e-01
8.387096774193548709e-01
8.714285714285714413e-01
8.166666666666666519e-01
8.032786885245901676e-01
9.333333333333333481e-01
8.431372549019607865e-01
8.507462686567164312e-01
8.571428571428570953e-01
8.548387096774193727e-01
8.307692307692308153e-01
9.333333333333333481e-01
8.550724637681159646e-01
8.030303030303029832e-01
9.655172413793103869e-01
9.062500000000000000e-01
9.193548387096773800e-01
8.225806451612903691e-01
8.571428571428570953e-01
9.433962264150943522e-01
9.655172413793103869e-01
8.358208955223880299e-01
8.888888888888888395e-01
8.840579710144927938e-01
9.076923076923076872e-01
8.852459016393442459e-01
8.750000000000000000e-01
8.833333333333333037e-01
8.909090909090908728e-01
9.843750000000000000e-01
