1.000000000000000000e+00
9.696969696969697239e-01
9.821428571428570953e-01
9.833333333333332815e-01
1.000000000000000000e+00
1.000000000000000000e+00
1.000000000000000000e+00
9.855072463768116409e-01
9.636363636363636243e-01
9.836065573770491621e-01
1.000000000000000000e+00
9.482758620689655249e-01
9.848484848484848619e-01
9.824561403508771384e-01
9.677419354838709964e-01
1.000000000000000000e+00
9.838709677419354982e-01
1.000000000000000000e+00
1.000000000000000000e+00
9.692307692307692291e-01
9.701492537313433084e-01
1.000000000000000000e+00
9.615384615384615641e-01
1.000000000000000000e+00
9.473684210526315264e-01
9.687500000000000000e-01
9.242424242424241987e-01
9.855072463768116409e-01
9.692307692307692291e-01
9.090909090909090606e-01
1.000000000000000000e+00
9.571428571428571841e-01
9.642857142857143016e-01
9.814814814814815103e-01
9.782608695652174058e-01
9.824561403508771384e-01
9.824561403508771384e-01
9.710144927536231707e-01
1.000000000000000000e+00
9.833333333333332815e-01
9.841269841269840724e-01
9.799999999999999822e-01
1.000000000000000000e+00
9.795918367346938549e-01
9.850746268656715987e-01
9.821428571428570953e-01
9.599999999999999645e-01
1.000000000000000000e+00
1.000000000000000000e+00
9.803921568627450567e-01
1.000000000000000000e+00
9.848484848484848619e-01
9.841269841269840724e-01
1.000000000000000000e+00
9.814814814814815103e-01
1.000000000000000000e+00
9.454545454545454364e-01
1.000000000000000000e+00
9.814814814814815103e-01
9.821428571428570953e-01
9.508196721311474864e-01
1.000000000000000000e+00
1.000000000000000000e+00
9.843750000000000000e-01
9.830508474576271638e-01
9.538461538461538991e-01
1.000000000000000000e+00
9.444444444444444198e-01
9.799999999999999822e-01
9.687500000000000000e-01
9.836065573770491621e-01
9.622641509433962348e-01
1.000000000000000000e+00
9.843750000000000000e-01
1.000000000000000000e+00
9.821428571428570953e-01
9.682539682539682557e-01
1.000000000000000000e+00
9.677419354838709964e-01
9.818181818181818121e-01
9.846153846153846700e-01
9.830508474576271638e-01
1.000000000000000000e+00
9.636363636363636243e-01
9.636363636363636243e-01
9.830508474576271638e-01
9.841269841269840724e-01
9.818181818181818121e-01
1.000000000000000000e+00
9.836065573770491621e-01
9.827586206896551380e-01
1.000000000000000000e+00
9.655172413793103869e-01
1.000000000000000000e+00
9.615384615384615641e-01
1.000000000000000000e+00
9.818181818181818121e-01
9.615384615384615641e-01
9.836065573770491621e-01
9.180327868852459217e-01
9.701492537313433084e-01
1.000000000000000000e+00
9.830508474576271638e-01
9.629629629629629095e-01
1.000000000000000000e+00
1.000000000000000000e+00
9.848484848484848619e-01
9.818181818181818121e-01
9.850746268656715987e-01
9.710144927536231707e-01
1.000000000000000000e+00
1.000000000000000000e+00
9.827586206896551380e-01
9.836065573770491621e-01
9.655172413793103869e-01
9.846153846153846700e-01
9.508196721311474864e-01
9.701492537313433084e-01
9.814814814814815103e-01
9.811320754716981174e-01
9.545454545454545858e-01
9.677419354838709964e-01
9.692307692307692291e-01
9.677419354838709964e-01
1.000000000000000000e+00
9.833333333333332815e-01
9.807692307692307265e-01
1.000000000000000000e+00
9.552238805970149071e-01
9.836065573770491621e-01
9.672131147540983243e-01
9.838709677419354982e-01
1.000000000000000000e+00
9.672131147540983243e-01
9.807692307692307265e-01
1.000000000000000000e+00
9.821428571428570953e-01
1.000000000000000000e+00
9.807692307692307265e-01
9.811320754716981174e-01
9.672131147540983243e-01
9.661016949152542166e-01
9.692307692307692291e-01
1.000000000000000000e+00
9.824561403508771384e-01
9.811320754716981174e-01
9.818181818181818121e-01
9.599999999999999645e-01
9.677419354838709964e-01
9.090909090909090606e-01
9.814814814814815103e-01
9.814814814814815103e-01
9.661016949152542166e-01
1.000000000000000000e+00
9.833333333333332815e-01
9.692307692307692291e-01
9.846153846153846700e-01
9.696969696969697239e-01
9.821428571428570953e-01
9.852941176470588758e-01
9.836065573770491621e-01
9.836065573770491621e-01
9.622641509433962348e-01
1.000000000000000000e+00
9.830508474576271638e-01
9.473684210526315264e-01
9.655172413793103869e-01
9.245283018867924696e-01
9.866666666666666918e-01
9.649122807017543879e-01
9.677419354838709964e-01
1.000000000000000000e+00
1.000000000000000000e+00
9.655172413793103869e-01
9.799999999999999822e-01
1.000000000000000000e+00
9.729729729729730270e-01
1.000000000000000000e+00
9.565217391304348116e-01
1.000000000000000000e+00
1.000000000000000000e+00
1.000000000000000000e+00
9.841269841269840724e-01
9.538461538461538991e-01
1.000000000000000000e+00
9.545454545454545858e-01
9.375000000000000000e-01
1.000000000000000000e+00
1.000000000000000000e+00
9.795918367346938549e-01
9.565217391304348116e-01
1.000000000000000000e+00
1.000000000000000000e+00
9.531250000000000000e-01
9.692307692307692291e-01
1.000000000000000000e+00
9.342105263157894912e-01
1.000000000000000000e+00
9.516129032258064946e-01
9.692307692307692291e-01
9.677419354838709964e-01
9.827586206896551380e-01
9.850746268656715987e-01
9.814814814814815103e-01
9.838709677419354982e-01
9.836065573770491621e-01
9.692307692307692291e-01
9.491525423728813804e-01
1.000000000000000000e+00
1.000000000000000000e+00
1.000000000000000000e+00
9.818181818181818121e-01
9.655172413793103869e-01
1.000000000000000000e+00
1.000000000000000000e+00
1.000000000000000000e+00
1.000000000000000000e+00
9.682539682539682557e-01
9.692307692307692291e-01
9.811320754716981174e-01
9.827586206896551380e-01
9.848484848484848619e-01
9.827586206896551380e-01
9.836065573770491621e-01
9.672131147540983243e-01
9.655172413793103869e-01
1.000000000000000000e+00
1.000000000000000000e+00
9.661016949152542166e-01
9.824561403508771384e-01
1.000000000000000000e+00
1.000000000000000000e+00
9.733333333333333837e-01
9.473684210526315264e-01
1.000000000000000000e+00
9.807692307692307265e-01
9.833333333333332815e-01
9.523809523809523281e-01
1.000000000000000000e+00
9.516129032258064946e-01
9.687500000000000000e-01
9.850746268656715987e-01
9.454545454545454364e-01
9.857142857142857650e-01
9.473684210526315264e-01
9.672131147540983243e-01
9.636363636363636243e-01
9.830508474576271638e-01
9.677419354838709964e-01
1.000000000000000000e+00
9.365079365079365115e-01
9.824561403508771384e-01
9.799999999999999822e-01
1.000000000000000000e+00
9.843750000000000000e-01
1.000000000000000000e+00
9.692307692307692291e-01
9.682539682539682557e-01
9.836065573770491621e-01
1.000000000000000000e+00
1.000000000000000000e+00
1.000000000000000000e+00
9.538461538461538991e-01
9.552238805970149071e-01
1.000000000000000000e+00
9.661016949152542166e-01
1.000000000000000000e+00
1.000000000000000000e+00
9.402985074626866169e-01
1.000000000000000000e+00
9.591836734693877098e-01
9.807692307692307265e-01
9.661016949152542166e-01
9.649122807017543879e-01
9.795918367346938549e-01
9.411764705882352811e-01
1.000000000000000000e+00
9.682539682539682557e-01
9.814814814814815103e-01
9.836065573770491621e-01
1.000000000000000000e+00
9.846153846153846700e-01
1.000000000000000000e+00
9.818181818181818121e-01
9.827586206896551380e-01
9.696969696969697239e-01
1.000000000000000000e+00
1.000000000000000000e+00
9.538461538461538991e-01
1.000000000000000000e+00
9.830508474576271638e-01
9.655172413793103869e-01
1.000000000000000000e+00
9.848484848484848619e-01
9.666666666666666741e-01
1.000000000000000000e+00
9.740259740259740173e-01
1.000000000000000000e+00
1.000000000000000000e+00
9.814814814814815103e-01
9.577464788732393819e-01
9.833333333333332815e-01
9.531250000000000000e-01
1.000000000000000000e+00
9.354838709677418818e-01
9.807692307692307265e-01
9.558823529411765163e-01
9.552238805970149071e-01
9.629629629629629095e-01
9.818181818181818121e-01
1.000000000000000000e+00
9.666666666666666741e-01
9.687500000000000000e-01
1.000000000000000000e+00
9.499999999999999556e-01
9.661016949152542166e-01
9.531250000000000000e-01
9.499999999999999556e-01
9.833333333333332815e-01
9.827586206896551380e-01
9.531250000000000000e-01
1.000000000000000000e+00
1.000000000000000000e+00
9.821428571428570953e-01
9.473684210526315264e-01
9.384615384615384581e-01
1.000000000000000000e+00
1.000000000000000000e+00
9.599999999999999645e-01
1.000000000000000000e+00
1.000000000000000000e+00
9.516129032258064946e-01
9.538461538461538991e-01
9.836065573770491621e-01
9.499999999999999556e-01
1.000000000000000000e+00
1.000000000000000000e+00
9.629629629629629095e-01
9.850746268656715987e-01
9.814814814814815103e-01
9.482758620689655249e-01
1.000000000000000000e+00
9.491525423728813804e-01
9.850746268656715987e-01
9.836065573770491621e-01
9.531250000000000000e-01
1.000000000000000000e+00
1.000000000000000000e+00
9.818181818181818121e-01
9.821428571428570953e-01
1.000000000000000000e+00
1.000000000000000000e+00
9.824561403508771384e-01
9.848484848484848619e-01
9.852941176470588758e-01
1.000000000000000000e+00
1.000000000000000000e+00
9.799999999999999822e-01
9.454545454545454364e-01
1.000000000000000000e+00
1.000000000000000000e+00
1.000000000000000000e+00
9.642857142857143016e-01
9.499999999999999556e-01
9.824561403508771384e-01
9.558823529411765163e-01
9.843750000000000000e-01
1.000000000000000000e+00
1.000000000000000000e+00
9.836065573770491621e-01
9.833333333333332815e-01
9.833333333333332815e-01
1.000000000000000000e+00
9.710144927536231707e-01
9.710144927536231707e-01
9.672131147540983243e-01
9.833333333333332815e-01
9.830508474576271638e-01
9.482758620689655249e-01
9.464285714285713969e-01
9.565217391304348116e-01
9.870129870129870087e-01
9.846153846153846700e-01
9.821428571428570953e-01
9.661016949152542166e-01
9.491525423728813804e-01
9.482758620689655249e-01
9.811320754716981174e-01
9.692307692307692291e-01
9.677419354838709964e-01
9.552238805970149071e-01
1.000000000000000000e+00
1.000000000000000000e+00
9.677419354838709964e-01
9.565217391304348116e-01
1.000000000000000000e+00
9.818181818181818121e-01
1.000000000000000000e+00
1.000000000000000000e+00
9.538461538461538991e-01
9.649122807017543879e-01
9.538461538461538991e-01
9.824561403508771384e-01
1.000000000000000000e+00
9.571428571428571841e-01
9.677419354838709964e-01
9.846153846153846700e-01
9.322033898305084332e-01
1.000000000000000000e+00
1.000000000000000000e+00
9.552238805970149071e-01
1.000000000000000000e+00
1.000000000000000000e+00
9.666666666666666741e-01
9.599999999999999645e-01
1.000000000000000000e+00
1.000000000000000000e+00
9.833333333333332815e-01
9.499999999999999556e-01
9.322033898305084332e-01
1.000000000000000000e+00
9.807692307692307265e-01
9.310344827586206629e-01
9.642857142857143016e-01
9.622641509433962348e-01
9.836065573770491621e-01
9.361702127659574657e-01
1.000000000000000000e+00
9.838709677419354982e-01
1.000000000000000000e+00
9.655172413793103869e-01
9.454545454545454364e-01
1.000000000000000000e+00
1.000000000000000000e+00
9.859154929577464976e-01
9.841269841269840724e-01
9.677419354838709964e-01
9.838709677419354982e-01
9.729729729729730270e-01
9.821428571428570953e-01
9.516129032258064946e-01
9.615384615384615641e-01
1.000000000000000000e+00
9.818181818181818121e-01
9.677419354838709964e-01
9.629629629629629095e-01
1.000000000000000000e+00
1.000000000000000000e+00
9.855072463768116409e-01
1.000000000000000000e+00
9.655172413793103869e-01
9.577464788732393819e-01
9.827586206896551380e-01
9.811320754716981174e-01
1.000000000000000000e+00
9.833333333333332815e-01
9.807692307692307265e-01
9.558823529411765163e-01
1.000000000000000000e+00
1.000000000000000000e+00
9.661016949152542166e-01
9.836065573770491621e-01
9.833333333333332815e-01
9.818181818181818121e-01
9.824561403508771384e-01
9.672131147540983243e-01
9.666666666666666741e-01
9.677419354838709964e-01
1.000000000000000000e+00
1.000000000000000000e+00
9.811320754716981174e-01
1.000000000000000000e+00
9.714285714285714191e-01
1.000000000000000000e+00
1.000000000000000000e+00
9.333333333333333481e-01
9.803921568627450567e-01
1.000000000000000000e+00
9.821428571428570953e-01
9.838709677419354982e-01
9.846153846153846700e-01
9.499999999999999556e-01
9.710144927536231707e-01
9.848484848484848619e-01
9.655172413793103869e-01
9.843750000000000000e-01
9.838709677419354982e-01
9.677419354838709964e-01
1.000000000000000000e+00
9.811320754716981174e-01
1.000000000000000000e+00
9.701492537313433084e-01
9.814814814814815103e-01
9.565217391304348116e-01
9.846153846153846700e-01
1.000000000000000000e+00
9.843750000000000000e-01
1.000000000000000000e+00
1.000000000000000000e+00
1.000000000000000000e+00
9.655172413793103869e-01
1.000000000000000000e+00
9.642857142857143016e-01
1.000000000000000000e+00
9.836065573770491621e-01
9.846153846153846700e-01
1.000000000000000000e+00
1.000000000000000000e+00
1.000000000000000000e+00
9.661016949152542166e-01
9.622641509433962348e-01
1.000000000000000000e+00
9.399999999999999467e-01
9.787234042553191182e-01
1.000000000000000000e+00
1.000000000000000000e+00
9.558823529411765163e-01
9.655172413793103869e-01
9.696969696969697239e-01
1.000000000000000000e+00
9.830508474576271638e-01
9.836065573770491621e-01
1.000000000000000000e+00
9.076923076923076872e-01
1.000000000000000000e+00
9.824561403508771384e-01
9.848484848484848619e-01
1.000000000000000000e+00
1.000000000000000000e+00
9.672131147540983243e-01
1.000000000000000000e+00
9.836065573770491621e-01
9.848484848484848619e-01
9.827586206896551380e-01
1.000000000000000000e+00
1.000000000000000000e+00
1.000000000000000000e+00
9.841269841269840724e-01
9.705882352941176405e-01
9.473684210526315264e-01
1.000000000000000000e+00
9.687500000000000000e-01
9.830508474576271638e-01
9.827586206896551380e-01
9.729729729729730270e-01
9.855072463768116409e-01
9.714285714285714191e-01
1.000000000000000000e+00
9.818181818181818121e-01
9.836065573770491621e-01
9.682539682539682557e-01
9.848484848484848619e-01
9.852941176470588758e-01
1.000000000000000000e+00
9.552238805970149071e-01
9.655172413793103869e-01
9.838709677419354982e-01
9.830508474576271638e-01
1.000000000000000000e+00
1.000000000000000000e+00
1.000000000000000000e+00
1.000000000000000000e+00
1.000000000000000000e+00
9.843750000000000000e-01
9.811320754716981174e-01
9.642857142857143016e-01
9.843750000000000000e-01
9.830508474576271638e-01
9.661016949152542166e-01
9.672131147540983243e-01
9.402985074626866169e-01
9.558823529411765163e-01
9.830508474576271638e-01
1.000000000000000000e+00
9.636363636363636243e-01
9.558823529411765163e-01
1.000000000000000000e+00
9.841269841269840724e-01
1.000000000000000000e+00
9.642857142857143016e-01
9.850746268656715987e-01
9.298245614035087758e-01
9.841269841269840724e-01
9.803921568627450567e-01
9.814814814814815103e-01
1.000000000000000000e+00
9.583333333333333703e-01
1.000000000000000000e+00
9.846153846153846700e-01
9.298245614035087758e-01
1.000000000000000000e+00
1.000000000000000000e+00
9.850746268656715987e-01
9.830508474576271638e-01
1.000000000000000000e+00
9.038461538461538547e-01
9.836065573770491621e-01
9.558823529411765163e-01
9.814814814814815103e-01
1.000000000000000000e+00
9.687500000000000000e-01
9.838709677419354982e-01
9.848484848484848619e-01
1.000000000000000000e+00
9.807692307692307265e-01
9.814814814814815103e-01
9.811320754716981174e-01
9.807692307692307265e-01
9.672131147540983243e-01
9.705882352941176405e-01
9.253731343283582156e-01
1.000000000000000000e+00
1.000000000000000000e+00
9.508196721311474864e-01
9.661016949152542166e-01
1.000000000000000000e+00
1.000000000000000000e+00
9.838709677419354982e-01
9.701492537313433084e-01
9.655172413793103869e-01
9.666666666666666741e-01
9.830508474576271638e-01
1.000000000000000000e+00
9.855072463768116409e-01
1.000000000000000000e+00
9.855072463768116409e-01
9.838709677419354982e-01
1.000000000000000000e+00
1.000000000000000000e+00
9.516129032258064946e-01
9.682539682539682557e-01
1.000000000000000000e+00
1.000000000000000000e+00
9.473684210526315264e-01
9.833333333333332815e-01
9.642857142857143016e-01
9.833333333333332815e-01
1.000000000000000000e+00
9.821428571428570953e-01
9.322033898305084332e-01
9.833333333333332815e-01
9.649122807017543879e-01
9.811320754716981174e-01
9.705882352941176405e-01
1.000000000000000000e+00
1.000000000000000000e+00
9.838709677419354982e-01
1.000000000000000000e+00
9.661016949152542166e-01
1.000000000000000000e+00
9.565217391304348116e-01
1.000000000000000000e+00
1.000000000000000000e+00
9.838709677419354982e-01
9.411764705882352811e-01
1.000000000000000000e+00
9.661016949152542166e-01
1.000000000000000000e+00
9.552238805970149071e-01
9.811320754716981174e-01
9.499999999999999556e-01
9.814814814814815103e-01
9.677419354838709964e-01
9.843750000000000000e-01
9.821428571428570953e-01
9.830508474576271638e-01
1.000000000000000000e+00
1.000000000000000000e+00
9.830508474576271638e-01
9.666666666666666741e-01
9.705882352941176405e-01
9.655172413793103869e-01
9.841269841269840724e-01
9.655172413793103869e-01
9.714285714285714191e-01
9.672131147540983243e-01
9.696969696969697239e-01
9.827586206896551380e-01
9.852941176470588758e-01
9.692307692307692291e-01
9.824561403508771384e-01
1.000000000000000000e+00
1.000000000000000000e+00
1.000000000000000000e+00
9.516129032258064946e-01
9.821428571428570953e-01
9.482758620689655249e-01
1.000000000000000000e+00
9.827586206896551380e-01
9.852941176470588758e-01
1.000000000000000000e+00
1.000000000000000000e+00
9.833333333333332815e-01
1.000000000000000000e+00
9.636363636363636243e-01
9.807692307692307265e-01
9.855072463768116409e-01
9.649122807017543879e-01
9.411764705882352811e-01
9.830508474576271638e-01
9.491525423728813804e-01
1.000000000000000000e+00
9.803921568627450567e-01
9.848484848484848619e-01
9.687500000000000000e-01
1.000000000000000000e+00
1.000000000000000000e+00
1.000000000000000000e+00
9.687500000000000000e-01
9.571428571428571841e-01
9.672131147540983243e-01
9.787234042553191182e-01
9.861111111111111605e-01
1.000000000000000000e+00
9.701492537313433084e-01
9.310344827586206629e-01
9.687500000000000000e-01
9.622641509433962348e-01
9.622641509433962348e-01
1.000000000000000000e+00
1.000000000000000000e+00
9.687500000000000000e-01
1.000000000000000000e+00
9.692307692307692291e-01
9.824561403508771384e-01
1.000000000000000000e+00
9.807692307692307265e-01
9.811320754716981174e-01
1.000000000000000000e+00
9.710144927536231707e-01
9.807692307692307265e-01
9.444444444444444198e-01
9.841269841269840724e-01
1.000000000000000000e+00
9.615384615384615641e-01
9.852941176470588758e-01
1.000000000000000000e+00
9.499999999999999556e-01
9.814814814814815103e-01
9.649122807017543879e-01
9.818181818181818121e-01
1.000000000000000000e+00
9.649122807017543879e-01
1.000000000000000000e+00
9.705882352941176405e-01
9.516129032258064946e-01
1.000000000000000000e+00
1.000000000000000000e+00
1.000000000000000000e+00
9.838709677419354982e-01
9.824561403508771384e-01
9.841269841269840724e-01
1.000000000000000000e+00
9.811320754716981174e-01
9.818181818181818121e-01
9.824561403508771384e-01
9.841269841269840724e-01
9.655172413793103869e-01
9.833333333333332815e-01
9.836065573770491621e-01
9.814814814814815103e-01
1.000000000000000000e+00
9.677419354838709964e-01
1.000000000000000000e+00
9.838709677419354982e-01
9.807692307692307265e-01
9.843750000000000000e-01
9.824561403508771384e-01
1.000000000000000000e+00
9.636363636363636243e-01
9.672131147540983243e-01
9.661016949152542166e-01
1.000000000000000000e+00
9.710144927536231707e-01
1.000000000000000000e+00
1.000000000000000000e+00
9.666666666666666741e-01
9.558823529411765163e-01
9.245283018867924696e-01
9.622641509433962348e-01
1.000000000000000000e+00
1.000000000000000000e+00
9.791666666666666297e-01
9.846153846153846700e-01
9.565217391304348116e-01
9.375000000000000000e-01
9.655172413793103869e-01
1.000000000000000000e+00
9.661016949152542166e-01
9.841269841269840724e-01
1.000000000000000000e+00
9.687500000000000000e-01
9.833333333333332815e-01
1.000000000000000000e+00
9.491525423728813804e-01
9.841269841269840724e-01
9.855072463768116409e-01
9.649122807017543879e-01
9.818181818181818121e-01
9.827586206896551380e-01
9.393939393939394478e-01
9.836065573770491621e-01
9.655172413793103869e-01
9.482758620689655249e-01
9.791666666666666297e-01
9.833333333333332815e-01
1.000000000000000000e+00
1.000000000000000000e+00
9.830508474576271638e-01
9.827586206896551380e-01
9.836065573770491621e-01
1.000000000000000000e+00
9.814814814814815103e-01
9.824561403508771384e-01
9.803921568627450567e-01
9.811320754716981174e-01
9.850746268656715987e-01
1.000000000000000000e+00
9.629629629629629095e-01
9.333333333333333481e-01
9.599999999999999645e-01
1.000000000000000000e+00
9.682539682539682557e-01
9.827586206896551380e-01
9.682539682539682557e-01
1.000000000000000000e+00
9.531250000000000000e-01
9.714285714285714191e-01
9.838709677419354982e-01
1.000000000000000000e+00
9.705882352941176405e-01
9.516129032258064946e-01
9.811320754716981174e-01
9.499999999999999556e-01
9.852941176470588758e-01
9.868421052631578538e-01
9.677419354838709964e-01
9.565217391304348116e-01
9.827586206896551380e-01
1.000000000000000000e+00
1.000000000000000000e+00
9.672131147540983243e-01
1.000000000000000000e+00
9.571428571428571841e-01
9.047619047619047672e-01
9.824561403508771384e-01
9.508196721311474864e-01
9.655172413793103869e-01
9.859154929577464976e-01
1.000000000000000000e+00
9.655172413793103869e-01
9.615384615384615641e-01
9.629629629629629095e-01
9.841269841269840724e-01
9.838709677419354982e-01
9.473684210526315264e-01
9.666666666666666741e-01
9.696969696969697239e-01
9.833333333333332815e-01
9.833333333333332815e-01
1.000000000000000000e+00
1.000000000000000000e+00
9.516129032258064946e-01
9.508196721311474864e-01
9.846153846153846700e-01
1.000000000000000000e+00
9.545454545454545858e-01
1.000000000000000000e+00
9.824561403508771384e-01
1.000000000000000000e+00
9.846153846153846700e-01
9.701492537313433084e-01
9.677419354838709964e-01
9.855072463768116409e-01
9.830508474576271638e-01
1.000000000000000000e+00
9.538461538461538991e-01
9.354838709677418818e-01
9.322033898305084332e-01
9.827586206896551380e-01
9.661016949152542166e-01
9.701492537313433084e-01
9.833333333333332815e-01
9.259259259259259300e-01
9.666666666666666741e-01
9.861111111111111605e-01
9.814814814814815103e-01
9.607843137254902244e-01
9.285714285714286031e-01
9.259259259259259300e-01
1.000000000000000000e+00
1.000000000000000000e+00
9.818181818181818121e-01
1.000000000000000000e+00
9.649122807017543879e-01
9.866666666666666918e-01
9.666666666666666741e-01
9.672131147540983243e-01
9.649122807017543879e-01
9.843750000000000000e-01
9.811320754716981174e-01
1.000000000000000000e+00
9.661016949152542166e-01
1.000000000000000000e+00
9.538461538461538991e-01
9.827586206896551380e-01
1.000000000000000000e+00
9.629629629629629095e-01
9.830508474576271638e-01
9.591836734693877098e-01
9.841269841269840724e-01
9.682539682539682557e-01
9.833333333333332815e-01
9.833333333333332815e-01
9.591836734693877098e-01
9.827586206896551380e-01
9.714285714285714191e-01
1.000000000000000000e+00
9.444444444444444198e-01
1.000000000000000000e+00
9.843750000000000000e-01
9.629629629629629095e-01
1.000000000000000000e+00
9.857142857142857650e-01
1.000000000000000000e+00
1.000000000000000000e+00
1.000000000000000000e+00
9.821428571428570953e-01
1.000000000000000000e+00
9.833333333333332815e-01
1.000000000000000000e+00
1.000000000000000000e+00
9.622641509433962348e-01
9.516129032258064946e-01
9.607843137254902244e-01
9.583333333333333703e-01
9.836065573770491621e-01
9.552238805970149071e-01
1.000000000000000000e+00
1.000000000000000000e+00
9.591836734693877098e-01
9.565217391304348116e-01
9.841269841269840724e-01
9.482758620689655249e-01
9.642857142857143016e-01
9.838709677419354982e-01
9.811320754716981174e-01
9.428571428571428381e-01
1.000000000000000000e+00
1.000000000000000000e+00
9.830508474576271638e-01
9.661016949152542166e-01
1.000000000000000000e+00
1.000000000000000000e+00
9.821428571428570953e-01
9.841269841269840724e-01
9.629629629629629095e-01
1.000000000000000000e+00
9.661016949152542166e-01
1.000000000000000000e+00
9.827586206896551380e-01
9.818181818181818121e-01
9.607843137254902244e-01
9.787234042553191182e-01
9.482758620689655249e-01
9.824561403508771384e-01
9.843750000000000000e-01
9.838709677419354982e-01
9.677419354838709964e-01
9.833333333333332815e-01
1.000000000000000000e+00
1.000000000000000000e+00
1.000000000000000000e+00
9.387755102040816757e-01
9.710144927536231707e-01
9.538461538461538991e-01
9.811320754716981174e-01
9.848484848484848619e-01
9.830508474576271638e-01
1.000000000000000000e+00
9.833333333333332815e-01
1.000000000000000000e+00
9.838709677419354982e-01
9.833333333333332815e-01
9.344262295081967595e-01
9.838709677419354982e-01
9.841269841269840724e-01
9.428571428571428381e-01
9.705882352941176405e-01
9.218750000000000000e-01
9.642857142857143016e-01
9.803921568627450567e-01
1.000000000000000000e+00
1.000000000000000000e+00
9.499999999999999556e-01
9.375000000000000000e-01
1.000000000000000000e+00
1.000000000000000000e+00
1.000000000000000000e+00
9.666666666666666741e-01
9.848484848484848619e-01
1.000000000000000000e+00
9.827586206896551380e-01
1.000000000000000000e+00
1.000000000000000000e+00
1.000000000000000000e+00
1.000000000000000000e+00
9.677419354838709964e-01
1.000000000000000000e+00
1.000000000000000000e+00
9.636363636363636243e-01
9.538461538461538991e-01
9.552238805970149071e-01
9.836065573770491621e-01
9.649122807017543879e-01
9.824561403508771384e-01
1.000000000000000000e+00
9.818181818181818121e-01
9.850746268656715987e-01
9.454545454545454364e-01
9.827586206896551380e-01
9.615384615384615641e-01
1.000000000000000000e+00
1.000000000000000000e+00
1.000000000000000000e+00
1.000000000000000000e+00
9.824561403508771384e-01
9.661016949152542166e-01
9.827586206896551380e-01
1.000000000000000000e+00
9.577464788732393819e-01
9.666666666666666741e-01
9.464285714285713969e-01
9.215686274509803377e-01
9.655172413793103869e-01
9.464285714285713969e-01
9.607843137254902244e-01
1.000000000000000000e+00
1.000000000000000000e+00
9.687500000000000000e-01
9.692307692307692291e-01
9.821428571428570953e-01
9.574468085106383475e-01
9.531250000000000000e-01
9.827586206896551380e-01
9.622641509433962348e-01
9.818181818181818121e-01
9.799999999999999822e-01
1.000000000000000000e+00
9.000000000000000222e-01
9.423076923076922906e-01
9.682539682539682557e-01
9.482758620689655249e-01
9.444444444444444198e-01
1.000000000000000000e+00
9.848484848484848619e-01
9.821428571428570953e-01
9.818181818181818121e-01
9.538461538461538991e-01
9.836065573770491621e-01
9.830508474576271638e-01
9.531250000000000000e-01
9.642857142857143016e-01
9.365079365079365115e-01
9.473684210526315264e-01
9.824561403508771384e-01
9.838709677419354982e-01
9.841269841269840724e-01
9.710144927536231707e-01
9.677419354838709964e-01
9.814814814814815103e-01
9.833333333333332815e-01
9.821428571428570953e-01
9.552238805970149071e-01
1.000000000000000000e+00
9.833333333333332815e-01
9.718309859154929953e-01
1.000000000000000000e+00
1.000000000000000000e+00
9.636363636363636243e-01
9.591836734693877098e-01
9.687500000000000000e-01
1.000000000000000000e+00
9.696969696969697239e-01
1.000000000000000000e+00
9.827586206896551380e-01
9.807692307692307265e-01
9.852941176470588758e-01
9.677419354838709964e-01
9.827586206896551380e-01
9.830508474576271638e-01
1.000000000000000000e+00
1.000000000000000000e+00
1.000000000000000000e+00
9.855072463768116409e-01
9.782608695652174058e-01
9.714285714285714191e-01
9.710144927536231707e-01
9.375000000000000000e-01
9.818181818181818121e-01
9.841269841269840724e-01
9.836065573770491621e-01
9.859154929577464976e-01
9.516129032258064946e-01
9.661016949152542166e-01
9.594594594594594295e-01
9.655172413793103869e-01
9.827586206896551380e-01
1.000000000000000000e+00
1.000000000000000000e+00
9.791666666666666297e-01
1.000000000000000000e+00
9.838709677419354982e-01
1.000000000000000000e+00
1.000000000000000000e+00
9.803921568627450567e-01
9.836065573770491621e-01
1.000000000000000000e+00
1.000000000000000000e+00
9.661016949152542166e-01
9.682539682539682557e-01
1.000000000000000000e+00
9.473684210526315264e-01
9.523809523809523281e-01
1.000000000000000000e+00
9.152542372881355970e-01
9.803921568627450567e-01
9.830508474576271638e-01
9.523809523809523281e-01
1.000000000000000000e+00
9.538461538461538991e-01
1.000000000000000000e+00
9.692307692307692291e-01
9.473684210526315264e-01
9.705882352941176405e-01
9.846153846153846700e-01
9.830508474576271638e-01
1.000000000000000000e+00
9.636363636363636243e-01
1.000000000000000000e+00
1.000000000000000000e+00
9.692307692307692291e-01
9.859154929577464976e-01
9.672131147540983243e-01
1.000000000000000000e+00
9.491525423728813804e-01
9.833333333333332815e-01
9.499999999999999556e-01
9.838709677419354982e-01
1.000000000000000000e+00
9.666666666666666741e-01
9.848484848484848619e-01
9.180327868852459217e-01
9.843750000000000000e-01
1.000000000000000000e+00
9.230769230769231282e-01
9.821428571428570953e-01
9.841269841269840724e-01
9.733333333333333837e-01
1.000000000000000000e+00
9.833333333333332815e-01
9.855072463768116409e-01
1.000000000000000000e+00
9.811320754716981174e-01
9.827586206896551380e-01
9.795918367346938549e-01
1.000000000000000000e+00
1.000000000000000000e+00
9.642857142857143016e-01
9.591836734693877098e-01
9.838709677419354982e-01
1.000000000000000000e+00
9.824561403508771384e-01
9.420289855072463414e-01
1.000000000000000000e+00
9.807692307692307265e-01
1.000000000000000000e+00
1.000000000000000000e+00
1.000000000000000000e+00
9.818181818181818121e-01
9.827586206896551380e-01
1.000000000000000000e+00
1.000000000000000000e+00
9.523809523809523281e-01
9.433962264150943522e-01
9.516129032258064946e-01
9.523809523809523281e-01
9.855072463768116409e-01
9.473684210526315264e-01
1.000000000000000000e+00
9.682539682539682557e-01
9.846153846153846700e-01
9.811320754716981174e-01
9.636363636363636243e-01
9.836065573770491621e-01
9.855072463768116409e-01
9.830508474576271638e-01
9.841269841269840724e-01
9.666666666666666741e-01
1.000000000000000000e+00
9.696969696969697239e-01
9.830508474576271638e-01
9.846153846153846700e-01
9.491525423728813804e-01
9.696969696969697239e-01
9.833333333333332815e-01
9.523809523809523281e-01
9.824561403508771384e-01
9.672131147540983243e-01
9.552238805970149071e-01
1.000000000000000000e+00
9.814814814814815103e-01
1.000000000000000000e+00
1.000000000000000000e+00
9.545454545454545858e-01
1.000000000000000000e+00
9.850746268656715987e-01
1.000000000000000000e+00
1.000000000000000000e+00
9.827586206896551380e-01
9.830508474576271638e-01
9.833333333333332815e-01
1.000000000000000000e+00
9.661016949152542166e-01
1.000000000000000000e+00
9.833333333333332815e-01
9.655172413793103869e-01
9.846153846153846700e-01
9.811320754716981174e-01
1.000000000000000000e+00
1.000000000000000000e+00
9.843750000000000000e-01
9.850746268656715987e-01
9.615384615384615641e-01
9.818181818181818121e-01
1.000000000000000000e+00
1.000000000000000000e+00
1.000000000000000000e+00
9.180327868852459217e-01
9.032258064516128782e-01
1.000000000000000000e+00
9.838709677419354982e-01
9.799999999999999822e-01
1.000000000000000000e+00
9.473684210526315264e-01
1.000000000000000000e+00
1.000000000000000000e+00
9.811320754716981174e-01
9.848484848484848619e-01
1.000000000000000000e+00
9.836065573770491621e-01
1.000000000000000000e+00
9.696969696969697239e-01
9.827586206896551380e-01
1.000000000000000000e+00
9.838709677419354982e-01
9.661016949152542166e-01
9.322033898305084332e-01
9.649122807017543879e-01
1.000000000000000000e+00
1.000000000000000000e+00
9.661016949152542166e-01
1.000000000000000000e+00
1.000000000000000000e+00
9.571428571428571841e-01
9.384615384615384581e-01
9.428571428571428381e-01
9.655172413793103869e-01
9.818181818181818121e-01
9.838709677419354982e-01
9.565217391304348116e-01
9.848484848484848619e-01
9.411764705882352811e-01
9.848484848484848619e-01
9.607843137254902244e-01
9.642857142857143016e-01
9.814814814814815103e-01
1.000000000000000000e+00
1.000000000000000000e+00
9.852941176470588758e-01
1.000000000000000000e+00
9.818181818181818121e-01
9.814814814814815103e-01
9.452054794520547976e-01
9.838709677419354982e-01
1.000000000000000000e+00
1.000000000000000000e+00
1.000000000000000000e+00
9.696969696969697239e-01
9.615384615384615641e-01
9.682539682539682557e-01
9.836065573770491621e-01
9.714285714285714191e-01
9.855072463768116409e-01
1.000000000000000000e+00
1.000000000000000000e+00
9.818181818181818121e-01
9.516129032258064946e-01
9.444444444444444198e-01
9.859154929577464976e-01
9.454545454545454364e-01
9.811320754716981174e-01
9.655172413793103869e-01
1.000000000000000000e+00
9.649122807017543879e-01
9.836065573770491621e-01
1.000000000000000000e+00
9.245283018867924696e-01
9.677419354838709964e-01
9.827586206896551380e-01
9.687500000000000000e-01
1.000000000000000000e+00
9.848484848484848619e-01
8.928571428571429047e-01
9.354838709677418818e-01
1.000000000000000000e+00
9.454545454545454364e-01
9.843750000000000000e-01
9.821428571428570953e-01
9.682539682539682557e-01
1.000000000000000000e+00
1.000000000000000000e+00
9.830508474576271638e-01
9.531250000000000000e-01
9.795918367346938549e-01
9.508196721311474864e-01
1.000000000000000000e+00
9.821428571428570953e-01
9.622641509433962348e-01
9.642857142857143016e-01
9.473684210526315264e-01
9.843750000000000000e-01
9.814814814814815103e-01
1.000000000000000000e+00
1.000000000000000000e+00
9.841269841269840724e-01
9.718309859154929953e-01
9.433962264150943522e-01
9.821428571428570953e-01
9.365079365079365115e-01
1.000000000000000000e+00
9.838709677419354982e-01
1.000000000000000000e+00
1.000000000000000000e+00
1.000000000000000000e+00
9.508196721311474864e-01
1.000000000000000000e+00
9.821428571428570953e-01
9.850746268656715987e-01
9.848484848484848619e-01
9.666666666666666741e-01
9.285714285714286031e-01
1.000000000000000000e+00
9.811320754716981174e-01
9.836065573770491621e-01
9.605263157894736725e-01
1.000000000000000000e+00
9.393939393939394478e-01
9.661016949152542166e-01
9.850746268656715987e-01
9.821428571428570953e-01
9.599999999999999645e-01
9.814814814814815103e-01
9.859154929577464976e-01
9.701492537313433084e-01
1.000000000000000000e+00
9.838709677419354982e-01
9.285714285714286031e-01
9.726027397260273988e-01
1.000000000000000000e+00
9.411764705882352811e-01
1.000000000000000000e+00
9.649122807017543879e-01
9.444444444444444198e-01
1.000000000000000000e+00
1.000000000000000000e+00
9.677419354838709964e-01
1.000000000000000000e+00
9.726027397260273988e-01
9.843750000000000000e-01
9.692307692307692291e-01
1.000000000000000000e+00
9.682539682539682557e-01
9.538461538461538991e-01
9.642857142857143016e-01
9.814814814814815103e-01
9.814814814814815103e-01
1.000000000000000000e+00
1.000000000000000000e+00
9.791666666666666297e-01
1.000000000000000000e+00
9.833333333333332815e-01
9.830508474576271638e-01
9.850746268656715987e-01
9.655172413793103869e-01
1.000000000000000000e+00
9.687500000000000000e-01
9.649122807017543879e-01
1.000000000000000000e+00
9.827586206896551380e-01
9.841269841269840724e-01
1.000000000000000000e+00
9.344262295081967595e-01
9.629629629629629095e-01
9.830508474576271638e-01
1.000000000000000000e+00
9.811320754716981174e-01
9.718309859154929953e-01
1.000000000000000000e+00
9.807692307692307265e-01
9.599999999999999645e-01
1.000000000000000000e+00
9.696969696969697239e-01
9.538461538461538991e-01
9.661016949152542166e-01
9.791666666666666297e-01
9.552238805970149071e-01
9.655172413793103869e-01
1.000000000000000000e+00
9.803921568627450567e-01
1.000000000000000000e+00
9.464285714285713969e-01
9.799999999999999822e-01
9.855072463768116409e-01
9.622641509433962348e-01
9.599999999999999645e-01
9.423076923076922906e-01
9.855072463768116409e-01
9.841269841269840724e-01
9.714285714285714191e-01
1.000000000000000000e+00
9.833333333333332815e-01
9.558823529411765163e-01
9.836065573770491621e-01
9.843750000000000000e-01
9.655172413793103869e-01
9.565217391304348116e-01
9.843750000000000000e-01
1.000000000000000000e+00
9.830508474576271638e-01
9.393939393939394478e-01
9.354838709677418818e-01
9.622641509433962348e-01
9.850746268656715987e-01
9.545454545454545858e-01
1.000000000000000000e+00
9.843750000000000000e-01
9.636363636363636243e-01
9.836065573770491621e-01
9.830508474576271638e-01
9.649122807017543879e-01
9.636363636363636243e-01
1.000000000000000000e+00
9.841269841269840724e-01
9.482758620689655249e-01
9.843750000000000000e-01
1.000000000000000000e+00
9.836065573770491621e-01
9.833333333333332815e-01
9.636363636363636243e-01
1.000000000000000000e+00
1.000000000000000000e+00
9.649122807017543879e-01
9.811320754716981174e-01
1.000000000000000000e+00
9.821428571428570953e-01
9.838709677419354982e-01
9.692307692307692291e-01
9.687500000000000000e-01
9.677419354838709964e-01
9.782608695652174058e-01
9.672131147540983243e-01
9.836065573770491621e-01
9.411764705882352811e-01
9.705882352941176405e-01
9.855072463768116409e-01
9.811320754716981174e-01
9.411764705882352811e-01
9.827586206896551380e-01
1.000000000000000000e+00
9.814814814814815103e-01
1.000000000000000000e+00
1.000000000000000000e+00
9.811320754716981174e-01
9.830508474576271638e-01
9.692307692307692291e-01
9.677419354838709964e-01
9.508196721311474864e-01
9.830508474576271638e-01
9.818181818181818121e-01
9.649122807017543879e-01
9.857142857142857650e-01
1.000000000000000000e+00
1.000000000000000000e+00
1.000000000000000000e+00
9.454545454545454364e-01
9.814814814814815103e-01
9.531250000000000000e-01
9.310344827586206629e-01
9.838709677419354982e-01
1.000000000000000000e+00
9.701492537313433084e-01
9.672131147540983243e-01
1.000000000000000000e+00
1.000000000000000000e+00
9.552238805970149071e-01
9.642857142857143016e-01
9.850746268656715987e-01
9.807692307692307265e-01
9.692307692307692291e-01
9.687500000000000000e-01
9.848484848484848619e-01
9.636363636363636243e-01
9.836065573770491621e-01
9.130434782608695121e-01
9.692307692307692291e-01
9.473684210526315264e-01
9.531250000000000000e-01
1.000000000000000000e+00
9.859154929577464976e-01
1.000000000000000000e+00
9.677419354838709964e-01
9.705882352941176405e-01
9.642857142857143016e-01
9.531250000000000000e-01
9.843750000000000000e-01
9.726027397260273988e-01
1.000000000000000000e+00
9.599999999999999645e-01
9.508196721311474864e-01
1.000000000000000000e+00
9.636363636363636243e-01
1.000000000000000000e+00
9.846153846153846700e-01
1.000000000000000000e+00
9.571428571428571841e-01
9.491525423728813804e-01
9.852941176470588758e-01
9.423076923076922906e-01
9.571428571428571841e-01
1.000000000000000000e+00
1.000000000000000000e+00
9.508196721311474864e-01
1.000000000000000000e+00
1.000000000000000000e+00
9.508196721311474864e-01
9.473684210526315264e-01
1.000000000000000000e+00
1.000000000000000000e+00
1.000000000000000000e+00
1.000000000000000000e+00
9.677419354838709964e-01
9.599999999999999645e-01
9.558823529411765163e-01
9.852941176470588758e-01
9.811320754716981174e-01
9.464285714285713969e-01
1.000000000000000000e+00
9.836065573770491621e-01
1.000000000000000000e+00
9.545454545454545858e-01
9.253731343283582156e-01
9.803921568627450567e-01
9.846153846153846700e-01
1.000000000000000000e+00
9.629629629629629095e-01
9.672131147540983243e-01
9.818181818181818121e-01
9.850746268656715987e-01
9.841269841269840724e-01
1.000000000000000000e+00
9.636363636363636243e-01
9.859154929577464976e-01
9.491525423728813804e-01
9.850746268656715987e-01
9.821428571428570953e-01
9.636363636363636243e-01
9.538461538461538991e-01
1.000000000000000000e+00
9.791666666666666297e-01
9.824561403508771384e-01
9.843750000000000000e-01
9.622641509433962348e-01
1.000000000000000000e+00
1.000000000000000000e+00
9.661016949152542166e-01
9.836065573770491621e-01
9.864864864864865135e-01
9.830508474576271638e-01
9.827586206896551380e-01
9.838709677419354982e-01
1.000000000000000000e+00
9.814814814814815103e-01
9.827586206896551380e-01
9.814814814814815103e-01
9.692307692307692291e-01
9.827586206896551380e-01
9.846153846153846700e-01
1.000000000000000000e+00
9.864864864864865135e-01
9.705882352941176405e-01
9.444444444444444198e-01
9.682539682539682557e-01
9.655172413793103869e-01
9.846153846153846700e-01
1.000000000000000000e+00
1.000000000000000000e+00
1.000000000000000000e+00
1.000000000000000000e+00
9.807692307692307265e-01
9.836065573770491621e-01
9.833333333333332815e-01
1.000000000000000000e+00
1.000000000000000000e+00
9.710144927536231707e-01
9.696969696969697239e-01
9.836065573770491621e-01
9.499999999999999556e-01
9.591836734693877098e-01
9.821428571428570953e-01
9.701492537313433084e-01
9.642857142857143016e-01
1.000000000000000000e+00
1.000000000000000000e+00
9.677419354838709964e-01
9.666666666666666741e-01
9.843750000000000000e-01
1.000000000000000000e+00
9.838709677419354982e-01
9.677419354838709964e-01
9.818181818181818121e-01
9.705882352941176405e-01
1.000000000000000000e+00
9.714285714285714191e-01
9.827586206896551380e-01
9.811320754716981174e-01
1.000000000000000000e+00
9.672131147540983243e-01
1.000000000000000000e+00
9.841269841269840724e-01
9.622641509433962348e-01
1.000000000000000000e+00
9.848484848484848619e-01
9.830508474576271638e-01
9.594594594594594295e-01
9.583333333333333703e-01
9.846153846153846700e-01
9.830508474576271638e-01
9.836065573770491621e-01
1.000000000000000000e+00
9.714285714285714191e-01
1.000000000000000000e+00
1.000000000000000000e+00
1.000000000000000000e+00
9.841269841269840724e-01
1.000000000000000000e+00
9.818181818181818121e-01
9.649122807017543879e-01
9.705882352941176405e-01
9.589041095890410427e-01
9.491525423728813804e-01
1.000000000000000000e+00
9.843750000000000000e-01
9.607843137254902244e-01
9.649122807017543879e-01
9.701492537313433084e-01
9.824561403508771384e-01
9.818181818181818121e-01
9.393939393939394478e-01
1.000000000000000000e+00
9.384615384615384581e-01
9.838709677419354982e-01
9.344262295081967595e-01
9.649122807017543879e-01
9.852941176470588758e-01
1.000000000000000000e+00
9.836065573770491621e-01
9.677419354838709964e-01
9.375000000000000000e-01
9.833333333333332815e-01
9.811320754716981174e-01
9.824561403508771384e-01
9.558823529411765163e-01
9.852941176470588758e-01
9.846153846153846700e-01
9.701492537313433084e-01
9.848484848484848619e-01
1.000000000000000000e+00
9.672131147540983243e-01
9.016393442622950838e-01
9.622641509433962348e-01
9.687500000000000000e-01
1.000000000000000000e+00
9.841269841269840724e-01
9.824561403508771384e-01
1.000000000000000000e+00
9.399999999999999467e-01
9.508196721311474864e-01
1.000000000000000000e+00
9.827586206896551380e-01
9.710144927536231707e-01
9.833333333333332815e-01
9.811320754716981174e-01
1.000000000000000000e+00
1.000000000000000000e+00
9.365079365079365115e-01
9.531250000000000000e-01
9.682539682539682557e-01
9.848484848484848619e-01
9.565217391304348116e-01
9.516129032258064946e-01
9.818181818181818121e-01
9.661016949152542166e-01
1.000000000000000000e+00
9.558823529411765163e-01
9.508196721311474864e-01
9.807692307692307265e-01
1.000000000000000000e+00
9.491525423728813804e-01
9.473684210526315264e-01
1.000000000000000000e+00
1.000000000000000000e+00
9.799999999999999822e-01
9.661016949152542166e-01
1.000000000000000000e+00
9.846153846153846700e-01
1.000000000000000000e+00
9.846153846153846700e-01
1.000000000000000000e+00
9.811320754716981174e-01
1.000000000000000000e+00
9.843750000000000000e-01
9.687500000000000000e-01
9.649122807017543879e-01
9.384615384615384581e-01
9.661016949152542166e-01
9.818181818181818121e-01
9.565217391304348116e-01
9.682539682539682557e-01
9.843750000000000000e-01
9.516129032258064946e-01
1.000000000000000000e+00
9.636363636363636243e-01
1.000000000000000000e+00
9.821428571428570953e-01
9.799999999999999822e-01
9.464285714285713969e-01
9.682539682539682557e-01
1.000000000000000000e+00
1.000000000000000000e+00
9.714285714285714191e-01
9.642857142857143016e-01
1.000000000000000000e+00
9.655172413793103869e-01
9.649122807017543879e-01
1.000000000000000000e+00
9.830508474576271638e-01
9.846153846153846700e-01
1.000000000000000000e+00
9.354838709677418818e-01
1.000000000000000000e+00
9.629629629629629095e-01
9.830508474576271638e-01
9.523809523809523281e-01
9.850746268656715987e-01
1.000000000000000000e+00
9.672131147540983243e-01
9.850746268656715987e-01
9.824561403508771384e-01
1.000000000000000000e+00
9.852941176470588758e-01
9.714285714285714191e-01
1.000000000000000000e+00
1.000000000000000000e+00
1.000000000000000000e+00
9.830508474576271638e-01
9.838709677419354982e-01
9.375000000000000000e-01
9.705882352941176405e-01
9.705882352941176405e-01
9.687500000000000000e-01
1.000000000000000000e+00
9.545454545454545858e-01
9.824561403508771384e-01
9.807692307692307265e-01
9.799999999999999822e-01
1.000000000000000000e+00
1.000000000000000000e+00
1.000000000000000000e+00
9.636363636363636243e-01
1.000000000000000000e+00
9.850746268656715987e-01
9.661016949152542166e-01
1.000000000000000000e+00
9.836065573770491621e-01
9.799999999999999822e-01
1.000000000000000000e+00
9.253731343283582156e-01
1.000000000000000000e+00
1.000000000000000000e+00
9.531250000000000000e-01
9.538461538461538991e-01
9.423076923076922906e-01
1.000000000000000000e+00
9.814814814814815103e-01
9.824561403508771384e-01
9.322033898305084332e-01
9.830508474576271638e-01
1.000000000000000000e+00
1.000000000000000000e+00
9.649122807017543879e-01
9.866666666666666918e-01
9.868421052631578538e-01
9.508196721311474864e-01
9.830508474576271638e-01
9.682539682539682557e-01
9.836065573770491621e-01
1.000000000000000000e+00
9.491525423728813804e-01
9.850746268656715987e-01
9.655172413793103869e-01
1.000000000000000000e+00
9.610389610389610260e-01
9.499999999999999556e-01
1.000000000000000000e+00
9.629629629629629095e-01
9.836065573770491621e-01
9.843750000000000000e-01
1.000000000000000000e+00
9.833333333333332815e-01
9.830508474576271638e-01
9.838709677419354982e-01
9.787234042553191182e-01
1.000000000000000000e+00
1.000000000000000000e+00
9.649122807017543879e-01
9.642857142857143016e-01
1.000000000000000000e+00
9.830508474576271638e-01
9.859154929577464976e-01
1.000000000000000000e+00
1.000000000000000000e+00
1.000000000000000000e+00
1.000000000000000000e+00
1.000000000000000000e+00
9.841269841269840724e-01
1.000000000000000000e+00
9.285714285714286031e-01
9.799999999999999822e-01
9.833333333333332815e-01
9.838709677419354982e-01
9.824561403508771384e-01
9.814814814814815103e-01
1.000000000000000000e+00
9.838709677419354982e-01
9.833333333333332815e-01
1.000000000000000000e+00
9.661016949152542166e-01
9.666666666666666741e-01
9.666666666666666741e-01
9.538461538461538991e-01
9.649122807017543879e-01
9.803921568627450567e-01
1.000000000000000000e+00
9.850746268656715987e-01
9.420289855072463414e-01
9.836065573770491621e-01
9.482758620689655249e-01
9.821428571428570953e-01
9.833333333333332815e-01
1.000000000000000000e+00
1.000000000000000000e+00
9.821428571428570953e-01
9.811320754716981174e-01
9.122807017543859143e-01
9.399999999999999467e-01
9.807692307692307265e-01
9.687500000000000000e-01
9.649122807017543879e-01
1.000000000000000000e+00
9.714285714285714191e-01
1.000000000000000000e+00
9.672131147540983243e-01
9.833333333333332815e-01
1.000000000000000000e+00
1.000000000000000000e+00
1.000000000000000000e+00
9.836065573770491621e-01
9.411764705882352811e-01
9.242424242424241987e-01
9.523809523809523281e-01
9.672131147540983243e-01
1.000000000000000000e+00
9.838709677419354982e-01
9.846153846153846700e-01
9.696969696969697239e-01
9.705882352941176405e-01
9.841269841269840724e-01
1.000000000000000000e+00
9.599999999999999645e-01
9.523809523809523281e-01
9.655172413793103869e-01
1.000000000000000000e+00
1.000000000000000000e+00
9.824561403508771384e-01
9.583333333333333703e-01
1.000000000000000000e+00
9.836065573770491621e-01
9.666666666666666741e-01
9.818181818181818121e-01
1.000000000000000000e+00
9.848484848484848619e-01
9.642857142857143016e-01
9.482758620689655249e-01
9.818181818181818121e-01
9.814814814814815103e-01
1.000000000000000000e+00
9.615384615384615641e-01
9.833333333333332815e-01
1.000000000000000000e+00
9.857142857142857650e-01
9.677419354838709964e-01
9.846153846153846700e-01
9.629629629629629095e-01
9.836065573770491621e-01
9.344262295081967595e-01
9.666666666666666741e-01
1.000000000000000000e+00
1.000000000000000000e+00
9.818181818181818121e-01
9.516129032258064946e-01
9.636363636363636243e-01
1.000000000000000000e+00
9.642857142857143016e-01
1.000000000000000000e+00
9.827586206896551380e-01
9.629629629629629095e-01
1.000000000000000000e+00
9.841269841269840724e-01
9.682539682539682557e-01
9.661016949152542166e-01
9.322033898305084332e-01
9.574468085106383475e-01
9.499999999999999556e-01
9.577464788732393819e-01
9.807692307692307265e-01
1.000000000000000000e+00
1.000000000000000000e+00
9.672131147540983243e-01
1.000000000000000000e+00
9.107142857142856984e-01
9.464285714285713969e-01
1.000000000000000000e+00
1.000000000000000000e+00
9.245283018867924696e-01
9.661016949152542166e-01
9.850746268656715987e-01
9.827586206896551380e-01
9.861111111111111605e-01
9.687500000000000000e-01
9.218750000000000000e-01
9.523809523809523281e-01
9.423076923076922906e-01
9.491525423728813804e-01
9.655172413793103869e-01
1.000000000000000000e+00
9.433962264150943522e-01
9.545454545454545858e-01
9.841269841269840724e-01
9.833333333333332815e-01
9.814814814814815103e-01
1.000000000000000000e+00
9.787234042553191182e-01
9.672131147540983243e-01
9.852941176470588758e-01
9.344262295081967595e-01
1.000000000000000000e+00
9.375000000000000000e-01
9.803921568627450567e-01
9.701492537313433084e-01
9.629629629629629095e-01
9.838709677419354982e-01
9.423076923076922906e-01
9.814814814814815103e-01
1.000000000000000000e+00
9.636363636363636243e-01
1.000000000000000000e+00
1.000000000000000000e+00
1.000000000000000000e+00
9.833333333333332815e-01
9.740259740259740173e-01
9.814814814814815103e-01
9.682539682539682557e-01
1.000000000000000000e+00
9.875000000000000444e-01
9.672131147540983243e-01
9.833333333333332815e-01
9.836065573770491621e-01
9.848484848484848619e-01
1.000000000000000000e+00
