7.868852459016393297e-01
7.787234042553191626e-01
8.204081632653060785e-01
8.340248962655602005e-01
8.057851239669421295e-01
8.506224066390041250e-01
8.140495867768594573e-01
8.060344827586206629e-01
8.455284552845528934e-01
8.916666666666667185e-01
8.347107438016528880e-01
8.395061728395061262e-01
8.340425531914893442e-01
8.114754098360655865e-01
7.782426778242678145e-01
7.983539094650206058e-01
8.535564853556485421e-01
8.499999999999999778e-01
8.663793103448276245e-01
8.262711864406779849e-01
7.820512820512820484e-01
8.340248962655602005e-01
8.353413654618473405e-01
7.918367346938774975e-01
8.811475409836065920e-01
8.565400843881856296e-01
8.042553191489362208e-01
8.232758620689655249e-01
8.050847457627118287e-01
8.333333333333333703e-01
8.423236514522821627e-01
7.619047619047618625e-01
8.122448979591836427e-01
8.016194331983805821e-01
7.803921568627451011e-01
8.483606557377049162e-01
7.500000000000000000e-01
7.198275862068965747e-01
7.983870967741935054e-01
7.966804979253111485e-01
8.067226890756302726e-01
8.366533864541833010e-01
8.218623481781376361e-01
7.658730158730159276e-01
8.333333333333333703e-01
8.326530612244897878e-01
8.525896414342629681e-01
8.162393162393162260e-01
8.623481781376518551e-01
8.120000000000000551e-01
8.606557377049179891e-01
8.170212765957446388e-01
7.857142857142856984e-01
8.122448979591836427e-01
8.340080971659918907e-01
8.359999999999999654e-01
8.048780487804878536e-01
8.688524590163934080e-01
7.975708502024291269e-01
8.489795918367346594e-01
8.000000000000000444e-01
7.890295358649789259e-01
8.326530612244897878e-01
8.354430379746835555e-01
8.512396694214876547e-01
7.923728813559322015e-01
8.163265306122449161e-01
8.427947598253274775e-01
8.007968127490039389e-01
8.438818565400844074e-01
8.083333333333333481e-01
8.306451612903226200e-01
8.177966101694915668e-01
8.312236286919830741e-01
7.711864406779661563e-01
8.244897959183673519e-01
8.109243697478991653e-01
7.991803278688525136e-01
8.200836820083682310e-01
8.414634146341463117e-01
8.305084745762711940e-01
8.181818181818182323e-01
8.744769874476987503e-01
7.886178861788617489e-01
8.048780487804878536e-01
8.471074380165288797e-01
8.151260504201680579e-01
8.780487804878048808e-01
7.983539094650206058e-01
8.249999999999999556e-01
8.477366255144033191e-01
8.380566801619433459e-01
8.683127572016461349e-01
8.264462809917355601e-01
8.313253012048192891e-01
8.320312500000000000e-01
7.845528455284552782e-01
7.991967871485943231e-01
8.458333333333333259e-01
8.249999999999999556e-01
8.333333333333333703e-01
8.235294117647058432e-01
8.140495867768594573e-01
7.813765182186235281e-01
8.114754098360655865e-01
7.931034482758620996e-01
8.425531914893616969e-01
8.699186991869918284e-01
8.333333333333333703e-01
8.060344827586206629e-01
8.095238095238095344e-01
8.284518828451883365e-01
8.559670781893004010e-01
8.208333333333333037e-01
8.765432098765432167e-01
7.881355932203389925e-01
8.166666666666666519e-01
8.076923076923077094e-01
8.218623481781376361e-01
8.467741935483871218e-01
7.787234042553191626e-01
8.033472803347280200e-01
8.771186440677966045e-01
8.242677824267782283e-01
8.599999999999999867e-01
8.630705394190871793e-01
8.112449799196786993e-01
8.049792531120332217e-01
8.290598290598291120e-01
8.708333333333333481e-01
8.166666666666666519e-01
8.577405857740585393e-01
8.148148148148147696e-01
8.541666666666666297e-01
8.634538152610441442e-01
7.551867219917012264e-01
8.244897959183673519e-01
8.530612244897959329e-01
9.036144578313253239e-01
7.903225806451612545e-01
8.416666666666666741e-01
7.933884297520661377e-01
8.135593220338983578e-01
7.966101694915254106e-01
8.360655737704918433e-01
8.427419354838709964e-01
7.967479674796748013e-01
8.007968127490039389e-01
8.493723849372385448e-01
8.170731707317072656e-01
8.097165991902833815e-01
8.218623481781376361e-01
8.016528925619834656e-01
8.760683760683760646e-01
7.925311203319501674e-01
8.220338983050847759e-01
7.838983050847457834e-01
8.255319148936169915e-01
8.367346938775510612e-01
8.154506437768240801e-01
7.874999999999999778e-01
8.708333333333333481e-01
8.709677419354838745e-01
8.099173553719007934e-01
8.760330578512396382e-01
8.114754098360655865e-01
8.600823045267489420e-01
7.943548387096773800e-01
8.230088495575220708e-01
8.811475409836065920e-01
8.410041841004184393e-01
9.055118110236219930e-01
7.975708502024291269e-01
8.395061728395061262e-01
8.207171314741036339e-01
8.547008547008546619e-01
8.414096916299559359e-01
8.691983122362869629e-01
8.362068965517240882e-01
8.008474576271186196e-01
8.474576271186440302e-01
8.432203389830508211e-01
8.067226890756302726e-01
8.305084745762711940e-01
7.773279352226720729e-01
7.914893617021276917e-01
8.312236286919830741e-01
8.518518518518518601e-01
8.065843621399176877e-01
8.095238095238095344e-01
8.318965517241379004e-01
9.190283400809716730e-01
8.223140495867768962e-01
7.890295358649789259e-01
8.347457627118644030e-01
8.333333333333333703e-01
8.666666666666666963e-01
8.109243697478991653e-01
8.828451882845188559e-01
8.983050847457627608e-01
8.033472803347280200e-01
7.777777777777777901e-01
7.564102564102563875e-01
8.542510121457489447e-01
7.907949790794979172e-01
8.416666666666666741e-01
8.305084745762711940e-01
8.057851239669421295e-01
8.512396694214876547e-01
8.073770491803278215e-01
8.445378151260504174e-01
8.333333333333333703e-01
7.736625514403292492e-01
8.075313807531381283e-01
8.502024291497976005e-01
7.974683544303797778e-01
8.032786885245901676e-01
7.773109243697479132e-01
7.796610169491525744e-01
8.185483870967742437e-01
8.148148148148147696e-01
8.255319148936169915e-01
8.436213991769547782e-01
8.291666666666667185e-01
8.291666666666667185e-01
8.518518518518518601e-01
8.099173553719007934e-01
8.193277310924369505e-01
8.429752066115702158e-01
8.524590163934425702e-01
8.008298755186722406e-01
8.025210084033613800e-01
8.185840707964602281e-01
8.565573770491803351e-01
8.347457627118644030e-01
8.192771084337349130e-01
8.464730290456431439e-01
8.025210084033613800e-01
8.972332015810277062e-01
8.912133891213389614e-01
8.818565400843881852e-01
7.905982905982905651e-01
8.089430894308943243e-01
8.484848484848485084e-01
8.155737704918032405e-01
8.083333333333333481e-01
8.170731707317072656e-01
8.264462809917355601e-01
8.661087866108786448e-01
8.249999999999999556e-01
7.899159663865545911e-01
8.155737704918032405e-01
8.645418326693227185e-01
7.782258064516128782e-01
8.481012658227847778e-01
8.423236514522821627e-01
8.347457627118644030e-01
8.277310924369747358e-01
8.166666666666666519e-01
8.170212765957446388e-01
8.078602620087336206e-01
8.189300411522634215e-01
8.389830508474576121e-01
7.820512820512820484e-01
8.765957446808511078e-01
8.347107438016528880e-01
8.016194331983805821e-01
8.719999999999999973e-01
8.076923076923077094e-01
7.959183673469387710e-01
8.293650793650794162e-01
8.714859437751003579e-01
8.636363636363636465e-01
8.319672131147540783e-01
8.095238095238095344e-01
7.960000000000000409e-01
8.540772532188841693e-01
8.109243697478991653e-01
7.935222672064777827e-01
7.666666666666667185e-01
8.734693877551020780e-01
8.389830508474576121e-01
8.464730290456431439e-01
8.414634146341463117e-01
8.312757201646090444e-01
8.382978723404255206e-01
8.016528925619834656e-01
8.649789029535864815e-01
8.177966101694915668e-01
8.223140495867768962e-01
7.851239669421488099e-01
7.901234567901234129e-01
8.292682926829267887e-01
8.042553191489362208e-01
8.049792531120332217e-01
8.204081632653060785e-01
7.812500000000000000e-01
8.487394957983193100e-01
7.914893617021276917e-01
8.178137651821861809e-01
8.217391304347826386e-01
7.842323651452282052e-01
8.312236286919830741e-01
8.393574297188755029e-01
8.577405857740585393e-01
8.232931726907630754e-01
8.583690987124463767e-01
8.504273504273504036e-01
7.975708502024291269e-01
8.495934959349593640e-01
8.075313807531381283e-01
7.925311203319501674e-01
7.890295358649789259e-01
8.595041322314049825e-01
7.925311203319501674e-01
8.388429752066115519e-01
8.059071729957806296e-01
8.547717842323651061e-01
8.091286307053942028e-01
8.641975308641974829e-01
8.312236286919830741e-01
8.050847457627118287e-01
8.844621513944223024e-01
7.428571428571428825e-01
7.950819672131147486e-01
8.220338983050847759e-01
8.541666666666666297e-01
8.454935622317596433e-01
8.087649402390437725e-01
7.622950819672130729e-01
8.284518828451883365e-01
8.912133891213389614e-01
7.796610169491525744e-01
8.208333333333333037e-01
8.049792531120332217e-01
8.050847457627118287e-01
8.530612244897959329e-01
8.623481781376518551e-01
8.162393162393162260e-01
7.611336032388663630e-01
8.518518518518518601e-01
7.540983606557376540e-01
8.181818181818182323e-01
8.760683760683760646e-01
8.249999999999999556e-01
7.974683544303797778e-01
7.845528455284552782e-01
8.776371308016878148e-01
8.211382113821138473e-01
8.000000000000000444e-01
7.782258064516128782e-01
8.458333333333333259e-01
8.606557377049179891e-01
8.765957446808511078e-01
8.454935622317596433e-01
7.894736842105263275e-01
8.312757201646090444e-01
8.685258964143426352e-01
8.536585365853658347e-01
8.818565400843881852e-01
8.821138211382113514e-01
8.284518828451883365e-01
7.795918367346938993e-01
8.630705394190871793e-01
8.237704918032786594e-01
8.454935622317596433e-01
8.227848101265823333e-01
8.387096774193548709e-01
8.376068376068376287e-01
8.375000000000000222e-01
7.759336099585062430e-01
8.049792531120332217e-01
8.000000000000000444e-01
8.146551724137931494e-01
8.405172413793103869e-01
8.625000000000000444e-01
8.215767634854771462e-01
8.181818181818182323e-01
8.353909465020575853e-01
7.795918367346938993e-01
8.275862068965517127e-01
8.348214285714286031e-01
8.050847457627118287e-01
8.489795918367346594e-01
7.975206611570248016e-01
8.471074380165288797e-01
8.477366255144033191e-01
8.427419354838709964e-01
8.347457627118644030e-01
7.991631799163180228e-01
8.376068376068376287e-01
8.362068965517240882e-01
7.887931034482759118e-01
8.033472803347280200e-01
8.836206896551723755e-01
8.196721311475410054e-01
8.130081300813007950e-01
8.119658119658119677e-01
8.542510121457489447e-01
8.516949152542372392e-01
7.704918032786884918e-01
8.559322033898305593e-01
7.786885245901639108e-01
8.143459915611814814e-01
8.658008658008657932e-01
7.740585774058577062e-01
7.881355932203389925e-01
8.512396694214876547e-01
8.244897959183673519e-01
9.079497907949790614e-01
7.991452991452991927e-01
8.750000000000000000e-01
8.237704918032786594e-01
8.008298755186722406e-01
8.685258964143426352e-01
8.244897959183673519e-01
8.235294117647058432e-01
7.510373443983402453e-01
8.049792531120332217e-01
8.512396694214876547e-01
8.059071729957806296e-01
8.514056224899598790e-01
8.518518518518518601e-01
8.408163265306122236e-01
8.306451612903226200e-01
8.666666666666666963e-01
8.346456692913385433e-01
8.473895582329317167e-01
7.991631799163180228e-01
8.148148148148147696e-01
7.983539094650206058e-01
8.536585365853658347e-01
8.073770491803278215e-01
8.132780082987551840e-01
8.478260869565217295e-01
8.067226890756302726e-01
8.158995815899581228e-01
8.619246861924686476e-01
8.634361233480176701e-01
8.612244897959183687e-01
8.535564853556485421e-01
8.514056224899598790e-01
7.966804979253111485e-01
7.967479674796748013e-01
8.242677824267782283e-01
8.340080971659918907e-01
7.333333333333332815e-01
8.305785123966942241e-01
7.974137931034482873e-01
8.588709677419354982e-01
8.353909465020575853e-01
8.826086956521739246e-01
7.983539094650206058e-01
8.225806451612903691e-01
8.333333333333333703e-01
7.676348547717842807e-01
8.433734939759036653e-01
7.939914163090128207e-01
8.381742738589211816e-01
8.366533864541833010e-01
8.181818181818182323e-01
8.249999999999999556e-01
8.215767634854771462e-01
8.658536585365853577e-01
8.360655737704918433e-01
7.541666666666666519e-01
8.713692946058091415e-01
8.117154811715481255e-01
8.008474576271186196e-01
8.479999999999999760e-01
7.943548387096773800e-01
8.326359832635983338e-01
8.614718614718614997e-01
8.215767634854771462e-01
8.708333333333333481e-01
7.634854771784231886e-01
8.319999999999999618e-01
8.119658119658119677e-01
8.204081632653060785e-01
8.075313807531381283e-01
8.898305084745762317e-01
7.676348547717842807e-01
8.189655172413793371e-01
8.085106382978722861e-01
8.436213991769547782e-01
7.974683544303797778e-01
8.619246861924686476e-01
8.033472803347280200e-01
8.193277310924369505e-01
8.548387096774193727e-01
8.683127572016461349e-01
8.931623931623932089e-01
7.894736842105263275e-01
8.189655172413793371e-01
8.474576271186440302e-01
8.499999999999999778e-01
8.101265822784810000e-01
8.132780082987551840e-01
8.048780487804878536e-01
8.277310924369747358e-01
8.065843621399176877e-01
8.130081300813007950e-01
8.040816326530612068e-01
8.000000000000000444e-01
8.416666666666666741e-01
8.305084745762711940e-01
8.432203389830508211e-01
7.531380753138074979e-01
7.890295358649789259e-01
8.595041322314049825e-01
8.548387096774193727e-01
7.950819672131147486e-01
8.406374501992032178e-01
8.346456692913385433e-01
7.854077253218884058e-01
8.542510121457489447e-01
8.669527896995707916e-01
8.518518518518518601e-01
8.553191489361702260e-01
8.828451882845188559e-01
8.264462809917355601e-01
8.166666666666666519e-01
8.284518828451883365e-01
7.966101694915254106e-01
8.318965517241379004e-01
8.032786885245901676e-01
8.893617021276595258e-01
8.185654008438818519e-01
8.114754098360655865e-01
8.458333333333333259e-01
8.499999999999999778e-01
8.375000000000000222e-01
7.957446808510638681e-01
8.600823045267489420e-01
8.163265306122449161e-01
8.135593220338983578e-01
8.370044052863435668e-01
8.319327731092437395e-01
8.454935622317596433e-01
8.729508196721311730e-01
8.232758620689655249e-01
8.143459915611814814e-01
7.520661157024793875e-01
8.477366255144033191e-01
7.929515418502202095e-01
7.931034482758620996e-01
8.398268398268398105e-01
8.719008264462809743e-01
8.780487804878048808e-01
8.541666666666666297e-01
8.445378151260504174e-01
8.340425531914893442e-01
8.454935622317596433e-01
7.892561983471074738e-01
8.504273504273504036e-01
8.559670781893004010e-01
8.493723849372385448e-01
7.933884297520661377e-01
8.632478632478632896e-01
8.170731707317072656e-01
8.540772532188841693e-01
8.708333333333333481e-01
8.127659574468084624e-01
8.438818565400844074e-01
8.467741935483871218e-01
8.489795918367346594e-01
8.481012658227847778e-01
8.388429752066115519e-01
8.099173553719007934e-01
7.916666666666666297e-01
8.376068376068376287e-01
8.025751072961373467e-01
8.347107438016528880e-01
8.252032520325203180e-01
8.089430894308943243e-01
8.111587982832617616e-01
8.297872340425531679e-01
8.235294117647058432e-01
8.423236514522821627e-01
8.775510204081632404e-01
7.735042735042735318e-01
8.278688524590164244e-01
7.983193277310924874e-01
8.479999999999999760e-01
8.299595141700404355e-01
8.192771084337349130e-01
7.667984189723320299e-01
7.842323651452282052e-01
8.262711864406779849e-01
8.401639344262294973e-01
8.207171314741036339e-01
8.486055776892430513e-01
8.589743589743589203e-01
8.057851239669421295e-01
8.360655737704918433e-01
7.991967871485943231e-01
8.375000000000000222e-01
8.369098712446352284e-01
8.623481781376518551e-01
8.368200836820083310e-01
9.029535864978902593e-01
7.782426778242678145e-01
8.468085106382978733e-01
8.607594936708861111e-01
8.433734939759036653e-01
8.340080971659918907e-01
8.145161290322581182e-01
8.232931726907630754e-01
8.249999999999999556e-01
8.283261802575107025e-01
7.735042735042735318e-01
8.033472803347280200e-01
8.196721311475410054e-01
8.333333333333333703e-01
8.471074380165288797e-01
8.734177215189873333e-01
8.934426229508196649e-01
7.907949790794979172e-01
8.632478632478632896e-01
7.983539094650206058e-01
7.883817427385891863e-01
7.975206611570248016e-01
8.543307086614173596e-01
8.965517241379310498e-01
8.125000000000000000e-01
7.629310344827586743e-01
8.451882845188284366e-01
8.137651821862348367e-01
7.748917748917748538e-01
8.410041841004184393e-01
8.235294117647058432e-01
8.125000000000000000e-01
7.588932806324110159e-01
8.565573770491803351e-01
8.049792531120332217e-01
8.163265306122449161e-01
7.302904564315352287e-01
8.305785123966942241e-01
8.040816326530612068e-01
8.057851239669421295e-01
8.464730290456431439e-01
8.524590163934425702e-01
8.629032258064516236e-01
8.068669527896995541e-01
8.547717842323651061e-01
8.729508196721311730e-01
8.368200836820083310e-01
7.892561983471074738e-01
8.595041322314049825e-01
8.049792531120332217e-01
7.974137931034482873e-01
8.106995884773662286e-01
8.292682926829267887e-01
8.410041841004184393e-01
8.120000000000000551e-01
7.933884297520661377e-01
8.512396694214876547e-01
8.170212765957446388e-01
8.376068376068376287e-01
8.185483870967742437e-01
8.008298755186722406e-01
7.813765182186235281e-01
8.033472803347280200e-01
7.848101265822784445e-01
7.795918367346938993e-01
8.140495867768594573e-01
8.000000000000000444e-01
8.691983122362869629e-01
7.975206611570248016e-01
8.547717842323651061e-01
8.326180257510729099e-01
7.777777777777777901e-01
8.403361344537815247e-01
8.477366255144033191e-01
8.095238095238095344e-01
8.416666666666666741e-01
7.829787234042553390e-01
8.436213991769547782e-01
8.025751072961373467e-01
8.220338983050847759e-01
7.950819672131147486e-01
7.966804979253111485e-01
8.353909465020575853e-01
7.782426778242678145e-01
8.284518828451883365e-01
7.918367346938774975e-01
8.230452674897119625e-01
8.589211618257260872e-01
7.818930041152263311e-01
8.326180257510729099e-01
8.354430379746835555e-01
8.396624472573839260e-01
8.589211618257260872e-01
8.148148148148147696e-01
8.089430894308943243e-01
8.072289156626506479e-01
8.405172413793103869e-01
8.237704918032786594e-01
7.800000000000000266e-01
8.388429752066115519e-01
8.016528925619834656e-01
8.535564853556485421e-01
8.439999999999999725e-01
8.553191489361702260e-01
8.438818565400844074e-01
8.267716535433070613e-01
7.933884297520661377e-01
8.367346938775510612e-01
8.565400843881856296e-01
8.354978354978355171e-01
8.708333333333333481e-01
8.464566929133858775e-01
8.471615720524017235e-01
7.609561752988047711e-01
8.376068376068376287e-01
8.230452674897119625e-01
8.776371308016878148e-01
8.225806451612903691e-01
8.346774193548387455e-01
8.170731707317072656e-01
7.949790794979079145e-01
8.523206751054852592e-01
8.298755186721992194e-01
7.966101694915254106e-01
8.524590163934425702e-01
7.804878048780488076e-01
8.714859437751003579e-01
8.225806451612903691e-01
8.299595141700404355e-01
8.103448275862068506e-01
8.032128514056224855e-01
8.340611353711789855e-01
7.815126050420168058e-01
7.866108786610879200e-01
8.393574297188755029e-01
8.240343347639484950e-01
8.714859437751003579e-01
8.506224066390041250e-01
8.178137651821861809e-01
8.401639344262294973e-01
8.170731707317072656e-01
7.883817427385891863e-01
8.032786885245901676e-01
8.368200836820083310e-01
8.369098712446352284e-01
8.493723849372385448e-01
8.461538461538461453e-01
8.445378151260504174e-01
7.541666666666666519e-01
8.242677824267782283e-01
8.688524590163934080e-01
8.277310924369747358e-01
8.209606986899563585e-01
8.508064516129032473e-01
8.861788617886179331e-01
7.663934426229508379e-01
8.277310924369747358e-01
8.148148148148147696e-01
8.547717842323651061e-01
8.166666666666666519e-01
7.813765182186235281e-01
7.605042016806722316e-01
8.200836820083682310e-01
7.991631799163180228e-01
8.619246861924686476e-01
7.871485943775100580e-01
8.396624472573839260e-01
7.786885245901639108e-01
8.101265822784810000e-01
8.048780487804878536e-01
8.625000000000000444e-01
7.892561983471074738e-01
8.305785123966942241e-01
8.577586206896551380e-01
7.975206611570248016e-01
8.340425531914893442e-01
8.506224066390041250e-01
8.497854077253218508e-01
8.346774193548387455e-01
8.548387096774193727e-01
8.174273858921161651e-01
7.759336099585062430e-01
8.260869565217391353e-01
8.177966101694915668e-01
8.146551724137931494e-01
8.607594936708861111e-01
8.230452674897119625e-01
8.565400843881856296e-01
8.016528925619834656e-01
8.025210084033613800e-01
8.445378151260504174e-01
8.523206751054852592e-01
8.340248962655602005e-01
7.968127490039840222e-01
8.181818181818182323e-01
7.563025210084033390e-01
8.750000000000000000e-01
8.565573770491803351e-01
7.967479674796748013e-01
8.518518518518518601e-01
8.468085106382978733e-01
8.791666666666666519e-01
8.765432098765432167e-01
8.600823045267489420e-01
8.379446640316206008e-01
8.298755186721992194e-01
8.319672131147540783e-01
8.192771084337349130e-01
8.099173553719007934e-01
8.436213991769547782e-01
8.083333333333333481e-01
7.540983606557376540e-01
8.299595141700404355e-01
8.237704918032786594e-01
8.120000000000000551e-01
8.669354838709677491e-01
7.521367521367521292e-01
8.410041841004184393e-01
8.016194331983805821e-01
8.215767634854771462e-01
8.645418326693227185e-01
8.162393162393162260e-01
8.403361344537815247e-01
8.477366255144033191e-01
7.899159663865545911e-01
8.101265822784810000e-01
8.185654008438818519e-01
8.441558441558441039e-01
8.410041841004184393e-01
8.536585365853658347e-01
8.326180257510729099e-01
8.075313807531381283e-01
7.862903225806451291e-01
8.506224066390041250e-01
8.111587982832617616e-01
8.755555555555555314e-01
8.451882845188284366e-01
8.448275862068965747e-01
7.695473251028807082e-01
8.523206751054852592e-01
8.461538461538461453e-01
8.499999999999999778e-01
8.454935622317596433e-01
8.008658008658008365e-01
8.235294117647058432e-01
8.155737704918032405e-01
8.541666666666666297e-01
8.724279835390946758e-01
7.739130434782608425e-01
8.755186721991701226e-01
7.983539094650206058e-01
8.433734939759036653e-01
8.340080971659918907e-01
7.941176470588234837e-01
8.577405857740585393e-01
8.032786885245901676e-01
8.091286307053942028e-01
8.638297872340425787e-01
8.423236514522821627e-01
7.842323651452282052e-01
8.340425531914893442e-01
8.109243697478991653e-01
8.368200836820083310e-01
7.750000000000000222e-01
8.686440677966101864e-01
7.827868852459016757e-01
8.382978723404255206e-01
7.913043478260869401e-01
8.524590163934425702e-01
8.512396694214876547e-01
8.305084745762711940e-01
8.034188034188034511e-01
7.573221757322176062e-01
7.844827586206896131e-01
8.181818181818182323e-01
8.181818181818182323e-01
7.966101694915254106e-01
8.075313807531381283e-01
8.099173553719007934e-01
8.600823045267489420e-01
8.429752066115702158e-01
8.247863247863247427e-01
8.838174273858920849e-01
8.259109311740890913e-01
8.423236514522821627e-01
8.296943231441048505e-01
8.178137651821861809e-01
8.760000000000000009e-01
8.367346938775510612e-01
8.259109311740890913e-01
8.264462809917355601e-01
8.565400843881856296e-01
8.414634146341463117e-01
8.075313807531381283e-01
8.647540983606557541e-01
8.274336283185840246e-01
8.381742738589211816e-01
8.249999999999999556e-01
7.704918032786884918e-01
7.763713080168775926e-01
8.064516129032257563e-01
8.340425531914893442e-01
7.975206611570248016e-01
7.727272727272727071e-01
7.754237288135593653e-01
7.901234567901234129e-01
8.177966101694915668e-01
8.340080971659918907e-01
8.181818181818182323e-01
7.976190476190476719e-01
8.361344537815126321e-01
8.445378151260504174e-01
8.464730290456431439e-01
8.547717842323651061e-01
8.333333333333333703e-01
8.230452674897119625e-01
8.441558441558441039e-01
8.170212765957446388e-01
7.449392712550607643e-01
8.425531914893616969e-01
7.637130801687763704e-01
8.299595141700404355e-01
8.000000000000000444e-01
8.571428571428570953e-01
8.529411764705882026e-01
8.471074380165288797e-01
8.367346938775510612e-01
8.000000000000000444e-01
8.181818181818182323e-01
8.298755186721992194e-01
8.595744680851064023e-01
7.782608695652173392e-01
7.701612903225806273e-01
8.033472803347280200e-01
8.319999999999999618e-01
8.221343873517786838e-01
8.625000000000000444e-01
8.461538461538461453e-01
8.076923076923077094e-01
8.647540983606557541e-01
8.214285714285713969e-01
8.491379310344827624e-01
8.571428571428570953e-01
8.189300411522634215e-01
8.040816326530612068e-01
7.615062761506276034e-01
7.822580645161290036e-01
8.225108225108225257e-01
8.818565400843881852e-01
8.750000000000000000e-01
7.851239669421488099e-01
8.140495867768594573e-01
8.708333333333333481e-01
7.605042016806722316e-01
8.734693877551020780e-01
8.109243697478991653e-01
8.097165991902833815e-01
7.551867219917012264e-01
8.140495867768594573e-01
8.433734939759036653e-01
8.641975308641974829e-01
8.048780487804878536e-01
8.319999999999999618e-01
8.464566929133858775e-01
7.901234567901234129e-01
8.852459016393442459e-01
7.890295358649789259e-01
8.744769874476987503e-01
8.535564853556485421e-01
8.340248962655602005e-01
8.200836820083682310e-01
8.373983739837398410e-01
8.109243697478991653e-01
8.253968253968253510e-01
8.577586206896551380e-01
7.966101694915254106e-01
8.830645161290322509e-01
8.723404255319149314e-01
8.719008264462809743e-01
8.675213675213675479e-01
8.506224066390041250e-01
8.381742738589211816e-01
8.661087866108786448e-01
8.506224066390041250e-01
8.166666666666666519e-01
8.284518828451883365e-01
7.605042016806722316e-01
8.484848484848485084e-01
8.712446351931329991e-01
7.848101265822784445e-01
8.489795918367346594e-01
8.760000000000000009e-01
8.577586206896551380e-01
8.571428571428570953e-01
8.049792531120332217e-01
8.691983122362869629e-01
7.923728813559322015e-01
8.644067796610169774e-01
8.353413654618473405e-01
7.551867219917012264e-01
7.957446808510638681e-01
8.755555555555555314e-01
8.024691358024691468e-01
7.958333333333332815e-01
8.114754098360655865e-01
8.068669527896995541e-01
8.468085106382978733e-01
8.661087866108786448e-01
7.826086956521739468e-01
8.148148148148147696e-01
8.861788617886179331e-01
8.347457627118644030e-01
7.991452991452991927e-01
8.416666666666666741e-01
8.237704918032786594e-01
8.237704918032786594e-01
8.326359832635983338e-01
8.495934959349593640e-01
8.547008547008546619e-01
8.495934959349593640e-01
7.860082304526748720e-01
8.473895582329317167e-01
8.072289156626506479e-01
7.439024390243902385e-01
8.375000000000000222e-01
8.064516129032257563e-01
8.811475409836065920e-01
8.801652892561983021e-01
8.641975308641974829e-01
7.805907172995780741e-01
8.478260869565217295e-01
8.174273858921161651e-01
8.408163265306122236e-01
8.399999999999999689e-01
8.065843621399176877e-01
8.653061224489796421e-01
8.319999999999999618e-01
7.740585774058577062e-01
8.033472803347280200e-01
8.101265822784810000e-01
8.432203389830508211e-01
8.448979591836734970e-01
8.937007874015747699e-01
7.763713080168775926e-01
7.860082304526748720e-01
8.427419354838709964e-01
8.536585365853658347e-01
8.087649402390437725e-01
8.223140495867768962e-01
8.423236514522821627e-01
8.514056224899598790e-01
7.941176470588234837e-01
8.230452674897119625e-01
7.729257641921397637e-01
8.644067796610169774e-01
8.042553191489362208e-01
8.857142857142856762e-01
8.089430894308943243e-01
8.135593220338983578e-01
7.624999999999999556e-01
8.512396694214876547e-01
8.059071729957806296e-01
8.040816326530612068e-01
8.193277310924369505e-01
8.278688524590164244e-01
8.442622950819672623e-01
8.200836820083682310e-01
8.319327731092437395e-01
8.232758620689655249e-01
8.158995815899581228e-01
7.894736842105263275e-01
8.008298755186722406e-01
8.244897959183673519e-01
8.076923076923077094e-01
8.521739130434782261e-01
8.298755186721992194e-01
8.086956521739130377e-01
8.151260504201680579e-01
8.811475409836065920e-01
8.658536585365853577e-01
8.134920634920634885e-01
8.396624472573839260e-01
8.368200836820083310e-01
8.468085106382978733e-01
8.081632653061224802e-01
8.518518518518518601e-01
8.393574297188755029e-01
8.154506437768240801e-01
8.326359832635983338e-01
8.024691358024691468e-01
8.181818181818182323e-01
8.629032258064516236e-01
8.291666666666667185e-01
8.448979591836734970e-01
7.370689655172413257e-01
8.274509803921568096e-01
8.441558441558441039e-01
8.146551724137931494e-01
7.974683544303797778e-01
8.089430894308943243e-01
8.361344537815126321e-01
8.125000000000000000e-01
7.826086956521739468e-01
8.493723849372385448e-01
8.842975206611570771e-01
8.590308370044053010e-01
8.806584362139917577e-01
8.148148148148147696e-01
8.291666666666667185e-01
8.619246861924686476e-01
8.300395256916995868e-01
7.741935483870967527e-01
7.782426778242678145e-01
8.209606986899563585e-01
8.111587982832617616e-01
8.399999999999999689e-01
8.750000000000000000e-01
8.672199170124481604e-01
8.477366255144033191e-01
8.471074380165288797e-01
8.655462184873949916e-01
8.739837398373984101e-01
8.114754098360655865e-01
8.151260504201680579e-01
8.065843621399176877e-01
8.181818181818182323e-01
8.519999999999999796e-01
8.677685950413223104e-01
8.235294117647058432e-01
8.135593220338983578e-01
7.966101694915254106e-01
8.529411764705882026e-01
7.966101694915254106e-01
8.032786885245901676e-01
8.798283261802575250e-01
8.601694915254237683e-01
7.768595041322313710e-01
8.362068965517240882e-01
7.926829268292683306e-01
8.347107438016528880e-01
8.208333333333333037e-01
8.601694915254237683e-01
8.304347826086956319e-01
8.333333333333333703e-01
8.264462809917355601e-01
8.140495867768594573e-01
8.589211618257260872e-01
7.800829875518672241e-01
7.573221757322176062e-01
8.000000000000000444e-01
8.381742738589211816e-01
8.765957446808511078e-01
8.166666666666666519e-01
7.763713080168775926e-01
8.473895582329317167e-01
8.273092369477911268e-01
8.612244897959183687e-01
8.361344537815126321e-01
8.230088495575220708e-01
8.571428571428570953e-01
8.091286307053942028e-01
8.103448275862068506e-01
7.750000000000000222e-01
8.145161290322581182e-01
8.353909465020575853e-01
8.492063492063491870e-01
8.559322033898305593e-01
8.271604938271605034e-01
7.959183673469387710e-01
8.293650793650794162e-01
8.075313807531381283e-01
8.529411764705882026e-01
8.401639344262294973e-01
7.974137931034482873e-01
7.907949790794979172e-01
8.313253012048192891e-01
8.114754098360655865e-01
8.297872340425531679e-01
8.132780082987551840e-01
8.089430894308943243e-01
8.600823045267489420e-01
8.653061224489796421e-01
7.883817427385891863e-01
8.529411764705882026e-01
8.024193548387096309e-01
8.493723849372385448e-01
8.487394957983193100e-01
8.017241379310344751e-01
8.360655737704918433e-01
8.375000000000000222e-01
7.689075630252101279e-01
8.262711864406779849e-01
8.427419354838709964e-01
8.211382113821138473e-01
8.125000000000000000e-01
8.362068965517240882e-01
8.512396694214876547e-01
8.445378151260504174e-01
8.132780082987551840e-01
8.595041322314049825e-01
8.553191489361702260e-01
8.388429752066115519e-01
8.050847457627118287e-01
8.636363636363636465e-01
8.595744680851064023e-01
8.340248962655602005e-01
7.983193277310924874e-01
8.196721311475410054e-01
8.208333333333333037e-01
8.119658119658119677e-01
8.223140495867768962e-01
8.218623481781376361e-01
7.872340425531915153e-01
8.434782608695652328e-01
7.829787234042553390e-01
8.207171314741036339e-01
8.632478632478632896e-01
8.405172413793103869e-01
7.805907172995780741e-01
7.983539094650206058e-01
8.223140495867768962e-01
8.589211618257260872e-01
8.503937007874016185e-01
8.388429752066115519e-01
8.502202643171805629e-01
8.298755186721992194e-01
8.353909465020575853e-01
8.177966101694915668e-01
8.427419354838709964e-01
8.880000000000000115e-01
8.388429752066115519e-01
8.185654008438818519e-01
8.760683760683760646e-01
8.674698795180723065e-01
7.967479674796748013e-01
8.728813559322033955e-01
8.312757201646090444e-01
8.249999999999999556e-01
8.458333333333333259e-01
8.075313807531381283e-01
8.050847457627118287e-01
8.493723849372385448e-01
8.366533864541833010e-01
9.037656903765690641e-01
8.975409836065574298e-01
8.112449799196786993e-01
8.148148148148147696e-01
7.903225806451612545e-01
8.212765957446808152e-01
8.111587982832617616e-01
8.541666666666666297e-01
8.148148148148147696e-01
8.680851063829787551e-01
7.777777777777777901e-01
8.353909465020575853e-01
8.075313807531381283e-01
8.057851239669421295e-01
8.099173553719007934e-01
7.991803278688525136e-01
7.941176470588234837e-01
8.132780082987551840e-01
8.388429752066115519e-01
8.080000000000000515e-01
8.106995884773662286e-01
8.181818181818182323e-01
8.771186440677966045e-01
8.441558441558441039e-01
8.971193415637860324e-01
8.333333333333333703e-01
8.368200836820083310e-01
8.362068965517240882e-01
8.425531914893616969e-01
8.239999999999999547e-01
8.042553191489362208e-01
8.239999999999999547e-01
8.204081632653060785e-01
8.259109311740890913e-01
7.659574468085106336e-01
8.503937007874016185e-01
8.283261802575107025e-01
8.534482758620689502e-01
8.333333333333333703e-01
8.502024291497976005e-01
8.070175438596490780e-01
8.410041841004184393e-01
7.786885245901639108e-01
7.804878048780488076e-01
8.101265822784810000e-01
8.382978723404255206e-01
8.915662650602409478e-01
8.403361344537815247e-01
8.791666666666666519e-01
8.311688311688312236e-01
8.362068965517240882e-01
8.406374501992032178e-01
7.918367346938774975e-01
8.414634146341463117e-01
7.907949790794979172e-01
8.137651821862348367e-01
8.391304347826087362e-01
8.333333333333333703e-01
8.629032258064516236e-01
7.654320987654320563e-01
8.504273504273504036e-01
8.360655737704918433e-01
8.791666666666666519e-01
8.015873015873016261e-01
7.983870967741935054e-01
8.284518828451883365e-01
7.983539094650206058e-01
8.016877637130801482e-01
7.966804979253111485e-01
8.085106382978722861e-01
8.163265306122449161e-01
8.242677824267782283e-01
9.194915254237288060e-01
8.130081300813007950e-01
8.734177215189873333e-01
8.367346938775510612e-01
7.563025210084033390e-01
8.353909465020575853e-01
8.181818181818182323e-01
7.603305785123967153e-01
8.354430379746835555e-01
8.650793650793651146e-01
8.249999999999999556e-01
8.177966101694915668e-01
8.244897959183673519e-01
8.467741935483871218e-01
8.000000000000000444e-01
8.032786885245901676e-01
8.734177215189873333e-01
7.975708502024291269e-01
8.174273858921161651e-01
8.225806451612903691e-01
8.613445378151260989e-01
7.782608695652173392e-01
7.983870967741935054e-01
7.632653061224490276e-01
8.361344537815126321e-01
8.255319148936169915e-01
7.991631799163180228e-01
8.436213991769547782e-01
8.506224066390041250e-01
8.189300411522634215e-01
8.000000000000000444e-01
8.432203389830508211e-01
8.571428571428570953e-01
8.076923076923077094e-01
8.212765957446808152e-01
8.796680497925311037e-01
7.918367346938774975e-01
8.464730290456431439e-01
8.185483870967742437e-01
8.333333333333333703e-01
8.266666666666666607e-01
8.208333333333333037e-01
8.127659574468084624e-01
8.264462809917355601e-01
8.290598290598291120e-01
8.448979591836734970e-01
8.326693227091633842e-01
8.380566801619433459e-01
8.391304347826087362e-01
8.803418803418803229e-01
7.663934426229508379e-01
7.782426778242678145e-01
8.734693877551020780e-01
7.938596491228070429e-01
8.607594936708861111e-01
8.669527896995707916e-01
8.148148148148147696e-01
8.319672131147540783e-01
8.218623481781376361e-01
8.571428571428570953e-01
8.264462809917355601e-01
8.284518828451883365e-01
7.590361445783132543e-01
8.421052631578946901e-01
8.481012658227847778e-01
8.093220338983050377e-01
8.235294117647058432e-01
7.815126050420168058e-01
8.050847457627118287e-01
8.489795918367346594e-01
8.218623481781376361e-01
8.178137651821861809e-01
7.702127659574468099e-01
8.307086614173228023e-01
7.944664031620553013e-01
8.177966101694915668e-01
8.340248962655602005e-01
8.223140495867768962e-01
8.461538461538461453e-01
8.353909465020575853e-01
8.425531914893616969e-01
8.143459915611814814e-01
7.868852459016393297e-01
8.354430379746835555e-01
8.477366255144033191e-01
7.773109243697479132e-01
8.016194331983805821e-01
8.208333333333333037e-01
8.340080971659918907e-01
8.595041322314049825e-01
8.065843621399176877e-01
8.225806451612903691e-01
8.043478260869565410e-01
8.059071729957806296e-01
8.072289156626506479e-01
8.247011952191235507e-01
8.220338983050847759e-01
9.063829787234042312e-01
7.457627118644067910e-01
8.429752066115702158e-01
7.984189723320158638e-01
8.034188034188034511e-01
8.106995884773662286e-01
8.502024291497976005e-01
7.399999999999999911e-01
8.257261410788381273e-01
7.877551020408163351e-01
8.366533864541833010e-01
7.887931034482759118e-01
8.508064516129032473e-01
8.525896414342629681e-01
7.951807228915662717e-01
8.750000000000000000e-01
8.319327731092437395e-01
8.008658008658008365e-01
8.473895582329317167e-01
8.506224066390041250e-01
8.497854077253218508e-01
8.000000000000000444e-01
8.481012658227847778e-01
8.065843621399176877e-01
7.974137931034482873e-01
8.312236286919830741e-01
8.253968253968253510e-01
8.223140495867768962e-01
8.680851063829787551e-01
8.117154811715481255e-01
8.548387096774193727e-01
8.333333333333333703e-01
8.510638297872340496e-01
8.235294117647058432e-01
8.270042194092827037e-01
8.130081300813007950e-01
8.166666666666666519e-01
8.719008264462809743e-01
7.827868852459016757e-01
8.252032520325203180e-01
8.291666666666667185e-01
8.235294117647058432e-01
8.189300411522634215e-01
7.974683544303797778e-01
7.951807228915662717e-01
8.499999999999999778e-01
8.298755186721992194e-01
8.292682926829267887e-01
8.626609442060085842e-01
8.041666666666666963e-01
8.196721311475410054e-01
8.750000000000000000e-01
8.266129032258064946e-01
8.163265306122449161e-01
8.200836820083682310e-01
8.347457627118644030e-01
7.763713080168775926e-01
8.200836820083682310e-01
8.313725490196078871e-01
7.874999999999999778e-01
8.000000000000000444e-01
8.454935622317596433e-01
8.240343347639484950e-01
8.577586206896551380e-01
8.225806451612903691e-01
7.639484978540772575e-01
8.436213991769547782e-01
8.396624472573839260e-01
8.380566801619433459e-01
8.212765957446808152e-01
8.112449799196786993e-01
8.346774193548387455e-01
8.264462809917355601e-01
7.754237288135593653e-01
7.782426778242678145e-01
7.958333333333332815e-01
8.512396694214876547e-01
8.089430894308943243e-01
8.524590163934425702e-01
8.225108225108225257e-01
8.461538461538461453e-01
8.504273504273504036e-01
8.211382113821138473e-01
8.455284552845528934e-01
8.178137651821861809e-01
8.523206751054852592e-01
8.271604938271605034e-01
8.033472803347280200e-01
8.297872340425531679e-01
8.461538461538461453e-01
8.166666666666666519e-01
8.432203389830508211e-01
7.957446808510638681e-01
8.760683760683760646e-01
8.163265306122449161e-01
8.418803418803418870e-01
7.710843373493976305e-01
8.177966101694915668e-01
8.396624472573839260e-01
8.000000000000000444e-01
8.211382113821138473e-01
8.541666666666666297e-01
8.318965517241379004e-01
8.050847457627118287e-01
8.073770491803278215e-01
7.679324894514767408e-01
8.237704918032786594e-01
8.826086956521739246e-01
8.376068376068376287e-01
8.451882845188284366e-01
8.154506437768240801e-01
8.816326530612245138e-01
8.143459915611814814e-01
7.763713080168775926e-01
8.333333333333333703e-01
7.922077922077922496e-01
8.605577689243028017e-01
7.666666666666667185e-01
7.679324894514767408e-01
8.495934959349593640e-01
7.701612903225806273e-01
8.220338983050847759e-01
8.255319148936169915e-01
8.398268398268398105e-01
7.644628099173553792e-01
8.240343347639484950e-01
8.634538152610441442e-01
8.225108225108225257e-01
8.658008658008657932e-01
8.723404255319149314e-01
8.041666666666666963e-01
8.418803418803418870e-01
8.083333333333333481e-01
7.333333333333332815e-01
8.565573770491803351e-01
8.252032520325203180e-01
8.565217391304348338e-01
7.768240343347639909e-01
7.982832618025751392e-01
8.535564853556485421e-01
8.167330677290837171e-01
8.583690987124463767e-01
7.682403433476394650e-01
8.548387096774193727e-01
8.163265306122449161e-01
8.484848484848485084e-01
7.916666666666666297e-01
8.065843621399176877e-01
8.042553191489362208e-01
8.632478632478632896e-01
7.880000000000000338e-01
8.093220338983050377e-01
8.375000000000000222e-01
8.299595141700404355e-01
8.000000000000000444e-01
7.967479674796748013e-01
8.076923076923077094e-01
8.361344537815126321e-01
8.049792531120332217e-01
8.292682926829267887e-01
8.130434782608695343e-01
8.223140495867768962e-01
8.632478632478632896e-01
8.367346938775510612e-01
8.658536585365853577e-01
8.220338983050847759e-01
8.506224066390041250e-01
7.944664031620553013e-01
8.360655737704918433e-01
8.312236286919830741e-01
8.548387096774193727e-01
8.359999999999999654e-01
8.034188034188034511e-01
8.264462809917355601e-01
8.208333333333333037e-01
7.621145374449339593e-01
8.305785123966942241e-01
7.818930041152263311e-01
8.451882845188284366e-01
8.166666666666666519e-01
7.894736842105263275e-01
8.312757201646090444e-01
7.894736842105263275e-01
8.262711864406779849e-01
7.860082304526748720e-01
7.881355932203389925e-01
8.101265822784810000e-01
8.061674008810573167e-01
7.939914163090128207e-01
8.299595141700404355e-01
8.613445378151260989e-01
8.189300411522634215e-01
8.220338983050847759e-01
8.414634146341463117e-01
7.888446215139441886e-01
8.396624472573839260e-01
7.708333333333333703e-01
8.353413654618473405e-01
8.125000000000000000e-01
8.672199170124481604e-01
8.247863247863247427e-01
7.966804979253111485e-01
8.318965517241379004e-01
7.829787234042553390e-01
8.000000000000000444e-01
8.423236514522821627e-01
8.650793650793651146e-01
8.693877551020408045e-01
7.991452991452991927e-01
8.040816326530612068e-01
8.477366255144033191e-01
8.117154811715481255e-01
7.824267782426778117e-01
8.215767634854771462e-01
8.227848101265823333e-01
8.423236514522821627e-01
8.158995815899581228e-01
8.535564853556485421e-01
8.373983739837398410e-01
8.154506437768240801e-01
8.571428571428570953e-01
7.878787878787878451e-01
8.271604938271605034e-01
7.782258064516128782e-01
8.535564853556485421e-01
8.375000000000000222e-01
8.152610441767068616e-01
8.193277310924369505e-01
8.185483870967742437e-01
8.016877637130801482e-01
8.042553191489362208e-01
7.768595041322313710e-01
7.885462555066079515e-01
8.689956331877729534e-01
8.177966101694915668e-01
8.140495867768594573e-01
8.208333333333333037e-01
8.247011952191235507e-01
7.878787878787878451e-01
8.032786885245901676e-01
8.458333333333333259e-01
7.916666666666666297e-01
8.067226890756302726e-01
7.991803278688525136e-01
8.008130081300812719e-01
8.442622950819672623e-01
7.768240343347639909e-01
8.464912280701754055e-01
8.512396694214876547e-01
7.708333333333333703e-01
8.312236286919830741e-01
8.439999999999999725e-01
8.401639344262294973e-01
8.290598290598291120e-01
8.565573770491803351e-01
8.130081300813007950e-01
8.340425531914893442e-01
8.477366255144033191e-01
8.559322033898305593e-01
8.326359832635983338e-01
8.625000000000000444e-01
8.032786885245901676e-01
8.326180257510729099e-01
7.800829875518672241e-01
8.166666666666666519e-01
8.033472803347280200e-01
8.185654008438818519e-01
7.551867219917012264e-01
8.508064516129032473e-01
7.827868852459016757e-01
8.283261802575107025e-01
8.626609442060085842e-01
8.135593220338983578e-01
8.589743589743589203e-01
8.553191489361702260e-01
8.416666666666666741e-01
8.625000000000000444e-01
8.791666666666666519e-01
8.024193548387096309e-01
7.890295358649789259e-01
8.371040723981900689e-01
7.731092436974790205e-01
8.237704918032786594e-01
7.603305785123967153e-01
8.286852589641434674e-01
8.416666666666666741e-01
8.658536585365853577e-01
8.888888888888888395e-01
8.362068965517240882e-01
8.423236514522821627e-01
8.548387096774193727e-01
8.277310924369747358e-01
7.550200803212850920e-01
8.613445378151260989e-01
8.438818565400844074e-01
8.025210084033613800e-01
7.787234042553191626e-01
8.232758620689655249e-01
8.326359832635983338e-01
8.577235772357723054e-01
7.933884297520661377e-01
8.270042194092827037e-01
8.369098712446352284e-01
8.416666666666666741e-01
8.112449799196786993e-01
8.170212765957446388e-01
8.595041322314049825e-01
8.073770491803278215e-01
8.016194331983805821e-01
8.821138211382113514e-01
8.247011952191235507e-01
8.388429752066115519e-01
8.744769874476987503e-01
8.347457627118644030e-01
8.552631578947368363e-01
8.347457627118644030e-01
8.382978723404255206e-01
8.508064516129032473e-01
8.271604938271605034e-01
8.438818565400844074e-01
7.974683544303797778e-01
8.155737704918032405e-01
7.711864406779661563e-01
8.099173553719007934e-01
8.617886178861788871e-01
8.103448275862068506e-01
8.445378151260504174e-01
7.932489451476792963e-01
8.117154811715481255e-01
8.163265306122449161e-01
8.373983739837398410e-01
8.445378151260504174e-01
7.836734693877550617e-01
8.685258964143426352e-01
8.367346938775510612e-01
8.109243697478991653e-01
8.106995884773662286e-01
8.125000000000000000e-01
8.051948051948052409e-01
8.326530612244897878e-01
8.049792531120332217e-01
7.942386831275720649e-01
8.196721311475410054e-01
8.158995815899581228e-01
8.305785123966942241e-01
8.135593220338983578e-01
7.928286852589641054e-01
8.242677824267782283e-01
7.899159663865545911e-01
7.854251012145748723e-01
7.768595041322313710e-01
8.445378151260504174e-01
8.461538461538461453e-01
8.237704918032786594e-01
7.750000000000000222e-01
8.589743589743589203e-01
7.745901639344262568e-01
7.950819672131147486e-01
8.841201716738197325e-01
7.792207792207792583e-01
8.347826086956521285e-01
7.941176470588234837e-01
7.950819672131147486e-01
8.223140495867768962e-01
7.866108786610879200e-01
8.691983122362869629e-01
9.012875536480686733e-01
7.768240343347639909e-01
8.691983122362869629e-01
8.237704918032786594e-01
7.872340425531915153e-01
8.196721311475410054e-01
8.514056224899598790e-01
8.725099601593625520e-01
7.935222672064777827e-01
8.155737704918032405e-01
8.361344537815126321e-01
8.008130081300812719e-01
8.215767634854771462e-01
8.333333333333333703e-01
8.181818181818182323e-01
7.854251012145748723e-01
8.291666666666667185e-01
8.366533864541833010e-01
8.380566801619433459e-01
8.290598290598291120e-01
8.083333333333333481e-01
8.421052631578946901e-01
8.270042194092827037e-01
8.347457627118644030e-01
8.353413654618473405e-01
7.983539094650206058e-01
8.542510121457489447e-01
7.868852459016393297e-01
7.727272727272727071e-01
8.636363636363636465e-01
8.264462809917355601e-01
8.468085106382978733e-01
8.852459016393442459e-01
8.584070796460177011e-01
8.444444444444444420e-01
8.208333333333333037e-01
8.099173553719007934e-01
8.277310924369747358e-01
7.624999999999999556e-01
8.064516129032257563e-01
8.429752066115702158e-01
8.162393162393162260e-01
8.230452674897119625e-01
8.055555555555555802e-01
8.125000000000000000e-01
8.630705394190871793e-01
8.242677824267782283e-01
8.259109311740890913e-01
8.000000000000000444e-01
8.523206751054852592e-01
8.040000000000000480e-01
8.257261410788381273e-01
8.636363636363636465e-01
8.326359832635983338e-01
8.385826771653542844e-01
8.806584362139917577e-01
7.899159663865545911e-01
7.950819672131147486e-01
8.367346938775510612e-01
8.380566801619433459e-01
8.553719008264463186e-01
7.869565217391304435e-01
8.008130081300812719e-01
8.120000000000000551e-01
7.740585774058577062e-01
8.193277310924369505e-01
8.699186991869918284e-01
8.193277310924369505e-01
8.217391304347826386e-01
8.489795918367346594e-01
7.768924302788844383e-01
8.008298755186722406e-01
8.326359832635983338e-01
7.868852459016393297e-01
8.299595141700404355e-01
8.065843621399176877e-01
8.870292887029288531e-01
8.049792531120332217e-01
8.089430894308943243e-01
8.512396694214876547e-01
8.713692946058091415e-01
8.215767634854771462e-01
8.601694915254237683e-01
7.909836065573770947e-01
7.880000000000000338e-01
8.632812500000000000e-01
8.632478632478632896e-01
8.103448275862068506e-01
8.750000000000000000e-01
8.189300411522634215e-01
7.918367346938774975e-01
7.634854771784231886e-01
8.483606557377049162e-01
8.034188034188034511e-01
7.795918367346938993e-01
8.145161290322581182e-01
7.786885245901639108e-01
8.127490039840638003e-01
7.911646586345381094e-01
8.185654008438818519e-01
7.459016393442623460e-01
8.166666666666666519e-01
8.917748917748917759e-01
7.624999999999999556e-01
8.166666666666666519e-01
8.340248962655602005e-01
8.319672131147540783e-01
8.641975308641974829e-01
8.200836820083682310e-01
7.916666666666666297e-01
8.326180257510729099e-01
8.553191489361702260e-01
8.445378151260504174e-01
8.125000000000000000e-01
8.699186991869918284e-01
8.033472803347280200e-01
8.728813559322033955e-01
8.170212765957446388e-01
8.540772532188841693e-01
8.025210084033613800e-01
8.284518828451883365e-01
8.047808764940238557e-01
7.899159663865545911e-01
7.777777777777777901e-01
8.765957446808511078e-01
8.916666666666667185e-01
8.811475409836065920e-01
8.339920948616600382e-01
8.396624472573839260e-01
8.416666666666666741e-01
8.879668049792530660e-01
8.211382113821138473e-01
8.145161290322581182e-01
8.680851063829787551e-01
8.938775510204081121e-01
8.189300411522634215e-01
8.048780487804878536e-01
8.340080971659918907e-01
8.193277310924369505e-01
7.911646586345381094e-01
8.091286307053942028e-01
7.836734693877550617e-01
8.138528138528138278e-01
7.824267782426778117e-01
7.881355932203389925e-01
8.421052631578946901e-01
8.750000000000000000e-01
7.750000000000000222e-01
8.589211618257260872e-01
8.188976377952755792e-01
7.909836065573770947e-01
8.292682926829267887e-01
8.451882845188284366e-01
7.845528455284552782e-01
8.081632653061224802e-01
8.448979591836734970e-01
8.518518518518518601e-01
8.436213991769547782e-01
7.975708502024291269e-01
7.950819672131147486e-01
8.361344537815126321e-01
8.529411764705882026e-01
8.388429752066115519e-01
7.933884297520661377e-01
8.700787401574803237e-01
8.174273858921161651e-01
7.695652173913043459e-01
8.755020080321285203e-01
8.024193548387096309e-01
8.401639344262294973e-01
8.333333333333333703e-01
8.623481781376518551e-01
8.285714285714286254e-01
7.959183673469387710e-01
7.695473251028807082e-01
8.333333333333333703e-01
8.306451612903226200e-01
8.388429752066115519e-01
8.376068376068376287e-01
8.477366255144033191e-01
8.427947598253274775e-01
8.101265822784810000e-01
8.185654008438818519e-01
8.739495798319327768e-01
8.273092369477911268e-01
8.305785123966942241e-01
8.518518518518518601e-01
8.623481781376518551e-01
8.064516129032257563e-01
8.340425531914893442e-01
8.445378151260504174e-01
8.796680497925311037e-01
8.218623481781376361e-01
8.158995815899581228e-01
8.425196850393700254e-01
8.291666666666667185e-01
8.111587982832617616e-01
7.958333333333332815e-01
8.297872340425531679e-01
8.649789029535864815e-01
8.080000000000000515e-01
8.290598290598291120e-01
8.259109311740890913e-01
8.326359832635983338e-01
8.594377510040160928e-01
8.623481781376518551e-01
8.536585365853658347e-01
8.739837398373984101e-01
8.481012658227847778e-01
8.333333333333333703e-01
8.744939271255061097e-01
8.506224066390041250e-01
8.214285714285713969e-01
8.178137651821861809e-01
8.571428571428570953e-01
8.275862068965517127e-01
8.144796380090497667e-01
8.458333333333333259e-01
8.091286307053942028e-01
8.625000000000000444e-01
7.702127659574468099e-01
8.211382113821138473e-01
