1.000000000000000000e+00
1.000000000000000000e+00
1.000000000000000000e+00
9.917012448132780378e-01
9.958677685950413361e-01
1.000000000000000000e+00
1.000000000000000000e+00
1.000000000000000000e+00
1.000000000000000000e+00
1.000000000000000000e+00
1.000000000000000000e+00
9.917695473251029181e-01
9.957446808510638236e-01
1.000000000000000000e+00
1.000000000000000000e+00
1.000000000000000000e+00
1.000000000000000000e+00
1.000000000000000000e+00
1.000000000000000000e+00
1.000000000000000000e+00
