9.262295081967213406e-01
9.574468085106383475e-01
9.510204081632652739e-01
9.336099585062240802e-01
9.586776859504132497e-01
9.668049792531120401e-01
9.338842975206611552e-01
9.741379310344827624e-01
9.268292682926829729e-01
8.375000000000000222e-01
8.305785123966942241e-01
9.506172839506172867e-01
9.191489361702127603e-01
9.385245901639344135e-01
9.414225941422593724e-01
9.423868312757202048e-01
7.949790794979079145e-01
9.583333333333333703e-01
8.706896551724138122e-01
9.533898305084745894e-01
9.700854700854700807e-01
9.253112033195021180e-01
8.192771084337349130e-01
9.632653061224489832e-01
9.590163934426229053e-01
9.662447257383965926e-01
9.787234042553191182e-01
9.181034482758620996e-01
9.661016949152542166e-01
8.292682926829267887e-01
9.585062240663900779e-01
9.653679653679653194e-01
9.632653061224489832e-01
9.676113360323886914e-01
9.529411764705881804e-01
9.590163934426229053e-01
8.524590163934425702e-01
8.836206896551723755e-01
9.717741935483871218e-01
9.585062240663900779e-01
9.411764705882352811e-01
9.601593625498008322e-01
8.097165991902833815e-01
9.484126984126983739e-01
7.649572649572649041e-01
9.428571428571428381e-01
9.681274900398406658e-01
9.145299145299145005e-01
8.906882591093117085e-01
9.719999999999999751e-01
9.426229508196721785e-01
9.659574468085105892e-01
9.327731092436974958e-01
7.918367346938774975e-01
9.271255060728744724e-01
9.479999999999999538e-01
8.699186991869918284e-01
9.426229508196721785e-01
9.514170040485829816e-01
9.510204081632652739e-01
9.499999999999999556e-01
7.468354430379746667e-01
9.591836734693877098e-01
8.649789029535864815e-01
8.553719008264463186e-01
8.771186440677966045e-01
8.367346938775510612e-01
8.340611353711789855e-01
9.442231075697211651e-01
7.552742616033755185e-01
9.250000000000000444e-01
8.185483870967742437e-01
8.050847457627118287e-01
9.578059071729957408e-01
9.491525423728813804e-01
9.591836734693877098e-01
8.823529411764705621e-01
9.344262295081967595e-01
7.991631799163180228e-01
9.634146341463414309e-01
8.686440677966101864e-01
9.545454545454545858e-01
9.205020920502091641e-01
9.308943089430894435e-01
8.333333333333333703e-01
9.504132231404959219e-01
9.369747899159663884e-01
9.593495934959349603e-01
8.148148148148147696e-01
9.250000000000000444e-01
9.094650205761316553e-01
9.311740890688259276e-01
8.888888888888888395e-01
8.388429752066115519e-01
9.477911646586345551e-01
9.570312500000000000e-01
9.390243902439023849e-01
7.951807228915662717e-01
9.458333333333333037e-01
8.833333333333333037e-01
9.273504273504273865e-01
9.369747899159663884e-01
9.545454545454545858e-01
8.663967611336031993e-01
9.303278688524589946e-01
8.060344827586206629e-01
7.446808510638297518e-01
9.634146341463414309e-01
8.803418803418803229e-01
9.094827586206896131e-01
9.393939393939394478e-01
9.414225941422593724e-01
7.901234567901234129e-01
9.458333333333333037e-01
9.465020576131687458e-01
8.559322033898305593e-01
9.625000000000000222e-01
8.803418803418803229e-01
8.097165991902833815e-01
9.475806451612903691e-01
9.404255319148936421e-01
8.075313807531381283e-01
9.661016949152542166e-01
9.790794979079497917e-01
9.439999999999999503e-01
8.008298755186722406e-01
9.437751004016063927e-01
9.253112033195021180e-01
9.444444444444444198e-01
9.541666666666667185e-01
9.708333333333333259e-01
9.205020920502091641e-01
9.465020576131687458e-01
8.166666666666666519e-01
9.759036144578313587e-01
9.585062240663900779e-01
8.408163265306122236e-01
9.428571428571428381e-01
8.032128514056224855e-01
9.354838709677418818e-01
9.416666666666666519e-01
8.842975206611570771e-01
9.364406779661016422e-01
9.152542372881355970e-01
8.647540983606557541e-01
7.943548387096773800e-01
9.308943089430894435e-01
9.442231075697211651e-01
9.623430962343095807e-01
9.593495934959349603e-01
9.635627530364372362e-01
9.716599190283400356e-01
9.462809917355371470e-01
8.418803418803418870e-01
9.626556016597510590e-01
8.389830508474576121e-01
9.152542372881355970e-01
9.361702127659574657e-01
9.510204081632652739e-01
8.326180257510729099e-01
9.458333333333333037e-01
8.833333333333333037e-01
9.677419354838709964e-01
9.462809917355371470e-01
9.421487603305784830e-01
9.590163934426229053e-01
8.230452674897119625e-01
8.750000000000000000e-01
9.336283185840708043e-01
7.786885245901639108e-01
9.246861924686192724e-01
9.409448818897637734e-01
9.473684210526315264e-01
9.588477366255143686e-01
9.442231075697211651e-01
8.205128205128204844e-01
8.546255506607929320e-01
9.324894514767932963e-01
9.568965517241379004e-01
9.745762711864406347e-01
9.618644067796610075e-01
8.813559322033898136e-01
9.579831932773109626e-01
9.576271186440677985e-01
8.866396761133603643e-01
8.808510638297872841e-01
7.679324894514767408e-01
8.559670781893004010e-01
9.259259259259259300e-01
9.325396825396825573e-01
9.482758620689655249e-01
9.068825910931174183e-01
9.214876033057851634e-01
9.662447257383965926e-01
8.220338983050847759e-01
8.739837398373984101e-01
9.288888888888888751e-01
9.369747899159663884e-01
9.832635983263597890e-01
8.135593220338983578e-01
8.661087866108786448e-01
9.588477366255143686e-01
9.572649572649573058e-01
9.554655870445344368e-01
9.456066945606694807e-01
9.333333333333333481e-01
7.881355932203389925e-01
9.090909090909090606e-01
8.512396694214876547e-01
9.590163934426229053e-01
7.731092436974790205e-01
9.349593495934959142e-01
9.423868312757202048e-01
9.330543933054393779e-01
9.676113360323886914e-01
9.535864978902953704e-01
9.385245901639344135e-01
9.243697478991597105e-01
8.516949152542372392e-01
9.717741935483871218e-01
9.506172839506172867e-01
8.851063829787233495e-01
9.547325102880658276e-01
7.500000000000000000e-01
9.541666666666667185e-01
9.465020576131687458e-01
9.338842975206611552e-01
9.579831932773109626e-01
9.256198347107438273e-01
8.729508196721311730e-01
9.460580912863070235e-01
7.941176470588234837e-01
9.469026548672566657e-01
9.467213114754098324e-01
9.576271186440677985e-01
8.032128514056224855e-01
9.543568464730290968e-01
8.277310924369747358e-01
9.604743083003952631e-01
9.414225941422593724e-01
9.240506329113924444e-01
9.529914529914529364e-01
9.634146341463414309e-01
8.354978354978355171e-01
9.508196721311474864e-01
8.291666666666667185e-01
9.756097560975609539e-01
9.338842975206611552e-01
9.456066945606694807e-01
9.458333333333333037e-01
9.453781512605041737e-01
8.852459016393442459e-01
9.641434262948207490e-01
9.354838709677418818e-01
7.805907172995780741e-01
9.460580912863070235e-01
8.432203389830508211e-01
8.235294117647058432e-01
7.791666666666666741e-01
9.617021276595744128e-01
9.606986899563318971e-01
9.629629629629629095e-01
9.237288135593220151e-01
9.401709401709401615e-01
9.531914893617021711e-01
9.545454545454545858e-01
9.433198380566801822e-01
9.479999999999999538e-01
9.529914529914529364e-01
9.469387755102041115e-01
9.761904761904761640e-01
9.638554216867469826e-01
9.173553719008264995e-01
9.590163934426229053e-01
7.976190476190476719e-01
9.519999999999999574e-01
9.227467811158798217e-01
9.495798319327730663e-01
8.259109311740890913e-01
9.708333333333333259e-01
9.551020408163265474e-01
8.050847457627118287e-01
9.377593360995850613e-01
9.593495934959349603e-01
8.971193415637860324e-01
9.787234042553191182e-01
9.876033057851240082e-01
9.409282700421941481e-01
9.364406779661016422e-01
9.421487603305784830e-01
9.669421487603305776e-01
9.670781893004115615e-01
9.756097560975609539e-01
9.319148936170212894e-01
8.381742738589211816e-01
9.387755102040816757e-01
8.794642857142856984e-01
9.789915966386554258e-01
9.319148936170212894e-01
9.433198380566801822e-01
9.478260869565217073e-01
8.630705394190871793e-01
8.227848101265823333e-01
9.397590361445783413e-01
9.414225941422593724e-01
9.718875502008031964e-01
9.313304721030042366e-01
9.615384615384615641e-01
9.554655870445344368e-01
8.536585365853658347e-01
8.242677824267782283e-01
9.502074688796680046e-01
9.198312236286919630e-01
9.504132231404959219e-01
9.087136929460580825e-01
8.181818181818182323e-01
9.451476793248945185e-01
9.253112033195021180e-01
9.460580912863070235e-01
9.588477366255143686e-01
9.493670886075948889e-01
8.135593220338983578e-01
9.721115537848605825e-01
9.183673469387755306e-01
9.385245901639344135e-01
8.389830508474576121e-01
8.708333333333333481e-01
9.699570815450643257e-01
8.366533864541833010e-01
9.180327868852459217e-01
9.456066945606694807e-01
8.451882845188284366e-01
9.533898305084745894e-01
9.375000000000000000e-01
9.543568464730290968e-01
9.364406779661016422e-01
9.591836734693877098e-01
9.473684210526315264e-01
9.658119658119658224e-01
9.433198380566801822e-01
8.189300411522634215e-01
9.426229508196721785e-01
7.933884297520661377e-01
9.316239316239316448e-01
9.416666666666666519e-01
9.451476793248945185e-01
9.512195121951219079e-01
9.578059071729957408e-01
8.008130081300812719e-01
9.469387755102041115e-01
9.637096774193548709e-01
9.625000000000000222e-01
9.139344262295081567e-01
9.276595744680851130e-01
9.442060085836909700e-01
9.433198380566801822e-01
9.588477366255143686e-01
7.928286852589641054e-01
9.552845528455284896e-01
9.493670886075948889e-01
7.682926829268292845e-01
8.995815899581589559e-01
9.510204081632652739e-01
9.377593360995850613e-01
9.139344262295081567e-01
8.798283261802575250e-01
9.578059071729957408e-01
8.427419354838709964e-01
9.572649572649573058e-01
9.250000000000000444e-01
9.253112033195021180e-01
9.336099585062240802e-01
9.625000000000000222e-01
9.482758620689655249e-01
7.672413793103448620e-01
8.541666666666666297e-01
9.253112033195021180e-01
9.380165289256198191e-01
9.670781893004115615e-01
9.551020408163265474e-01
9.525862068965517127e-01
9.285714285714286031e-01
8.559322033898305593e-01
8.734693877551020780e-01
9.504132231404959219e-01
9.380165289256198191e-01
9.300411522633744710e-01
8.185483870967742437e-01
9.661016949152542166e-01
9.246861924686192724e-01
8.846153846153845812e-01
9.655172413793103869e-01
7.887931034482759118e-01
9.414225941422593724e-01
9.525862068965517127e-01
8.237704918032786594e-01
9.146341463414634498e-01
8.504273504273504036e-01
9.473684210526315264e-01
9.449152542372881713e-01
9.426229508196721785e-01
9.152542372881355970e-01
9.795081967213115082e-01
8.734177215189873333e-01
9.004329004329004738e-01
9.539748953974895862e-01
9.703389830508474256e-01
8.099173553719007934e-01
9.673469387755102566e-01
9.497907949790794779e-01
9.743589743589743390e-01
8.874999999999999556e-01
9.303278688524589946e-01
9.460580912863070235e-01
9.442231075697211651e-01
9.428571428571428381e-01
7.983193277310924874e-01
7.966804979253111485e-01
9.502074688796680046e-01
8.677685950413223104e-01
9.620253164556962222e-01
9.598393574297188202e-01
9.670781893004115615e-01
9.591836734693877098e-01
9.072580645161290036e-01
7.874999999999999778e-01
9.448818897637795144e-01
9.518072289156626065e-01
9.623430962343095807e-01
9.794238683127571843e-01
9.506172839506172867e-01
9.227642276422763912e-01
9.508196721311474864e-01
8.506224066390041250e-01
9.739130434782609091e-01
9.453781512605041737e-01
8.912133891213389614e-01
8.577405857740585393e-01
9.515418502202642737e-01
9.469387755102041115e-01
9.623430962343095807e-01
9.156626506024095891e-01
9.419087136929460424e-01
9.349593495934959142e-01
9.414225941422593724e-01
7.449392712550607643e-01
9.250000000000000444e-01
9.462809917355371470e-01
9.439655172413793371e-01
9.717741935483871218e-01
9.382716049382715529e-01
8.565217391304348338e-01
8.148148148148147696e-01
9.556451612903226200e-01
9.458333333333333037e-01
8.464730290456431439e-01
8.313253012048192891e-01
9.356223175965665551e-01
7.385892116182573020e-01
8.446215139442231346e-01
9.462809917355371470e-01
9.625000000000000222e-01
7.510373443983402453e-01
8.617886178861788871e-01
7.827868852459016757e-01
9.625000000000000222e-01
9.502074688796680046e-01
9.581589958158995834e-01
9.449152542372881713e-01
9.519999999999999574e-01
9.798387096774193727e-01
9.330543933054393779e-01
9.523809523809523281e-01
9.294605809128630991e-01
9.333333333333333481e-01
9.543568464730290968e-01
9.280000000000000471e-01
8.504273504273504036e-01
7.673469387755101900e-01
7.782426778242678145e-01
9.449152542372881713e-01
9.377593360995850613e-01
7.887931034482759118e-01
9.702127659574467655e-01
8.436213991769547782e-01
8.270042194092827037e-01
9.581589958158995834e-01
9.581589958158995834e-01
9.495798319327730663e-01
9.435483870967742437e-01
9.588477366255143686e-01
9.572649572649573058e-01
8.380566801619433459e-01
8.060344827586206629e-01
8.516949152542372392e-01
9.749999999999999778e-01
7.974683544303797778e-01
9.585062240663900779e-01
8.455284552845528934e-01
9.533898305084745894e-01
