8.770491803278688270e-01
8.851063829787233495e-01
9.102040816326530948e-01
8.464730290456431439e-01
8.471074380165288797e-01
9.170124481327800448e-01
8.553719008264463186e-01
8.750000000000000000e-01
8.739837398373984101e-01
8.291666666666667185e-01
8.719008264462809743e-01
9.218106995884773891e-01
8.680851063829787551e-01
8.688524590163934080e-01
8.535564853556485421e-01
8.230452674897119625e-01
8.702928870292887531e-01
8.000000000000000444e-01
8.275862068965517127e-01
8.771186440677966045e-01
8.205128205128204844e-01
8.340248962655602005e-01
8.674698795180723065e-01
8.367346938775510612e-01
8.319672131147540783e-01
8.565400843881856296e-01
8.723404255319149314e-01
8.448275862068965747e-01
8.432203389830508211e-01
8.617886178861788871e-01
8.298755186721992194e-01
8.787878787878787845e-01
8.489795918367346594e-01
8.421052631578946901e-01
8.666666666666666963e-01
8.360655737704918433e-01
8.647540983606557541e-01
8.663793103448276245e-01
8.709677419354838745e-01
8.381742738589211816e-01
8.613445378151260989e-01
8.804780876494023856e-01
8.218623481781376361e-01
8.373015873015873245e-01
8.717948717948718063e-01
8.448979591836734970e-01
8.247011952191235507e-01
8.290598290598291120e-01
8.623481781376518551e-01
8.000000000000000444e-01
8.606557377049179891e-01
8.723404255319149314e-01
8.361344537815126321e-01
8.081632653061224802e-01
8.623481781376518551e-01
8.519999999999999796e-01
8.577235772357723054e-01
8.565573770491803351e-01
8.542510121457489447e-01
8.122448979591836427e-01
8.333333333333333703e-01
8.945147679324894074e-01
8.122448979591836427e-01
9.156118143459915926e-01
8.099173553719007934e-01
8.432203389830508211e-01
8.244897959183673519e-01
8.515283842794759694e-01
8.645418326693227185e-01
7.932489451476792963e-01
8.041666666666666963e-01
8.387096774193548709e-01
9.110169491525423879e-01
8.691983122362869629e-01
8.940677966101694407e-01
8.204081632653060785e-01
8.781512605042016695e-01
8.893442622950820109e-01
8.577405857740585393e-01
8.252032520325203180e-01
8.220338983050847759e-01
8.595041322314049825e-01
8.451882845188284366e-01
8.292682926829267887e-01
8.455284552845528934e-01
8.388429752066115519e-01
8.529411764705882026e-01
9.146341463414634498e-01
9.053497942386831143e-01
8.041666666666666963e-01
8.806584362139917577e-01
8.785425101214574539e-01
8.971193415637860324e-01
8.471074380165288797e-01
8.795180722891565717e-01
8.710937500000000000e-01
8.658536585365853577e-01
8.514056224899598790e-01
8.291666666666667185e-01
8.541666666666666297e-01
8.461538461538461453e-01
8.319327731092437395e-01
8.471074380165288797e-01
8.461538461538461453e-01
8.483606557377049162e-01
8.189655172413793371e-01
8.127659574468084624e-01
8.495934959349593640e-01
8.888888888888888395e-01
8.620689655172413257e-01
8.961038961038960693e-01
8.451882845188284366e-01
8.683127572016461349e-01
8.916666666666667185e-01
8.353909465020575853e-01
8.389830508474576121e-01
8.625000000000000444e-01
8.675213675213675479e-01
8.704453441295546545e-01
8.427419354838709964e-01
8.978723404255318785e-01
8.535564853556485421e-01
8.559322033898305593e-01
8.326359832635983338e-01
8.120000000000000551e-01
8.340248962655602005e-01
8.393574297188755029e-01
8.755186721991701226e-01
8.504273504273504036e-01
8.416666666666666741e-01
8.750000000000000000e-01
8.284518828451883365e-01
8.971193415637860324e-01
8.499999999999999778e-01
8.755020080321285203e-01
8.713692946058091415e-01
8.530612244897959329e-01
8.326530612244897878e-01
8.273092369477911268e-01
8.508064516129032473e-01
8.708333333333333481e-01
8.842975206611570771e-01
9.025423728813559698e-01
8.898305084745762317e-01
8.319672131147540783e-01
7.983870967741935054e-01
8.739837398373984101e-01
8.884462151394422191e-01
8.033472803347280200e-01
8.536585365853658347e-01
8.542510121457489447e-01
8.340080971659918907e-01
8.925619834710744049e-01
8.333333333333333703e-01
8.838174273858920849e-01
8.516949152542372392e-01
9.067796610169491789e-01
8.723404255319149314e-01
8.448979591836734970e-01
8.326180257510729099e-01
8.666666666666666963e-01
8.750000000000000000e-01
8.588709677419354982e-01
8.884297520661157410e-01
8.884297520661157410e-01
8.606557377049179891e-01
8.353909465020575853e-01
8.346774193548387455e-01
8.584070796460177011e-01
8.483606557377049162e-01
8.200836820083682310e-01
8.700787401574803237e-01
8.380566801619433459e-01
9.012345679012345734e-01
8.645418326693227185e-01
8.333333333333333703e-01
8.722466960352422971e-01
8.523206751054852592e-01
8.577586206896551380e-01
8.135593220338983578e-01
8.389830508474576121e-01
8.220338983050847759e-01
8.193277310924369505e-01
8.050847457627118287e-01
8.421052631578946901e-01
8.978723404255318785e-01
8.143459915611814814e-01
7.777777777777777901e-01
8.106995884773662286e-01
8.373015873015873245e-01
8.405172413793103869e-01
8.825910931174089091e-01
8.512396694214876547e-01
8.565400843881856296e-01
8.516949152542372392e-01
8.821138211382113514e-01
8.711111111111110583e-01
8.823529411764705621e-01
8.619246861924686476e-01
8.644067796610169774e-01
7.949790794979079145e-01
9.012345679012345734e-01
8.717948717948718063e-01
8.340080971659918907e-01
8.410041841004184393e-01
8.625000000000000444e-01
8.940677966101694407e-01
8.471074380165288797e-01
8.057851239669421295e-01
8.442622950819672623e-01
8.319327731092437395e-01
8.617886178861788871e-01
8.641975308641974829e-01
8.117154811715481255e-01
8.987854251012146189e-01
8.438818565400844074e-01
8.155737704918032405e-01
8.487394957983193100e-01
8.728813559322033955e-01
8.588709677419354982e-01
8.641975308641974829e-01
9.021276595744680549e-01
9.094650205761316553e-01
8.375000000000000222e-01
8.000000000000000444e-01
9.135802469135801962e-01
8.677685950413223104e-01
8.109243697478991653e-01
8.636363636363636465e-01
8.483606557377049162e-01
8.796680497925311037e-01
8.697478991596638842e-01
8.628318584070796549e-01
7.827868852459016757e-01
8.771186440677966045e-01
8.875502008032128964e-01
8.921161825726141581e-01
8.529411764705882026e-01
8.853754940711462407e-01
8.577405857740585393e-01
8.734177215189873333e-01
8.418803418803418870e-01
8.902439024390244038e-01
8.095238095238095344e-01
8.278688524590164244e-01
8.375000000000000222e-01
8.983739837398373451e-01
8.677685950413223104e-01
8.912133891213389614e-01
8.499999999999999778e-01
8.949579831932773510e-01
8.155737704918032405e-01
8.565737051792828849e-01
8.064516129032257563e-01
8.607594936708861111e-01
8.174273858921161651e-01
8.474576271186440302e-01
8.193277310924369505e-01
8.291666666666667185e-01
8.553191489361702260e-01
8.558951965065502154e-01
8.189300411522634215e-01
8.686440677966101864e-01
8.589743589743589203e-01
8.468085106382978733e-01
8.388429752066115519e-01
8.218623481781376361e-01
8.439999999999999725e-01
8.290598290598291120e-01
8.571428571428570953e-01
8.253968253968253510e-01
8.795180722891565717e-01
8.223140495867768962e-01
8.155737704918032405e-01
8.571428571428570953e-01
8.439999999999999725e-01
8.497854077253218508e-01
8.529411764705882026e-01
8.502024291497976005e-01
8.791666666666666519e-01
8.408163265306122236e-01
8.898305084745762317e-01
8.879668049792530660e-01
8.536585365853658347e-01
8.353909465020575853e-01
8.085106382978722861e-01
7.892561983471074738e-01
8.691983122362869629e-01
8.601694915254237683e-01
8.842975206611570771e-01
8.553719008264463186e-01
8.971193415637860324e-01
8.943089430894308745e-01
8.553191489361702260e-01
8.547717842323651061e-01
8.775510204081632404e-01
8.482142857142856984e-01
8.487394957983193100e-01
8.255319148936169915e-01
8.906882591093117085e-01
8.608695652173913304e-01
8.755186721991701226e-01
8.312236286919830741e-01
8.072289156626506479e-01
8.661087866108786448e-01
9.116465863453815377e-01
8.669527896995707916e-01
8.632478632478632896e-01
8.421052631578946901e-01
8.739837398373984101e-01
8.619246861924686476e-01
8.423236514522821627e-01
8.902953586497890370e-01
8.595041322314049825e-01
8.423236514522821627e-01
8.553719008264463186e-01
8.565400843881856296e-01
8.506224066390041250e-01
8.464730290456431439e-01
8.600823045267489420e-01
8.016877637130801482e-01
8.601694915254237683e-01
8.605577689243028017e-01
8.081632653061224802e-01
8.606557377049179891e-01
8.389830508474576121e-01
8.208333333333333037e-01
8.626609442060085842e-01
8.804780876494023856e-01
8.647540983606557541e-01
8.535564853556485421e-01
8.912133891213389614e-01
8.686440677966101864e-01
8.125000000000000000e-01
8.838174273858920849e-01
8.474576271186440302e-01
8.448979591836734970e-01
8.582995951417003999e-01
9.017094017094017255e-01
8.542510121457489447e-01
8.353909465020575853e-01
8.524590163934425702e-01
8.595041322314049825e-01
8.589743589743589203e-01
7.958333333333332815e-01
9.029535864978902593e-01
8.495934959349593640e-01
8.565400843881856296e-01
8.252032520325203180e-01
8.693877551020408045e-01
8.911290322580645018e-01
8.833333333333333037e-01
8.483606557377049162e-01
8.127659574468084624e-01
8.497854077253218508e-01
9.149797570850202177e-01
8.765432098765432167e-01
8.326693227091633842e-01
9.146341463414634498e-01
8.776371308016878148e-01
8.658536585365853577e-01
9.037656903765690641e-01
8.204081632653060785e-01
8.215767634854771462e-01
8.483606557377049162e-01
8.755364806866953176e-01
8.607594936708861111e-01
8.991935483870967527e-01
8.931623931623932089e-01
8.750000000000000000e-01
8.547717842323651061e-01
8.589211618257260872e-01
8.249999999999999556e-01
8.362068965517240882e-01
9.137931034482759118e-01
8.249999999999999556e-01
8.132780082987551840e-01
8.595041322314049825e-01
8.477366255144033191e-01
8.448979591836734970e-01
8.491379310344827624e-01
8.705357142857143016e-01
8.728813559322033955e-01
8.612244897959183687e-01
8.429752066115702158e-01
8.677685950413223104e-01
8.353909465020575853e-01
8.870967741935483764e-01
8.559322033898305593e-01
8.912133891213389614e-01
8.717948717948718063e-01
8.405172413793103869e-01
8.232758620689655249e-01
8.828451882845188559e-01
8.706896551724138122e-01
8.647540983606557541e-01
8.902439024390244038e-01
8.589743589743589203e-01
8.259109311740890913e-01
8.728813559322033955e-01
8.237704918032786594e-01
8.601694915254237683e-01
8.688524590163934080e-01
9.029535864978902593e-01
8.441558441558441039e-01
8.702928870292887531e-01
8.898305084745762317e-01
8.553719008264463186e-01
8.489795918367346594e-01
8.870292887029288531e-01
8.974358974358974672e-01
8.333333333333333703e-01
8.770491803278688270e-01
8.049792531120332217e-01
8.326693227091633842e-01
8.326530612244897878e-01
8.697478991596638842e-01
9.045643153526971014e-01
8.921161825726141581e-01
7.809917355371900349e-01
8.565400843881856296e-01
8.554216867469879304e-01
8.600823045267489420e-01
8.653061224489796421e-01
8.427419354838709964e-01
8.166666666666666519e-01
8.464566929133858775e-01
8.714859437751003579e-01
8.661087866108786448e-01
8.806584362139917577e-01
7.901234567901234129e-01
8.577235772357723054e-01
8.278688524590164244e-01
8.257261410788381273e-01
8.521739130434782261e-01
8.571428571428570953e-01
8.451882845188284366e-01
8.451882845188284366e-01
8.017621145374449476e-01
8.612244897959183687e-01
8.535564853556485421e-01
8.634538152610441442e-01
8.547717842323651061e-01
8.821138211382113514e-01
8.953974895397489586e-01
8.623481781376518551e-01
8.499999999999999778e-01
8.760330578512396382e-01
8.362068965517240882e-01
8.750000000000000000e-01
8.930041152263374915e-01
8.695652173913043237e-01
8.271604938271605034e-01
8.911290322580645018e-01
8.583333333333332815e-01
8.630705394190871793e-01
8.674698795180723065e-01
8.326180257510729099e-01
8.174273858921161651e-01
8.924302788844621359e-01
8.842975206611570771e-01
8.208333333333333037e-01
8.423236514522821627e-01
8.414634146341463117e-01
8.565573770491803351e-01
8.083333333333333481e-01
8.340248962655602005e-01
8.786610878661087476e-01
8.686440677966101864e-01
8.279999999999999583e-01
8.870967741935483764e-01
8.410041841004184393e-01
8.874458874458874824e-01
8.755186721991701226e-01
8.333333333333333703e-01
8.879668049792530660e-01
9.000000000000000222e-01
8.632478632478632896e-01
8.693877551020408045e-01
8.284518828451883365e-01
8.559322033898305593e-01
8.257261410788381273e-01
8.491379310344827624e-01
8.340425531914893442e-01
8.353909465020575853e-01
8.860759493670885556e-01
9.037656903765690641e-01
8.368200836820083310e-01
9.075630252100840289e-01
8.225806451612903691e-01
8.312757201646090444e-01
8.632478632478632896e-01
8.582995951417003999e-01
8.275862068965517127e-01
8.305084745762711940e-01
8.499999999999999778e-01
8.691983122362869629e-01
8.215767634854771462e-01
8.536585365853658347e-01
8.235294117647058432e-01
8.765432098765432167e-01
8.333333333333333703e-01
8.530612244897959329e-01
8.775510204081632404e-01
7.874999999999999778e-01
8.644067796610169774e-01
8.177966101694915668e-01
8.535564853556485421e-01
8.438818565400844074e-01
8.677685950413223104e-01
8.387096774193548709e-01
8.319672131147540783e-01
8.725099601593625520e-01
8.582677165354331006e-01
8.583690987124463767e-01
8.340080971659918907e-01
8.969957081545064659e-01
8.395061728395061262e-01
8.638297872340425787e-01
8.786610878661087476e-01
8.512396694214876547e-01
8.666666666666666963e-01
8.200836820083682310e-01
8.516949152542372392e-01
7.715517241379310498e-01
8.483606557377049162e-01
9.148936170212765839e-01
8.059071729957806296e-01
8.401639344262294973e-01
8.125000000000000000e-01
8.625000000000000444e-01
8.333333333333333703e-01
8.765957446808511078e-01
8.765432098765432167e-01
8.571428571428570953e-01
8.262711864406779849e-01
8.766519823788546661e-01
8.571428571428570953e-01
9.184549356223176142e-01
8.975409836065574298e-01
8.060344827586206629e-01
8.565400843881856296e-01
8.305785123966942241e-01
8.395061728395061262e-01
8.634361233480176701e-01
9.310344827586206629e-01
8.571428571428570953e-01
8.760330578512396382e-01
8.577235772357723054e-01
8.750000000000000000e-01
8.403361344537815247e-01
8.808510638297872841e-01
8.111587982832617616e-01
8.966942148760330689e-01
8.632478632478632896e-01
8.230452674897119625e-01
8.619246861924686476e-01
8.801652892561983021e-01
8.461538461538461453e-01
8.495934959349593640e-01
8.583690987124463767e-01
8.458333333333333259e-01
8.553191489361702260e-01
8.565400843881856296e-01
9.112903225806451291e-01
8.408163265306122236e-01
8.227848101265823333e-01
8.140495867768594573e-01
8.842975206611570771e-01
8.458333333333333259e-01
8.675213675213675479e-01
9.184549356223176142e-01
8.099173553719007934e-01
8.333333333333333703e-01
8.658536585365853577e-01
8.755364806866953176e-01
8.297872340425531679e-01
8.361344537815126321e-01
8.506224066390041250e-01
8.040816326530612068e-01
8.675213675213675479e-01
8.524590163934425702e-01
8.655462184873949916e-01
8.719999999999999973e-01
8.906882591093117085e-01
8.554216867469879304e-01
9.130434782608695121e-01
8.506224066390041250e-01
8.559322033898305593e-01
8.483606557377049162e-01
8.844621513944223024e-01
8.486055776892430513e-01
8.632478632478632896e-01
8.553719008264463186e-01
8.688524590163934080e-01
8.473895582329317167e-01
8.916666666666667185e-01
7.854077253218884058e-01
8.340080971659918907e-01
8.702928870292887531e-01
8.818565400843881852e-01
8.828451882845188559e-01
8.297872340425531679e-01
8.860759493670885556e-01
8.433734939759036653e-01
8.825910931174089091e-01
8.467741935483871218e-01
8.554216867469879304e-01
8.541666666666666297e-01
8.497854077253218508e-01
8.504273504273504036e-01
8.619246861924686476e-01
8.155737704918032405e-01
8.291666666666667185e-01
8.223140495867768962e-01
8.354430379746835555e-01
8.401639344262294973e-01
8.451882845188284366e-01
8.717948717948718063e-01
8.189300411522634215e-01
8.796680497925311037e-01
8.181818181818182323e-01
8.267716535433070613e-01
8.103448275862068506e-01
8.708333333333333481e-01
8.620689655172413257e-01
8.953974895397489586e-01
8.502024291497976005e-01
8.398268398268398105e-01
8.786610878661087476e-01
8.151260504201680579e-01
8.375000000000000222e-01
8.339920948616600382e-01
8.442622950819672623e-01
8.589211618257260872e-01
8.081632653061224802e-01
8.755186721991701226e-01
8.388429752066115519e-01
8.897959183673469497e-01
8.842975206611570771e-01
8.672199170124481604e-01
8.606557377049179891e-01
8.427419354838709964e-01
8.412017167381974359e-01
8.423236514522821627e-01
8.770491803278688270e-01
8.410041841004184393e-01
8.305785123966942241e-01
8.512396694214876547e-01
8.464730290456431439e-01
8.706896551724138122e-01
8.477366255144033191e-01
8.861788617886179331e-01
8.493723849372385448e-01
8.639999999999999902e-01
8.677685950413223104e-01
8.842975206611570771e-01
8.765957446808511078e-01
8.418803418803418870e-01
8.588709677419354982e-01
8.713692946058091415e-01
8.056680161943320373e-01
8.870292887029288531e-01
8.396624472573839260e-01
8.530612244897959329e-01
8.553719008264463186e-01
8.304347826086956319e-01
8.438818565400844074e-01
8.801652892561983021e-01
8.340248962655602005e-01
8.454935622317596433e-01
8.971193415637860324e-01
8.319327731092437395e-01
8.600823045267489420e-01
7.965367965367965430e-01
8.625000000000000444e-01
8.255319148936169915e-01
8.518518518518518601e-01
8.326180257510729099e-01
8.135593220338983578e-01
8.893442622950820109e-01
8.423236514522821627e-01
8.477366255144033191e-01
8.577405857740585393e-01
8.326359832635983338e-01
8.367346938775510612e-01
8.559670781893004010e-01
8.257261410788381273e-01
8.353909465020575853e-01
8.283261802575107025e-01
8.523206751054852592e-01
8.016877637130801482e-01
8.257261410788381273e-01
8.518518518518518601e-01
8.699186991869918284e-01
8.353413654618473405e-01
9.051724137931034253e-01
8.483606557377049162e-01
7.920000000000000373e-01
8.801652892561983021e-01
