2.459016393442622905e-02
2.553191489361701996e-02
2.857142857142857054e-02
2.904564315352697185e-02
1.157024793388429784e-01
1.037344398340249024e-01
1.239669421487603340e-02
0.000000000000000000e+00
4.065040650406503975e-02
2.500000000000000139e-02
2.644628099173553792e-01
1.234567901234567833e-02
1.702127659574468113e-02
4.508196721311475558e-02
8.368200836820082963e-03
1.069958847736625501e-01
4.184100418410041655e-02
4.166666666666666609e-03
0.000000000000000000e+00
5.508474576271186335e-02
4.273504273504273587e-02
4.564315352697095179e-02
2.811244979919678630e-02
2.448979591836734568e-02
6.147540983606557263e-02
9.282700421940928703e-02
4.255319148936170109e-02
4.310344827586206837e-03
5.084745762711864736e-02
0.000000000000000000e+00
7.053941908713692865e-02
1.298701298701298787e-02
0.000000000000000000e+00
7.692307692307692735e-02
1.176470588235294101e-01
4.098360655737705131e-03
0.000000000000000000e+00
0.000000000000000000e+00
3.629032258064516375e-02
8.298755186721991708e-03
2.521008403361344602e-02
8.366533864541832177e-02
4.858299595141700455e-02
0.000000000000000000e+00
2.991452991452991581e-02
3.673469387755102372e-02
0.000000000000000000e+00
0.000000000000000000e+00
4.048582995951417046e-03
2.800000000000000058e-02
4.098360655737705131e-03
5.106382978723403993e-02
3.361344537815125905e-02
0.000000000000000000e+00
7.692307692307692735e-02
6.400000000000000133e-02
2.439024390243902524e-02
8.196721311475410263e-03
5.668016194331983865e-02
7.755102040816326536e-02
5.833333333333333426e-02
0.000000000000000000e+00
1.183673469387755139e-01
8.438818565400843172e-03
6.198347107438016701e-02
4.237288135593220324e-03
0.000000000000000000e+00
2.183406113537117790e-02
7.171314741035857143e-02
1.856540084388185741e-01
1.000000000000000056e-01
1.209677419354838676e-02
2.118644067796610075e-02
7.594936708860759722e-02
1.186440677966101725e-01
8.163265306122448328e-02
1.260504201680672301e-02
3.278688524590164105e-02
0.000000000000000000e+00
6.504065040650407192e-02
8.474576271186440302e-02
3.305785123966942241e-02
6.694560669456066371e-02
1.300813008130081438e-01
3.252032520325203596e-02
4.545454545454545581e-02
4.201680672268907381e-03
8.943089430894309022e-02
8.230452674897119347e-02
2.083333333333333218e-02
8.230452674897120041e-03
1.619433198380566818e-02
3.292181069958848016e-02
2.479338842975206680e-02
5.622489959839357260e-02
4.296875000000000000e-02
2.845528455284552713e-02
2.811244979919678630e-02
8.333333333333333218e-03
8.749999999999999445e-02
4.273504273504273587e-02
8.403361344537814762e-03
3.719008264462810021e-02
1.619433198380566818e-02
5.327868852459016064e-02
4.741379310344827347e-02
4.255319148936170109e-02
4.065040650406503975e-02
1.709401709401709574e-02
1.982758620689655249e-01
4.761904761904761640e-02
7.112970711297071646e-02
2.880658436213991841e-02
5.000000000000000278e-02
4.526748971193415849e-02
6.779661016949152519e-02
4.166666666666666435e-02
4.273504273504273934e-03
0.000000000000000000e+00
1.290322580645161255e-01
5.531914893617020934e-02
1.255230125523012531e-02
4.237288135593220324e-03
8.368200836820083310e-02
7.199999999999999456e-02
1.659751037344398342e-02
4.417670682730923809e-02
7.468879668049792364e-02
4.700854700854700807e-02
1.666666666666666644e-02
1.250000000000000069e-02
8.368200836820082963e-03
4.115226337448559674e-02
2.916666666666666713e-02
0.000000000000000000e+00
1.244813278008298670e-02
5.306122448979591621e-02
0.000000000000000000e+00
6.024096385542168641e-02
8.870967741935484319e-02
5.000000000000000278e-02
0.000000000000000000e+00
1.694915254237288130e-02
2.542372881355932368e-02
2.868852459016393505e-02
8.467741935483870386e-02
1.544715447154471621e-01
4.382470119521912622e-02
8.368200836820082963e-03
2.845528455284552713e-02
8.097165991902834092e-02
4.048582995951417046e-02
1.239669421487603340e-02
1.623931623931623991e-01
1.950207468879668060e-01
2.966101694915254314e-02
4.237288135593220151e-02
1.063829787234042562e-01
6.530612244897959773e-02
3.004291845493562221e-02
1.666666666666666644e-02
1.916666666666666796e-01
0.000000000000000000e+00
1.652892561983471120e-02
4.132231404958677801e-03
0.000000000000000000e+00
4.115226337448559674e-02
8.064516129032257841e-03
1.327433628318584052e-02
4.098360655737704611e-02
7.949790794979079422e-02
2.755905511811023584e-02
4.251012145748988003e-01
3.703703703703703498e-02
4.382470119521912622e-02
4.700854700854700807e-02
5.286343612334801906e-02
0.000000000000000000e+00
2.155172413793103592e-02
3.389830508474576259e-02
9.745762711864407180e-02
0.000000000000000000e+00
7.983193277310923763e-02
8.474576271186440649e-03
1.336032388663967729e-01
4.255319148936170283e-03
8.438818565400843172e-03
2.057613168724279837e-02
2.880658436213991841e-02
0.000000000000000000e+00
4.310344827586207184e-02
3.643724696356274995e-02
9.504132231404958941e-02
2.531645569620253125e-02
5.932203389830508627e-02
1.626016260162601798e-02
8.000000000000000167e-02
0.000000000000000000e+00
8.786610878661087198e-02
0.000000000000000000e+00
1.129707112970711330e-01
1.234567901234567833e-02
1.623931623931623991e-01
6.882591093117408632e-02
0.000000000000000000e+00
7.499999999999999722e-02
0.000000000000000000e+00
0.000000000000000000e+00
0.000000000000000000e+00
4.098360655737705131e-03
0.000000000000000000e+00
8.943089430894309022e-02
6.995884773662551515e-02
2.092050209205020828e-02
1.619433198380566818e-02
8.438818565400843172e-03
1.024590163934426257e-01
5.882352941176470507e-02
3.813559322033898552e-02
1.693548387096774077e-01
2.880658436213991841e-02
2.553191489361701996e-02
6.172839506172839164e-02
1.208333333333333343e-01
7.499999999999999722e-02
0.000000000000000000e+00
9.090909090909091161e-02
2.941176470588235253e-02
0.000000000000000000e+00
2.868852459016393505e-02
4.564315352697095179e-02
0.000000000000000000e+00
6.637168141592920956e-02
1.229508196721311453e-02
6.355932203389830226e-02
1.164658634538152659e-01
3.734439834024896182e-02
8.823529411764706454e-02
0.000000000000000000e+00
1.004184100418410025e-01
2.531645569620253125e-02
1.452991452991453103e-01
7.723577235772358107e-02
2.164502164502164414e-02
2.459016393442622905e-02
1.250000000000000069e-02
1.260162601626016177e-01
2.892561983471074460e-02
9.205020920502092474e-02
1.666666666666666644e-02
9.663865546218487756e-02
0.000000000000000000e+00
1.115537848605577670e-01
2.016129032258064460e-02
1.772151898734177222e-01
0.000000000000000000e+00
8.474576271186440649e-03
7.142857142857142461e-02
1.250000000000000069e-02
4.255319148936170283e-03
3.449781659388646560e-01
0.000000000000000000e+00
6.779661016949152519e-02
3.846153846153846367e-02
2.553191489361701996e-02
0.000000000000000000e+00
2.024291497975708523e-02
8.799999999999999489e-02
2.564102564102564014e-02
4.081632653061224164e-02
1.984126984126984017e-02
1.285140562248995866e-01
2.066115702479338900e-02
8.196721311475410263e-03
1.984126984126984017e-02
8.000000000000000167e-03
7.725321888412017834e-02
4.621848739495798553e-02
8.097165991902834092e-03
6.250000000000000000e-02
1.224489795918367284e-02
2.542372881355932368e-02
8.298755186721991708e-03
8.943089430894309022e-02
1.234567901234567833e-02
7.234042553191488700e-02
0.000000000000000000e+00
1.687763713080168634e-02
0.000000000000000000e+00
4.545454545454545581e-02
0.000000000000000000e+00
2.469135802469135665e-02
2.032520325203251987e-02
2.978723404255319285e-02
9.128630705394190359e-02
4.081632653061224858e-03
6.696428571428571230e-02
1.344537815126050362e-01
2.127659574468085055e-02
3.238866396761133637e-02
8.695652173913043584e-03
3.319502074688796683e-02
1.687763713080168634e-02
4.016064257028112081e-03
1.213389121338912108e-01
9.638554216867470381e-02
2.575107296137339047e-02
1.880341880341880323e-01
4.048582995951417046e-03
5.284552845528455584e-02
3.347280334728033185e-02
4.979253112033194678e-02
1.687763713080168634e-02
1.239669421487603340e-02
1.203319502074688824e-01
5.371900826446281141e-02
5.063291139240506250e-02
8.298755186721991361e-02
1.078838174273858974e-01
1.234567901234567833e-02
1.561181434599156204e-01
0.000000000000000000e+00
2.390438247011952150e-02
4.081632653061224858e-03
4.098360655737705131e-03
8.474576271186440649e-03
5.416666666666666852e-02
3.433476394849785396e-02
1.195219123505976075e-02
4.098360655737705131e-03
3.347280334728033185e-02
5.439330543933054707e-02
1.694915254237288130e-02
4.583333333333333010e-02
4.979253112033194678e-02
5.508474576271186335e-02
1.183673469387755139e-01
8.097165991902834092e-03
2.136752136752136794e-02
4.858299595141700455e-02
8.230452674897120041e-03
3.688524590163934358e-02
1.239669421487603340e-02
1.068376068376068327e-01
5.000000000000000278e-02
5.063291139240506250e-02
4.065040650406504495e-03
1.265822784810126563e-02
4.471544715447154511e-02
9.795918367346938271e-02
1.209677419354838676e-02
5.000000000000000278e-02
6.967213114754097769e-02
0.000000000000000000e+00
1.716738197424892698e-02
3.643724696356274995e-02
4.938271604938271331e-02
7.968127490039840499e-03
1.097560975609756101e-01
1.687763713080168634e-02
9.349593495934958864e-02
2.552301255230125521e-01
0.000000000000000000e+00
3.734439834024896182e-02
0.000000000000000000e+00
6.008583690987124443e-02
5.063291139240506250e-02
0.000000000000000000e+00
8.547008547008547868e-03
4.166666666666666609e-03
0.000000000000000000e+00
1.244813278008298774e-01
7.916666666666666297e-02
4.310344827586206837e-03
2.586206896551724102e-02
3.749999999999999861e-02
2.904564315352697185e-02
8.264462809917355601e-02
3.703703703703703498e-02
1.020408163265306145e-01
8.620689655172413673e-03
1.785714285714285615e-02
0.000000000000000000e+00
5.714285714285714107e-02
0.000000000000000000e+00
5.785123966942148921e-02
4.115226337448559674e-02
5.645161290322580488e-02
4.237288135593220324e-03
5.857740585774058595e-02
3.418803418803419147e-02
6.896551724137930939e-02
8.620689655172413673e-03
3.765690376569037767e-02
6.465517241379310776e-02
1.229508196721311453e-02
2.439024390243902524e-02
8.547008547008547868e-03
2.429149797570850228e-02
0.000000000000000000e+00
6.557377049180328210e-02
0.000000000000000000e+00
2.049180327868852305e-02
4.219409282700421759e-02
4.329004329004328827e-02
7.531380753138075534e-02
1.271186440677966184e-02
9.504132231404958941e-02
5.714285714285714107e-02
1.213389121338912108e-01
4.700854700854700807e-02
2.916666666666666713e-02
3.360655737704917878e-01
4.149377593360995854e-03
4.780876494023904300e-02
1.306122448979591955e-01
8.403361344537814762e-03
0.000000000000000000e+00
2.904564315352697185e-02
4.958677685950413361e-02
0.000000000000000000e+00
4.016064257028112081e-03
8.641975308641974829e-02
4.081632653061224858e-03
7.258064516129032751e-02
2.083333333333333218e-02
8.661417322834645549e-02
0.000000000000000000e+00
5.857740585774058595e-02
9.876543209876542662e-02
7.407407407407406996e-02
1.626016260162601798e-02
5.327868852459016064e-02
0.000000000000000000e+00
5.217391304347825803e-02
2.100840336134453951e-02
1.255230125523012531e-02
7.949790794979079422e-02
7.488986784140969077e-02
0.000000000000000000e+00
4.184100418410041482e-03
8.032128514056224161e-03
4.149377593360995854e-03
6.910569105691057035e-02
1.464435146443514579e-01
2.834008097165991932e-02
3.333333333333333287e-02
8.264462809917355601e-03
3.448275862068965469e-02
1.612903225806451568e-02
4.938271604938271331e-02
2.173913043478260809e-02
2.839506172839506015e-01
3.629032258064516375e-02
2.500000000000000139e-02
3.402489626556016722e-01
9.236947791164658306e-02
4.291845493562231745e-02
0.000000000000000000e+00
4.382470119521912622e-02
2.479338842975206680e-02
1.166666666666666685e-01
1.452282157676348662e-01
1.056910569105691117e-01
1.639344262295082053e-02
4.166666666666666435e-02
4.564315352697095179e-02
6.694560669456066371e-02
4.237288135593220324e-03
7.599999999999999811e-02
7.661290322580645296e-02
4.602510460251046237e-02
0.000000000000000000e+00
6.224066390041493868e-02
3.749999999999999861e-02
2.904564315352697185e-02
5.999999999999999778e-02
8.547008547008547868e-03
9.795918367346938271e-02
3.765690376569037767e-02
1.059322033898305038e-01
4.149377593360995854e-03
0.000000000000000000e+00
2.978723404255319285e-02
8.230452674897120041e-03
1.265822784810126563e-02
8.368200836820082963e-03
1.673640167364016593e-02
4.201680672268907381e-03
2.419354838709677352e-02
4.115226337448560021e-03
0.000000000000000000e+00
6.477732793522267274e-02
0.000000000000000000e+00
1.059322033898305038e-01
4.583333333333333010e-02
2.109704641350210880e-02
1.037344398340249024e-01
8.130081300813007950e-02
4.201680672268907901e-02
2.880658436213991841e-02
6.504065040650407192e-02
2.040816326530612082e-02
2.448979591836734568e-02
1.250000000000000069e-02
1.694915254237288130e-02
1.059322033898305038e-01
6.276150627615062483e-02
1.054852320675105509e-01
5.371900826446281141e-02
4.032258064516128920e-03
6.967213114754097769e-02
2.788844621513944175e-02
0.000000000000000000e+00
1.716738197424892698e-02
2.024291497975708523e-02
3.004291845493562221e-02
8.641975308641974829e-02
3.574468085106383142e-01
8.368200836820082963e-03
7.851239669421487821e-02
2.916666666666666713e-02
0.000000000000000000e+00
4.237288135593220151e-02
0.000000000000000000e+00
3.278688524590164105e-02
4.255319148936170109e-02
5.485232067510548842e-02
1.352459016393442737e-01
6.666666666666666574e-02
1.250000000000000069e-02
4.583333333333333010e-02
5.106382978723403993e-02
1.234567901234567833e-01
5.306122448979591621e-02
4.661016949152542443e-02
3.083700440528634387e-02
4.621848739495798553e-02
3.862660944206008917e-02
1.065573770491803213e-01
8.620689655172413673e-03
1.308016877637130926e-01
0.000000000000000000e+00
3.292181069958848016e-02
6.607929515418502209e-02
0.000000000000000000e+00
1.125541125541125592e-01
3.719008264462810021e-02
8.536585365853659180e-02
8.333333333333333218e-03
1.680672268907562952e-02
1.702127659574468113e-02
1.716738197424892698e-02
4.132231404958677801e-02
8.547008547008547175e-02
0.000000000000000000e+00
5.439330543933054707e-02
7.438016528925620041e-02
8.547008547008547175e-02
4.878048780487805047e-02
8.154506437768239968e-02
4.583333333333333010e-02
2.978723404255319285e-02
7.172995780590717130e-02
1.008064516129032195e-01
4.897959183673469136e-02
3.375527426160337269e-02
4.958677685950413361e-02
7.024793388429752261e-02
1.666666666666666644e-02
0.000000000000000000e+00
2.145922746781115872e-02
9.917355371900826722e-02
5.691056910569105426e-02
8.130081300813008990e-03
3.433476394849785396e-02
1.702127659574468113e-02
8.403361344537814762e-03
7.053941908713692865e-02
3.102040816326530615e-01
4.273504273504273934e-03
1.065573770491803213e-01
3.781512605042016556e-02
1.079999999999999988e-01
8.906882591093116808e-02
8.433734939759035543e-02
3.280632411067193610e-01
3.319502074688796683e-02
0.000000000000000000e+00
4.918032786885245811e-02
5.976095617529880721e-02
3.984063745019920250e-03
1.153846153846153910e-01
4.958677685950413361e-02
4.098360655737705131e-03
2.008032128514056214e-02
2.083333333333333218e-02
9.442060085836910532e-02
8.502024291497975450e-02
6.694560669456066371e-02
0.000000000000000000e+00
3.347280334728033185e-02
0.000000000000000000e+00
1.181434599156118148e-01
0.000000000000000000e+00
4.048582995951417046e-03
3.225806451612903136e-02
5.220883534136545878e-02
1.250000000000000000e-01
4.721030042918455266e-02
6.837606837606838295e-02
2.092050209205020828e-02
3.688524590163934358e-02
1.208333333333333343e-01
2.066115702479338900e-02
1.603375527426160463e-01
2.049180327868852305e-02
2.092050209205020828e-02
8.547008547008547868e-03
1.234567901234567833e-02
2.489626556016597339e-02
9.090909090909091161e-02
3.937007874015747977e-03
5.172413793103448204e-02
8.333333333333333218e-03
7.758620689655172653e-02
6.694560669456066371e-02
6.072874493927125222e-02
0.000000000000000000e+00
5.020920502092050125e-02
2.100840336134453951e-02
1.208333333333333343e-01
2.371541501976284425e-02
0.000000000000000000e+00
2.904564315352697185e-02
2.448979591836734568e-02
1.120331950207468924e-01
6.611570247933884481e-02
1.632653061224489943e-02
6.198347107438016701e-02
3.070539419087137123e-01
0.000000000000000000e+00
6.451612903225806273e-02
8.583690987124463490e-03
4.564315352697095179e-02
4.098360655737705131e-03
0.000000000000000000e+00
2.479338842975206680e-02
2.066115702479338900e-02
1.203319502074688824e-01
2.155172413793103592e-02
5.761316872427983682e-02
3.252032520325203596e-02
6.276150627615062483e-02
6.400000000000000133e-02
1.239669421487603340e-01
4.958677685950413361e-02
8.510638297872340566e-03
4.700854700854700807e-02
3.225806451612903136e-02
5.394190871369294871e-02
7.692307692307692735e-02
4.184100418410041482e-03
1.687763713080168634e-02
6.122448979591836593e-02
1.776859504132231315e-01
5.217391304347825803e-02
1.012658227848101250e-01
2.479338842975206680e-02
1.327800829875518673e-01
1.287553648068669523e-02
1.069958847736625501e-01
0.000000000000000000e+00
6.172839506172839164e-02
2.164502164502164414e-02
4.166666666666666435e-02
1.702127659574468113e-02
1.604938271604938183e-01
4.291845493562231745e-03
5.508474576271186335e-02
2.459016393442622905e-02
4.979253112033194678e-02
3.292181069958848016e-02
5.857740585774058595e-02
8.786610878661087198e-02
1.387755102040816313e-01
8.230452674897120041e-03
4.149377593360995681e-02
1.069958847736625501e-01
4.291845493562231745e-02
1.265822784810126563e-02
3.924050632911392222e-01
2.489626556016597339e-02
2.880658436213991841e-02
2.926829268292682751e-01
4.016064257028112081e-03
0.000000000000000000e+00
4.918032786885245811e-02
8.799999999999999489e-02
2.892561983471074460e-02
3.719008264462810021e-02
1.255230125523012497e-01
3.200000000000000067e-02
1.276595744680850998e-02
8.438818565400843519e-02
2.755905511811023584e-02
9.917355371900826722e-02
8.163265306122449716e-03
4.219409282700421759e-02
1.125541125541125592e-01
7.083333333333333148e-02
7.874015748031495954e-03
1.179039301310043641e-01
0.000000000000000000e+00
5.555555555555555247e-02
8.230452674897120041e-03
0.000000000000000000e+00
6.451612903225806273e-02
1.209677419354838745e-01
1.382113821138211407e-01
1.673640167364016593e-02
1.181434599156118148e-01
4.149377593360995854e-03
1.694915254237288130e-02
8.196721311475410263e-03
9.349593495934958864e-02
4.016064257028112081e-03
2.419354838709677352e-02
4.858299595141700455e-02
0.000000000000000000e+00
0.000000000000000000e+00
5.240174672489082697e-02
7.983193277310923763e-02
7.112970711297071646e-02
0.000000000000000000e+00
1.287553648068669523e-02
1.204819277108433798e-02
4.564315352697095179e-02
1.133603238866396773e-01
8.196721311475410263e-03
5.691056910569105426e-02
2.489626556016597339e-02
6.557377049180328210e-02
6.276150627615062483e-02
0.000000000000000000e+00
0.000000000000000000e+00
6.072874493927125222e-02
1.050420168067226906e-01
2.083333333333333218e-02
1.255230125523012531e-02
6.557377049180328210e-02
3.781512605042016556e-02
4.366812227074235581e-03
5.241935483870967943e-02
4.065040650406503975e-02
1.229508196721311453e-02
8.823529411764706454e-02
7.818930041152263866e-02
4.149377593360995854e-03
3.749999999999999861e-02
1.619433198380566818e-02
9.663865546218487756e-02
2.510460251046025063e-02
4.602510460251046237e-02
1.255230125523012531e-02
5.220883534136545878e-02
2.953586497890295370e-02
8.196721311475410263e-03
6.329113924050633333e-02
3.658536585365853439e-02
1.666666666666666644e-02
8.264462809917355601e-02
7.438016528925620041e-02
3.879310344827586327e-02
6.198347107438016701e-02
3.404255319148936226e-02
6.639004149377593367e-02
3.433476394849785396e-02
2.016129032258064460e-02
1.451612903225806550e-01
2.904564315352697185e-02
4.149377593360995854e-03
6.324110671936758465e-02
5.932203389830508627e-02
6.896551724137930939e-02
4.641350210970464352e-02
2.057613168724279837e-02
2.109704641350210880e-02
7.438016528925620041e-02
1.218487394957983166e-01
8.403361344537814762e-03
5.063291139240506250e-02
8.298755186721991361e-02
2.390438247011952150e-02
2.479338842975206680e-02
8.403361344537814762e-03
0.000000000000000000e+00
6.147540983606557263e-02
0.000000000000000000e+00
1.028806584362139953e-01
0.000000000000000000e+00
1.250000000000000000e-01
4.526748971193415849e-02
4.115226337448560021e-03
7.509881422924900851e-02
2.904564315352697185e-02
8.196721311475410263e-03
1.485943775100401487e-01
1.239669421487603340e-02
9.053497942386831698e-02
1.250000000000000069e-02
0.000000000000000000e+00
1.255060728744939180e-01
8.606557377049180169e-02
3.200000000000000067e-02
1.209677419354838676e-02
1.025641025641025605e-01
0.000000000000000000e+00
0.000000000000000000e+00
7.883817427385891863e-02
0.000000000000000000e+00
8.547008547008547868e-03
6.722689075630251809e-02
8.641975308641974829e-02
5.462184873949579855e-02
1.265822784810126563e-02
4.219409282700421586e-03
6.493506493506492894e-02
8.368200836820082963e-03
5.284552845528455584e-02
5.150214592274678094e-02
2.510460251046025063e-02
8.064516129032257841e-02
0.000000000000000000e+00
3.175965665236051283e-01
1.244444444444444409e-01
8.368200836820082963e-03
4.310344827586206837e-03
5.761316872427983682e-02
2.953586497890295370e-02
4.048582995951417046e-03
0.000000000000000000e+00
3.004291845493562221e-02
7.359307359307359908e-02
6.722689075630251809e-02
0.000000000000000000e+00
0.000000000000000000e+00
2.469135802469135665e-02
1.478260869565217461e-01
6.639004149377593367e-02
0.000000000000000000e+00
1.124497991967871452e-01
2.834008097165991932e-02
2.100840336134453951e-02
1.255230125523012531e-02
2.868852459016393505e-02
2.904564315352697185e-02
2.978723404255319285e-02
1.161825726141078874e-01
8.298755186721991708e-03
8.510638297872340566e-03
0.000000000000000000e+00
6.694560669456066371e-02
8.333333333333333218e-03
8.474576271186440649e-03
8.196721311475409222e-02
0.000000000000000000e+00
2.173913043478260809e-02
0.000000000000000000e+00
1.363636363636363535e-01
3.813559322033898552e-02
0.000000000000000000e+00
8.368200836820082963e-03
0.000000000000000000e+00
1.942148760330578428e-01
2.479338842975206680e-02
9.745762711864407180e-02
1.255230125523012531e-02
1.239669421487603340e-02
6.172839506172839164e-02
1.652892561983471120e-02
5.982905982905983161e-02
3.734439834024896182e-02
1.619433198380566818e-02
0.000000000000000000e+00
5.240174672489082697e-02
8.097165991902834092e-03
3.599999999999999728e-02
1.265306122448979498e-01
1.214574898785425114e-02
2.066115702479338900e-02
5.485232067510548842e-02
3.658536585365853439e-02
1.255230125523012531e-02
3.688524590163934358e-02
4.867256637168141525e-02
8.298755186721991361e-02
4.166666666666666435e-02
3.196721311475410054e-01
4.219409282700421586e-03
8.870967741935484319e-02
4.680851063829787051e-02
1.033057851239669450e-01
1.694214876033057759e-01
8.474576271186440649e-03
3.703703703703703498e-02
1.016949152542372947e-01
0.000000000000000000e+00
3.719008264462810021e-02
1.587301587301587213e-02
0.000000000000000000e+00
5.882352941176470507e-02
1.078838174273858974e-01
1.078838174273858974e-01
3.968253968253968034e-03
1.069958847736625501e-01
7.359307359307359908e-02
5.106382978723403993e-02
1.052631578947368363e-01
3.404255319148936226e-02
4.219409282700421586e-03
4.048582995951417046e-02
1.148936170212765950e-01
0.000000000000000000e+00
4.201680672268907901e-02
9.504132231404958941e-02
5.714285714285714107e-02
1.632653061224489943e-02
9.917355371900826722e-02
6.224066390041493868e-02
2.127659574468085055e-02
6.086956521739130682e-02
4.032258064516128920e-02
0.000000000000000000e+00
8.000000000000000167e-03
5.533596837944664004e-02
7.499999999999999722e-02
0.000000000000000000e+00
5.555555555555555247e-02
8.196721311475410263e-03
3.968253968253968034e-03
1.163793103448275829e-01
9.663865546218487756e-02
4.115226337448559674e-02
4.489795918367346650e-02
1.087866108786610941e-01
1.209677419354838676e-02
0.000000000000000000e+00
1.687763713080168634e-02
0.000000000000000000e+00
4.545454545454545581e-02
1.239669421487603340e-02
2.500000000000000139e-02
0.000000000000000000e+00
9.387755102040816479e-02
2.689075630252100724e-01
5.668016194331983865e-02
3.734439834024896182e-02
0.000000000000000000e+00
6.024096385542168641e-02
8.641975308641974829e-02
3.252032520325203596e-02
9.199999999999999845e-02
5.118110236220472370e-02
1.234567901234567833e-02
9.016393442622951115e-02
7.172995780590717130e-02
2.928870292887029297e-02
1.046025104602510414e-01
4.149377593360995681e-02
2.510460251046025063e-02
5.284552845528455584e-02
4.621848739495798553e-02
5.952380952380952051e-02
0.000000000000000000e+00
0.000000000000000000e+00
1.209677419354838745e-01
1.531914893617021267e-01
1.322314049586776896e-01
3.846153846153846367e-02
3.319502074688796683e-02
1.244813278008298670e-02
4.602510460251046237e-02
2.074688796680497840e-02
5.416666666666666852e-02
1.297071129707113024e-01
5.882352941176470507e-02
1.038961038961039030e-01
1.287553648068669523e-02
8.016877637130802314e-02
4.081632653061224164e-02
7.599999999999999811e-02
6.034482758620689918e-02
0.000000000000000000e+00
8.298755186721991708e-03
4.219409282700421586e-03
8.474576271186440649e-03
0.000000000000000000e+00
9.638554216867470381e-02
4.149377593360995681e-02
5.531914893617020934e-02
9.333333333333333759e-02
6.584362139917696033e-02
4.166666666666666609e-03
1.639344262295082053e-02
4.291845493562231745e-03
2.553191489361701996e-02
0.000000000000000000e+00
1.185770750988142212e-02
7.818930041152263866e-02
7.317073170731706877e-02
4.237288135593220324e-03
3.418803418803419147e-02
7.916666666666666297e-02
7.377049180327868716e-02
7.377049180327868716e-02
4.184100418410041482e-03
5.284552845528455584e-02
1.581196581196581130e-01
8.130081300813008990e-03
2.880658436213991841e-02
8.835341365461847618e-02
7.228915662650602092e-02
3.130081300813007950e-01
8.749999999999999445e-02
8.064516129032257841e-03
4.098360655737705131e-03
3.429752066115702713e-01
5.349794238683127506e-02
1.392405063291139167e-01
4.782608695652174058e-02
8.713692946058090860e-02
4.897959183673469136e-02
0.000000000000000000e+00
0.000000000000000000e+00
3.673469387755102372e-02
3.599999999999999728e-02
8.368200836820082963e-03
4.184100418410041482e-03
5.485232067510548842e-02
1.694915254237288130e-02
2.040816326530612082e-02
6.692913385826772255e-02
8.860759493670886111e-02
4.115226337448560021e-03
6.048387096774193727e-02
8.130081300813008990e-03
8.764940239043825243e-02
7.438016528925620041e-02
5.394190871369294871e-02
6.024096385542168641e-02
7.142857142857142461e-02
2.469135802469135665e-02
6.550218340611353718e-02
2.966101694915254314e-02
2.553191489361701996e-02
8.163265306122448328e-02
5.691056910569105426e-02
8.050847457627118009e-02
8.749999999999999445e-02
6.198347107438016701e-02
3.797468354430379861e-02
1.142857142857142821e-01
4.201680672268907381e-03
1.639344262295082053e-02
4.918032786885245811e-02
6.694560669456066371e-02
3.781512605042016556e-02
1.293103448275862051e-02
5.439330543933054707e-02
2.429149797570850228e-02
7.468879668049792364e-02
4.081632653061224858e-03
3.846153846153846367e-02
2.173913043478260809e-02
3.734439834024896182e-02
8.260869565217390798e-02
1.260504201680672301e-02
1.229508196721311453e-02
8.130081300813008990e-03
6.349206349206348854e-02
4.219409282700421586e-03
8.368200836820082963e-03
8.085106382978723971e-02
3.673469387755102372e-02
1.646090534979424008e-02
3.614457831325301046e-02
0.000000000000000000e+00
2.510460251046025063e-02
2.880658436213991841e-02
2.066115702479338900e-02
1.088709677419354843e-01
2.500000000000000139e-02
1.183673469387755139e-01
3.879310344827586327e-02
1.058823529411764691e-01
1.731601731601731600e-02
4.310344827586206837e-03
2.109704641350210880e-02
4.065040650406504495e-03
4.201680672268907381e-03
4.166666666666666609e-03
4.347826086956521618e-02
1.129707112970711330e-01
4.958677685950413361e-02
2.643171806167400953e-02
1.646090534979424008e-02
9.053497942386831698e-02
0.000000000000000000e+00
0.000000000000000000e+00
9.486166007905137698e-02
8.064516129032257841e-02
1.422594142259414329e-01
2.183406113537117790e-02
7.725321888412017834e-02
2.400000000000000050e-02
6.666666666666666574e-02
2.904564315352697185e-02
9.465020576131687180e-02
5.785123966942148921e-02
4.621848739495798553e-02
1.626016260162601798e-02
6.557377049180328210e-02
0.000000000000000000e+00
4.938271604938271331e-02
0.000000000000000000e+00
5.600000000000000117e-02
3.719008264462810021e-02
3.361344537815125905e-02
8.474576271186440649e-03
5.084745762711864736e-02
5.882352941176470507e-02
2.966101694915254314e-02
3.688524590163934358e-02
4.721030042918455266e-02
0.000000000000000000e+00
1.198347107438016562e-01
9.482758620689654694e-02
5.691056910569105426e-02
4.008264462809917328e-01
1.666666666666666644e-02
2.966101694915254314e-02
6.521739130434782428e-02
4.166666666666666609e-03
1.322314049586776896e-01
6.198347107438016701e-02
2.074688796680497840e-02
5.809128630705394369e-02
8.368200836820083310e-02
2.500000000000000139e-02
4.149377593360995854e-03
0.000000000000000000e+00
7.083333333333333148e-02
6.329113924050633333e-02
4.417670682730923809e-02
8.032128514056224161e-03
8.979591836734693300e-02
1.134453781512605036e-01
2.212389380530973421e-02
7.563025210084033112e-02
3.319502074688796683e-02
6.896551724137930939e-02
2.500000000000000139e-02
4.032258064516128920e-03
9.876543209876542662e-02
4.365079365079364837e-02
5.084745762711864736e-02
4.115226337448560021e-03
5.306122448979591621e-02
0.000000000000000000e+00
2.928870292887029297e-02
1.260504201680672301e-02
5.327868852459016064e-02
2.155172413793103592e-02
7.531380753138075534e-02
0.000000000000000000e+00
5.737704918032787010e-02
5.957446808510638570e-02
0.000000000000000000e+00
2.439024390243902524e-02
0.000000000000000000e+00
2.857142857142857054e-02
2.074688796680497840e-02
1.260504201680672301e-02
7.661290322580645296e-02
0.000000000000000000e+00
2.941176470588235253e-02
5.172413793103448204e-02
4.098360655737704611e-02
2.500000000000000139e-02
8.403361344537815802e-02
2.542372881355932368e-02
5.241935483870967943e-02
6.097560975609755962e-02
2.916666666666666713e-02
8.620689655172413673e-03
1.652892561983471120e-02
0.000000000000000000e+00
0.000000000000000000e+00
4.132231404958677801e-02
9.361702127659574102e-02
4.132231404958677801e-03
3.813559322033898552e-02
0.000000000000000000e+00
2.553191489361701996e-02
4.149377593360995681e-02
4.201680672268907901e-02
0.000000000000000000e+00
3.749999999999999861e-02
8.974358974358974395e-02
2.479338842975206680e-02
4.048582995951417046e-02
1.702127659574468113e-02
7.826086956521739746e-02
0.000000000000000000e+00
3.984063745019920250e-03
3.846153846153846367e-02
7.327586206896551102e-02
4.219409282700421759e-02
6.172839506172839164e-02
8.264462809917355601e-03
4.149377593360995854e-03
1.181102362204724393e-02
4.132231404958677801e-02
7.488986784140969077e-02
1.659751037344398342e-02
7.407407407407406996e-02
1.016949152542372947e-01
1.209677419354838676e-02
6.400000000000000133e-02
1.239669421487603340e-02
5.063291139240506250e-02
7.264957264957265515e-02
6.024096385542168641e-02
1.219512195121951262e-02
0.000000000000000000e+00
0.000000000000000000e+00
3.291666666666666630e-01
8.333333333333333218e-03
8.368200836820082963e-03
6.355932203389830226e-02
3.347280334728033185e-02
5.577689243027888349e-02
4.184100418410041482e-03
4.508196721311475558e-02
0.000000000000000000e+00
4.115226337448560021e-03
1.048387096774193589e-01
4.255319148936170109e-02
0.000000000000000000e+00
8.333333333333332871e-02
4.115226337448559674e-02
0.000000000000000000e+00
1.111111111111111049e-01
4.115226337448560021e-03
1.673640167364016593e-02
0.000000000000000000e+00
0.000000000000000000e+00
0.000000000000000000e+00
6.722689075630251809e-02
7.883817427385891863e-02
1.239669421487603340e-02
5.999999999999999778e-02
2.469135802469135665e-02
2.164502164502164414e-02
1.271186440677966184e-02
8.225108225108225535e-02
6.172839506172839164e-02
6.504065040650407192e-02
0.000000000000000000e+00
8.189655172413792816e-02
1.702127659574468113e-02
1.280000000000000027e-01
6.808510638297872453e-02
5.199999999999999761e-02
0.000000000000000000e+00
5.263157894736841813e-02
0.000000000000000000e+00
0.000000000000000000e+00
1.115879828326180323e-01
0.000000000000000000e+00
7.317073170731706877e-02
9.311740890688259553e-02
7.456140350877192569e-02
5.439330543933054707e-02
4.508196721311475558e-02
6.097560975609755962e-02
1.012658227848101250e-01
4.255319148936170283e-03
3.212851405622489664e-02
2.941176470588235253e-02
1.666666666666666644e-02
0.000000000000000000e+00
4.310344827586207184e-02
3.984063745019920250e-03
1.632653061224489943e-02
4.471544715447154511e-02
1.255230125523012531e-02
4.048582995951417046e-02
1.173913043478260892e-01
4.065040650406503975e-02
4.032258064516128920e-03
4.938271604938271331e-02
7.264957264957265515e-02
3.278688524590164105e-02
1.333333333333333315e-01
4.761904761904761640e-02
1.209677419354838676e-02
7.531380753138075534e-02
3.703703703703703498e-02
0.000000000000000000e+00
1.286307053941908585e-01
2.978723404255319285e-02
0.000000000000000000e+00
0.000000000000000000e+00
4.237288135593220151e-02
2.032520325203251987e-02
6.329113924050633333e-02
4.081632653061224858e-03
1.260504201680672232e-01
5.349794238683127506e-02
6.198347107438016701e-02
0.000000000000000000e+00
0.000000000000000000e+00
2.380952380952380820e-02
1.250000000000000069e-02
1.059322033898305038e-01
4.081632653061224858e-03
3.225806451612903136e-02
2.448979591836734568e-02
4.508196721311475558e-02
3.375527426160337269e-02
2.024291497975708523e-02
0.000000000000000000e+00
2.016129032258064460e-02
5.042016806722689204e-02
1.739130434782608717e-02
6.854838709677418818e-02
8.163265306122449716e-03
4.201680672268907381e-03
2.808510638297872508e-01
5.439330543933054707e-02
1.069958847736625501e-01
2.489626556016597339e-02
5.349794238683127506e-02
9.166666666666666019e-02
0.000000000000000000e+00
8.163265306122449716e-03
0.000000000000000000e+00
4.255319148936170283e-03
9.128630705394190359e-02
4.081632653061224858e-03
1.410788381742738573e-01
9.274193548387096864e-02
0.000000000000000000e+00
6.222222222222222043e-02
6.250000000000000000e-02
2.851063829787234272e-01
5.371900826446281141e-02
2.991452991452991581e-02
4.081632653061224164e-02
1.115537848605577670e-01
2.024291497975708523e-02
3.913043478260869873e-02
4.273504273504273934e-03
6.557377049180328210e-02
7.112970711297071646e-02
4.897959183673469136e-02
8.771929824561403022e-03
1.265822784810126563e-02
1.287553648068669523e-02
5.349794238683127506e-02
3.401639344262294973e-01
3.238866396761133637e-02
7.983193277310923763e-02
4.545454545454545581e-02
9.623430962343096362e-02
1.405622489959839350e-01
5.701754385964911964e-02
1.687763713080168634e-02
1.355932203389830504e-01
2.941176470588235253e-02
5.882352941176470507e-02
3.813559322033898552e-02
1.632653061224489943e-02
1.052631578947368363e-01
2.429149797570850228e-02
6.808510638297872453e-02
3.543307086614173179e-02
3.952569169960474388e-02
9.745762711864407180e-02
4.149377593360995854e-03
0.000000000000000000e+00
0.000000000000000000e+00
5.761316872427983682e-02
5.106382978723403993e-02
5.063291139240506250e-02
4.098360655737705131e-03
3.797468354430379861e-02
1.234567901234567833e-02
3.781512605042016556e-02
8.097165991902834092e-03
8.333333333333332871e-02
3.238866396761133637e-02
4.132231404958677801e-03
2.880658436213991841e-02
1.209677419354838676e-02
4.347826086956521792e-03
8.438818565400843519e-02
2.811244979919678630e-02
7.569721115537848821e-02
5.084745762711864736e-02
8.936170212765957854e-02
0.000000000000000000e+00
1.652892561983471120e-02
0.000000000000000000e+00
1.282051282051282007e-02
1.646090534979424008e-02
2.024291497975708523e-02
4.000000000000000083e-03
2.074688796680497840e-02
2.040816326530612082e-02
3.187250996015936200e-02
4.310344827586207184e-02
0.000000000000000000e+00
5.976095617529880721e-02
3.212851405622489664e-02
1.724137931034482735e-02
7.563025210084033112e-02
6.060606060606060774e-02
8.032128514056224161e-03
4.564315352697095179e-02
1.287553648068669523e-02
2.083333333333333218e-02
5.907172995780590741e-02
1.234567901234567833e-02
6.896551724137930939e-02
8.438818565400843172e-03
3.571428571428571230e-02
2.892561983471074460e-02
8.510638297872340566e-03
8.368200836820082963e-03
1.612903225806451568e-02
2.991452991452991581e-02
0.000000000000000000e+00
7.142857142857142461e-02
2.531645569620253125e-02
0.000000000000000000e+00
0.000000000000000000e+00
4.132231404958677801e-02
1.229508196721311453e-01
5.284552845528455584e-02
1.083333333333333370e-01
6.722689075630251809e-02
9.053497942386831698e-02
2.109704641350210880e-02
0.000000000000000000e+00
4.583333333333333010e-02
7.468879668049792364e-02
6.504065040650407192e-02
2.145922746781115872e-02
0.000000000000000000e+00
5.327868852459016064e-02
3.951612903225806273e-01
0.000000000000000000e+00
1.306122448979591955e-01
7.531380753138075534e-02
4.661016949152542443e-02
5.063291139240506250e-02
7.531380753138075534e-02
1.960784313725490169e-02
7.916666666666666297e-02
0.000000000000000000e+00
4.721030042918455266e-02
8.583690987124463490e-03
6.465517241379310776e-02
2.419354838709677352e-02
1.287553648068669523e-02
4.938271604938271331e-02
8.860759493670886111e-02
8.502024291497975450e-02
8.510638297872340566e-03
7.630522088353414167e-02
4.838709677419354704e-02
0.000000000000000000e+00
1.016949152542372947e-01
1.255230125523012531e-02
5.833333333333333426e-02
4.132231404958677801e-03
8.130081300813008990e-03
2.049180327868852305e-02
3.030303030303030387e-02
5.128205128205128027e-02
1.709401709401709574e-02
3.658536585365853439e-02
1.219512195121951262e-02
0.000000000000000000e+00
3.375527426160337269e-02
4.115226337448559674e-02
2.586206896551724102e-02
