7.213114754098360892e-01
9.446808510638298184e-01
9.714285714285714191e-01
8.506224066390041250e-01
7.851239669421488099e-01
9.336099585062240802e-01
9.421487603305784830e-01
9.655172413793103869e-01
9.552845528455284896e-01
9.458333333333333037e-01
9.710743801652892415e-01
9.711934156378601024e-01
9.361702127659574657e-01
9.385245901639344135e-01
9.372384937238493752e-01
9.300411522633744710e-01
8.033472803347280200e-01
8.000000000000000444e-01
9.525862068965517127e-01
8.305084745762711940e-01
9.401709401709401615e-01
9.709543568464730212e-01
9.678714859437751450e-01
8.326530612244897878e-01
9.549180327868852514e-01
9.451476793248945185e-01
9.617021276595744128e-01
9.267241379310344751e-01
9.533898305084745894e-01
9.552845528455284896e-01
9.294605809128630991e-01
9.177489177489177585e-01
9.551020408163265474e-01
8.623481781376518551e-01
9.803921568627450567e-01
9.508196721311474864e-01
9.672131147540983243e-01
9.612068965517240882e-01
9.314516129032257563e-01
9.668049792531120401e-01
9.789915966386554258e-01
8.525896414342629681e-01
9.433198380566801822e-01
9.285714285714286031e-01
9.615384615384615641e-01
9.755102040816326925e-01
8.007968127490039389e-01
9.316239316239316448e-01
9.433198380566801822e-01
9.479999999999999538e-01
9.795081967213115082e-01
7.787234042553191626e-01
9.495798319327730663e-01
9.673469387755102566e-01
8.704453441295546545e-01
9.679999999999999716e-01
8.658536585365853577e-01
9.385245901639344135e-01
8.380566801619433459e-01
9.265306122448979664e-01
9.333333333333333481e-01
8.270042194092827037e-01
9.591836734693877098e-01
7.974683544303797778e-01
8.347107438016528880e-01
9.067796610169491789e-01
8.448979591836734970e-01
9.432314410480349132e-01
8.326693227091633842e-01
9.493670886075948889e-01
9.291666666666666963e-01
8.830645161290322509e-01
9.449152542372881713e-01
9.451476793248945185e-01
8.347457627118644030e-01
9.673469387755102566e-01
9.537815126050420700e-01
9.754098360655737432e-01
7.991631799163180228e-01
9.552845528455284896e-01
7.711864406779661563e-01
9.628099173553719137e-01
9.497907949790794779e-01
9.308943089430894435e-01
9.512195121951219079e-01
9.462809917355371470e-01
8.655462184873949916e-01
9.430894308943089666e-01
9.465020576131687458e-01
9.625000000000000222e-01
8.271604938271605034e-01
9.676113360323886914e-01
9.588477366255143686e-01
9.338842975206611552e-01
7.991967871485943231e-01
9.335937500000000000e-01
9.268292682926829729e-01
9.598393574297188202e-01
9.416666666666666519e-01
9.541666666666667185e-01
9.316239316239316448e-01
8.865546218487394547e-01
9.628099173553719137e-01
8.016194331983805821e-01
8.155737704918032405e-01
9.482758620689655249e-01
9.319148936170212894e-01
9.308943089430894435e-01
9.743589743589743390e-01
9.310344827586206629e-01
9.610389610389610260e-01
9.539748953974895862e-01
9.670781893004115615e-01
9.416666666666666519e-01
9.176954732510288482e-01
9.788135593220338437e-01
9.333333333333333481e-01
9.615384615384615641e-01
9.028340080971659631e-01
9.637096774193548709e-01
9.617021276595744128e-01
9.623430962343095807e-01
9.152542372881355970e-01
9.623430962343095807e-01
9.639999999999999680e-01
8.879668049792530660e-01
9.397590361445783413e-01
9.626556016597510590e-01
7.606837606837606458e-01
9.625000000000000222e-01
9.749999999999999778e-01
9.456066945606694807e-01
9.506172839506172867e-01
9.124999999999999778e-01
9.317269076305221276e-01
9.875518672199170567e-01
9.428571428571428381e-01
8.163265306122449161e-01
9.678714859437751450e-01
9.395161290322581182e-01
9.583333333333333703e-01
8.305785123966942241e-01
9.449152542372881713e-01
9.661016949152542166e-01
9.631147540983606703e-01
9.354838709677418818e-01
9.837398373983740063e-01
9.641434262948207490e-01
9.539748953974895862e-01
9.552845528455284896e-01
9.109311740890688736e-01
8.502024291497976005e-01
9.586776859504132497e-01
9.487179487179486781e-01
9.709543568464730212e-01
9.364406779661016422e-01
9.576271186440677985e-01
9.489361702127659948e-01
9.265306122448979664e-01
9.871244635193132666e-01
9.208333333333332815e-01
9.583333333333333703e-01
9.475806451612903691e-01
9.380165289256198191e-01
9.049586776859503967e-01
9.426229508196721785e-01
9.588477366255143686e-01
9.758064516129032473e-01
8.230088495575220708e-01
9.508196721311474864e-01
9.288702928870292697e-01
9.370078740157480324e-01
9.271255060728744724e-01
9.711934156378601024e-01
9.601593625498008322e-01
9.316239316239316448e-01
9.559471365638766427e-01
8.691983122362869629e-01
9.267241379310344751e-01
9.279661016949152241e-01
9.279661016949152241e-01
9.703389830508474256e-01
9.453781512605041737e-01
9.533898305084745894e-01
9.716599190283400356e-01
9.574468085106383475e-01
8.438818565400844074e-01
7.901234567901234129e-01
9.300411522633744710e-01
8.253968253968253510e-01
8.534482758620689502e-01
9.028340080971659631e-01
9.504132231404959219e-01
7.763713080168775926e-01
8.474576271186440302e-01
9.471544715447154372e-01
9.244444444444444020e-01
9.453781512605041737e-01
8.493723849372385448e-01
9.491525423728813804e-01
9.539748953974895862e-01
9.423868312757202048e-01
9.017094017094017255e-01
7.894736842105263275e-01
9.539748953974895862e-01
9.166666666666666297e-01
8.644067796610169774e-01
8.760330578512396382e-01
9.338842975206611552e-01
9.344262295081967595e-01
9.369747899159663884e-01
9.268292682926829729e-01
8.395061728395061262e-01
9.665271966527196890e-01
9.068825910931174183e-01
9.578059071729957408e-01
9.467213114754098324e-01
9.495798319327730663e-01
9.279661016949152241e-01
9.314516129032257563e-01
9.629629629629629095e-01
9.574468085106383475e-01
9.588477366255143686e-01
8.291666666666667185e-01
9.666666666666666741e-01
9.711934156378601024e-01
7.685950413223140432e-01
9.453781512605041737e-01
9.586776859504132497e-01
9.139344262295081567e-01
8.132780082987551840e-01
9.369747899159663884e-01
9.380530973451327581e-01
7.663934426229508379e-01
9.745762711864406347e-01
8.152610441767068616e-01
8.049792531120332217e-01
9.537815126050420700e-01
9.328063241106719916e-01
9.707112970711296862e-01
8.270042194092827037e-01
8.632478632478632896e-01
9.593495934959349603e-01
9.523809523809523281e-01
9.713114754098360892e-01
8.750000000000000000e-01
9.227642276422763912e-01
9.545454545454545858e-01
9.539748953974895862e-01
9.333333333333333481e-01
8.151260504201680579e-01
9.180327868852459217e-01
9.521912350597609986e-01
7.862903225806451291e-01
9.662447257383965926e-01
8.879668049792530660e-01
9.364406779661016422e-01
9.495798319327730663e-01
9.416666666666666519e-01
9.531914893617021711e-01
9.606986899563318971e-01
9.629629629629629095e-01
9.533898305084745894e-01
8.547008547008546619e-01
9.617021276595744128e-01
8.140495867768594573e-01
9.473684210526315264e-01
9.479999999999999538e-01
9.658119658119658224e-01
9.673469387755102566e-01
9.484126984126983739e-01
9.678714859437751450e-01
9.380165289256198191e-01
9.426229508196721785e-01
7.619047619047618625e-01
9.479999999999999538e-01
9.570815450643777034e-01
9.243697478991597105e-01
8.380566801619433459e-01
9.541666666666667185e-01
9.714285714285714191e-01
9.533898305084745894e-01
8.464730290456431439e-01
9.593495934959349603e-01
8.106995884773662286e-01
9.702127659574467655e-01
8.719008264462809743e-01
7.341772151898734444e-01
9.576271186440677985e-01
9.462809917355371470e-01
9.256198347107438273e-01
9.506172839506172867e-01
9.430894308943089666e-01
9.489361702127659948e-01
9.751037344398340023e-01
9.428571428571428381e-01
9.375000000000000000e-01
9.243697478991597105e-01
8.978723404255318785e-01
8.137651821862348367e-01
9.521739130434783149e-01
8.506224066390041250e-01
9.578059071729957408e-01
9.477911646586345551e-01
9.790794979079497917e-01
7.751004016064256819e-01
9.570815450643777034e-01
9.487179487179486781e-01
9.757085020242914908e-01
9.105691056910568681e-01
9.456066945606694807e-01
9.087136929460580825e-01
7.594936708860760000e-01
8.388429752066115519e-01
8.547717842323651061e-01
9.545454545454545858e-01
8.312236286919830741e-01
9.502074688796680046e-01
9.543568464730290968e-01
9.465020576131687458e-01
8.227848101265823333e-01
9.745762711864406347e-01
9.442231075697211651e-01
9.428571428571428381e-01
9.385245901639344135e-01
7.203389830508474256e-01
9.375000000000000000e-01
8.497854077253218508e-01
9.402390438247012483e-01
9.590163934426229053e-01
8.619246861924686476e-01
9.623430962343095807e-01
9.364406779661016422e-01
9.333333333333333481e-01
9.502074688796680046e-01
8.305084745762711940e-01
9.306122448979591288e-01
9.676113360323886914e-01
7.863247863247863068e-01
7.894736842105263275e-01
9.547325102880658276e-01
9.180327868852459217e-01
9.545454545454545858e-01
9.700854700854700807e-01
9.708333333333333259e-01
9.367088607594936667e-01
9.471544715447154372e-01
9.113924050632911111e-01
9.186991869918699205e-01
9.632653061224489832e-01
9.516129032258064946e-01
9.749999999999999778e-01
9.344262295081967595e-01
8.425531914893616969e-01
7.896995708154506133e-01
9.352226720647773828e-01
9.382716049382715529e-01
8.924302788844621359e-01
8.861788617886179331e-01
9.620253164556962222e-01
9.552845528455284896e-01
9.372384937238493752e-01
9.428571428571428381e-01
9.419087136929460424e-01
8.934426229508196649e-01
9.871244635193132666e-01
9.367088607594936667e-01
9.032258064516128782e-01
9.358974358974359031e-01
8.458333333333333259e-01
9.751037344398340023e-01
9.336099585062240802e-01
9.583333333333333703e-01
9.482758620689655249e-01
9.353448275862068506e-01
9.458333333333333037e-01
9.543568464730290968e-01
9.628099173553719137e-01
8.971193415637860324e-01
9.102040816326530948e-01
9.655172413793103869e-01
9.553571428571429047e-01
8.644067796610169774e-01
8.489795918367346594e-01
9.669421487603305776e-01
9.669421487603305776e-01
9.423868312757202048e-01
8.145161290322581182e-01
9.449152542372881713e-01
8.870292887029288531e-01
9.145299145299145005e-01
9.482758620689655249e-01
9.396551724137931494e-01
9.623430962343095807e-01
9.698275862068965747e-01
9.262295081967213406e-01
9.268292682926829729e-01
8.076923076923077094e-01
9.554655870445344368e-01
9.618644067796610075e-01
9.508196721311474864e-01
8.644067796610169774e-01
9.672131147540983243e-01
9.493670886075948889e-01
9.393939393939394478e-01
9.832635983263597890e-01
9.618644067796610075e-01
9.297520661157024913e-01
9.714285714285714191e-01
9.581589958158995834e-01
9.145299145299145005e-01
9.291666666666666963e-01
9.713114754098360892e-01
9.460580912863070235e-01
7.968127490039840222e-01
8.653061224489796421e-01
9.369747899159663884e-01
9.211618257261410259e-01
9.502074688796680046e-01
8.925619834710744049e-01
9.451476793248945185e-01
9.477911646586345551e-01
8.395061728395061262e-01
9.387755102040816757e-01
9.556451612903226200e-01
9.625000000000000222e-01
7.401574803149606474e-01
8.674698795180723065e-01
9.288702928870292697e-01
9.341563786008230119e-01
9.176954732510288482e-01
8.089430894308943243e-01
9.303278688524589946e-01
9.543568464730290968e-01
9.391304347826087140e-01
8.865546218487394547e-01
9.581589958158995834e-01
8.577405857740585393e-01
9.295154185022026505e-01
8.408163265306122236e-01
8.870292887029288531e-01
9.678714859437751450e-01
9.668049792531120401e-01
9.430894308943089666e-01
9.497907949790794779e-01
9.392712550607287270e-01
8.416666666666666741e-01
8.347107438016528880e-01
9.698275862068965747e-01
8.588709677419354982e-01
9.835390946502057252e-01
9.434782608695652106e-01
8.189300411522634215e-01
9.193548387096773800e-01
9.208333333333332815e-01
8.672199170124481604e-01
9.317269076305221276e-01
9.742489270386266442e-01
9.460580912863070235e-01
9.322709163346613037e-01
7.685950413223140432e-01
9.541666666666667185e-01
9.419087136929460424e-01
9.268292682926829729e-01
9.672131147540983243e-01
9.541666666666667185e-01
7.966804979253111485e-01
9.246861924686192724e-01
9.576271186440677985e-01
9.439999999999999503e-01
9.112903225806451291e-01
9.456066945606694807e-01
9.567099567099567325e-01
9.170124481327800448e-01
9.708333333333333259e-01
8.423236514522821627e-01
9.320000000000000506e-01
9.487179487179486781e-01
9.714285714285714191e-01
7.364016736401673979e-01
9.576271186440677985e-01
9.585062240663900779e-01
9.784482758620689502e-01
8.510638297872340496e-01
9.753086419753086433e-01
9.620253164556962222e-01
9.707112970711296862e-01
9.665271966527196890e-01
9.411764705882352811e-01
9.556451612903226200e-01
8.518518518518518601e-01
9.444444444444444198e-01
9.514170040485829816e-01
9.310344827586206629e-01
9.364406779661016422e-01
9.625000000000000222e-01
9.156118143459915926e-01
9.543568464730290968e-01
9.512195121951219079e-01
9.495798319327730663e-01
9.300411522633744710e-01
9.552845528455284896e-01
8.693877551020408045e-01
8.816326530612245138e-01
9.625000000000000222e-01
8.305084745762711940e-01
9.745762711864406347e-01
9.497907949790794779e-01
8.776371308016878148e-01
9.793388429752065694e-01
9.516129032258064946e-01
9.426229508196721785e-01
9.083665338645418030e-01
9.763779527559055538e-01
9.227467811158798217e-01
8.663967611336031993e-01
9.613733905579399108e-01
9.547325102880658276e-01
9.744680851063829419e-01
9.330543933054393779e-01
9.504132231404959219e-01
9.166666666666666297e-01
8.995815899581589559e-01
9.661016949152542166e-01
9.267241379310344751e-01
9.139344262295081567e-01
9.574468085106383475e-01
9.071729957805907407e-01
9.303278688524589946e-01
9.250000000000000444e-01
9.583333333333333703e-01
9.416666666666666519e-01
9.574468085106383475e-01
9.753086419753086433e-01
7.551020408163264808e-01
9.364406779661016422e-01
7.753303964757709554e-01
9.621848739495798553e-01
9.527896995708154959e-01
9.508196721311474864e-01
9.310344827586206629e-01
9.746835443037974445e-01
9.545454545454545858e-01
8.395061728395061262e-01
9.691629955947136388e-01
9.008620689655172376e-01
9.826839826839827152e-01
9.545454545454545858e-01
9.512195121951219079e-01
9.541666666666667185e-01
9.411764705882352811e-01
9.531914893617021711e-01
9.699570815450643257e-01
9.049586776859503967e-01
8.119658119658119677e-01
9.506172839506172867e-01
8.117154811715481255e-01
9.710743801652892415e-01
9.102564102564102422e-01
8.495934959349593640e-01
9.356223175965665551e-01
9.625000000000000222e-01
9.446808510638298184e-01
8.438818565400844074e-01
9.475806451612903691e-01
9.714285714285714191e-01
9.282700421940928148e-01
9.338842975206611552e-01
9.793388429752065694e-01
9.666666666666666741e-01
9.487179487179486781e-01
9.570815450643777034e-01
9.586776859504132497e-01
7.967479674796748013e-01
9.512195121951219079e-01
7.639484978540772575e-01
9.489361702127659948e-01
9.327731092436974958e-01
9.751037344398340023e-01
9.836734693877551283e-01
8.034188034188034511e-01
9.713114754098360892e-01
8.949579831932773510e-01
9.599999999999999645e-01
9.230769230769231282e-01
9.437751004016063927e-01
9.367588932806324431e-01
9.336099585062240802e-01
9.406779661016949623e-01
8.073770491803278215e-01
8.047808764940238557e-01
8.286852589641434674e-01
9.700854700854700807e-01
6.983471074380165344e-01
8.319672131147540783e-01
9.598393574297188202e-01
9.583333333333333703e-01
9.527896995708154959e-01
8.744939271255061097e-01
9.205020920502091641e-01
9.915611814345991482e-01
9.372384937238493752e-01
8.893617021276595258e-01
9.493670886075948889e-01
9.277108433734939652e-01
9.473684210526315264e-01
9.233870967741935054e-01
9.718875502008031964e-01
9.791666666666666297e-01
9.442060085836909700e-01
9.572649572649573058e-01
9.414225941422593724e-01
9.713114754098360892e-01
9.208333333333332815e-01
9.421487603305784830e-01
9.367088607594936667e-01
9.713114754098360892e-01
9.330543933054393779e-01
9.615384615384615641e-01
9.300411522633744710e-01
9.460580912863070235e-01
8.016528925619834656e-01
8.110236220472440971e-01
9.439655172413793371e-01
9.375000000000000000e-01
7.844827586206896131e-01
9.121338912133891696e-01
9.554655870445344368e-01
9.350649350649350433e-01
9.456066945606694807e-01
9.327731092436974958e-01
9.666666666666666741e-01
9.565217391304348116e-01
8.319672131147540783e-01
9.709543568464730212e-01
8.326530612244897878e-01
8.049792531120332217e-01
9.297520661157024913e-01
9.673469387755102566e-01
9.793388429752065694e-01
9.543568464730290968e-01
9.426229508196721785e-01
9.475806451612903691e-01
9.656652360515021183e-01
9.543568464730290968e-01
9.590163934426229053e-01
9.665271966527196890e-01
9.049586776859503967e-01
7.768595041322313710e-01
7.800829875518672241e-01
9.310344827586206629e-01
9.465020576131687458e-01
9.634146341463414309e-01
7.615062761506276034e-01
9.559999999999999609e-01
9.380165289256198191e-01
9.545454545454545858e-01
9.319148936170212894e-01
9.401709401709401615e-01
9.475806451612903691e-01
9.502074688796680046e-01
8.340080971659918907e-01
9.707112970711296862e-01
9.409282700421941481e-01
9.142857142857142572e-01
8.842975206611570771e-01
9.434782608695652106e-01
9.493670886075948889e-01
9.545454545454545858e-01
9.626556016597510590e-01
9.613733905579399108e-01
8.641975308641974829e-01
9.747899159663865332e-01
9.341563786008230119e-01
9.090909090909090606e-01
9.375000000000000000e-01
9.617021276595744128e-01
9.465020576131687458e-01
9.399141630901287625e-01
9.533898305084745894e-01
7.704918032786884918e-01
8.340248962655602005e-01
9.382716049382715529e-01
9.079497907949790614e-01
9.665271966527196890e-01
7.959183673469387710e-01
9.629629629629629095e-01
9.253112033195021180e-01
9.711934156378601024e-01
9.699570815450643257e-01
9.493670886075948889e-01
8.016877637130801482e-01
9.543568464730290968e-01
9.094650205761316553e-01
8.373983739837398410e-01
9.116465863453815377e-01
9.482758620689655249e-01
9.754098360655737432e-01
8.199999999999999512e-01
9.421487603305784830e-01
9.545454545454545858e-01
9.665271966527196890e-01
8.159999999999999476e-01
8.765957446808511078e-01
9.746835443037974445e-01
9.527559055118109965e-01
9.132231404958677246e-01
9.265306122448979664e-01
9.071729957805907407e-01
9.610389610389610260e-01
9.625000000000000222e-01
9.724409448818898127e-01
9.213973799126637942e-01
7.848605577689242718e-01
9.615384615384615641e-01
9.670781893004115615e-01
9.535864978902953704e-01
8.266129032258064946e-01
9.596774193548387455e-01
9.268292682926829729e-01
9.372384937238493752e-01
9.156118143459915926e-01
9.543568464730290968e-01
9.110169491525423879e-01
8.114754098360655865e-01
8.536585365853658347e-01
9.477911646586345551e-01
9.395161290322581182e-01
9.797570850202429460e-01
9.310344827586206629e-01
9.718875502008031964e-01
9.694323144104803891e-01
9.579831932773109626e-01
9.539748953974895862e-01
9.718875502008031964e-01
8.154506437768240801e-01
8.473895582329317167e-01
9.668049792531120401e-01
9.635627530364372362e-01
8.647540983606557541e-01
9.349593495934959142e-01
8.755186721991701226e-01
9.344262295081967595e-01
9.414225941422593724e-01
9.055793991416308808e-01
8.451882845188284366e-01
9.797570850202429460e-01
9.201680672268907069e-01
8.249999999999999556e-01
8.284518828451883365e-01
9.631147540983606703e-01
9.579831932773109626e-01
9.170305676855895483e-01
9.556451612903226200e-01
9.756097560975609539e-01
8.196721311475410054e-01
9.789915966386554258e-01
9.711934156378601024e-01
9.294605809128630991e-01
9.041666666666666741e-01
8.178137651821861809e-01
9.411764705882352811e-01
7.656903765690377117e-01
9.372384937238493752e-01
8.200836820083682310e-01
8.273092369477911268e-01
9.282700421940928148e-01
9.098360655737705027e-01
9.535864978902953704e-01
9.146341463414634498e-01
9.166666666666666297e-01
8.305785123966942241e-01
9.380165289256198191e-01
9.655172413793103869e-01
9.504132231404959219e-01
9.446808510638298184e-01
9.460580912863070235e-01
8.197424892703862875e-01
9.314516129032257563e-01
8.911290322580645018e-01
9.294605809128630991e-01
9.751037344398340023e-01
9.328063241106719916e-01
8.262711864406779849e-01
8.060344827586206629e-01
9.367088607594936667e-01
7.654320987654320563e-01
9.578059071729957408e-01
9.462809917355371470e-01
9.537815126050420700e-01
9.201680672268907069e-01
8.185654008438818519e-01
9.585062240663900779e-01
9.482071713147410819e-01
9.297520661157024913e-01
9.579831932773109626e-01
9.482758620689655249e-01
8.196721311475410054e-01
9.512195121951219079e-01
9.259259259259259300e-01
9.702127659574467655e-01
9.666666666666666741e-01
8.518518518518518601e-01
9.753086419753086433e-01
9.604743083003952631e-01
8.381742738589211816e-01
9.385245901639344135e-01
9.678714859437751450e-01
9.586776859504132497e-01
9.382716049382715529e-01
8.666666666666666963e-01
9.877049180327869271e-01
9.554655870445344368e-01
9.467213114754098324e-01
9.559999999999999609e-01
9.354838709677418818e-01
9.358974358974359031e-01
9.330543933054393779e-01
9.068825910931174183e-01
9.543568464730290968e-01
9.282868525896413869e-01
9.487179487179486781e-01
9.663865546218487479e-01
9.629629629629629095e-01
9.159663865546218142e-01
9.493670886075948889e-01
9.620253164556962222e-01
9.740259740259740173e-01
9.456066945606694807e-01
9.593495934959349603e-01
9.399141630901287625e-01
9.121338912133891696e-01
9.677419354838709964e-01
9.709543568464730212e-01
9.270386266094420291e-01
9.599999999999999645e-01
7.824267782426778117e-01
9.612068965517240882e-01
9.465020576131687458e-01
9.493670886075948889e-01
9.635627530364372362e-01
9.375000000000000000e-01
7.896995708154506133e-01
9.567099567099567325e-01
9.495798319327730663e-01
9.508196721311474864e-01
9.458333333333333037e-01
9.423868312757202048e-01
9.565217391304348116e-01
9.419087136929460424e-01
9.465020576131687458e-01
7.590361445783132543e-01
8.137651821862348367e-01
9.579831932773109626e-01
9.456066945606694807e-01
9.631147540983606703e-01
9.543568464730290968e-01
9.319148936170212894e-01
9.294605809128630991e-01
8.381742738589211816e-01
9.659574468085105892e-01
9.915966386554622147e-01
9.497907949790794779e-01
8.416666666666666741e-01
9.745762711864406347e-01
9.221311475409835756e-01
9.659574468085105892e-01
9.347826086956522174e-01
9.590163934426229053e-01
9.545454545454545858e-01
8.305084745762711940e-01
9.487179487179486781e-01
8.033472803347280200e-01
9.612068965517240882e-01
8.264462809917355601e-01
9.338842975206611552e-01
9.406779661016949623e-01
9.372384937238493752e-01
9.338842975206611552e-01
9.588477366255143686e-01
9.462809917355371470e-01
9.487179487179486781e-01
9.709543568464730212e-01
9.352226720647773828e-01
9.751037344398340023e-01
9.563318777292576511e-01
9.271255060728744724e-01
9.439999999999999503e-01
9.306122448979591288e-01
8.947368421052631637e-01
7.851239669421488099e-01
9.662447257383965926e-01
8.983739837398373451e-01
9.665271966527196890e-01
9.754098360655737432e-01
8.318584070796459784e-01
9.626556016597510590e-01
8.291666666666667185e-01
9.549180327868852514e-01
9.746835443037974445e-01
7.903225806451612545e-01
7.872340425531915153e-01
9.380165289256198191e-01
9.586776859504132497e-01
9.322033898305084332e-01
9.259259259259259300e-01
9.491525423728813804e-01
9.514170040485829816e-01
9.338842975206611552e-01
9.761904761904761640e-01
9.495798319327730663e-01
9.453781512605041737e-01
9.253112033195021180e-01
7.634854771784231886e-01
9.682539682539682557e-01
9.506172839506172867e-01
9.610389610389610260e-01
9.489361702127659948e-01
9.554655870445344368e-01
9.531914893617021711e-01
9.746835443037974445e-01
9.554655870445344368e-01
9.361702127659574657e-01
9.393939393939394478e-01
9.579831932773109626e-01
9.504132231404959219e-01
8.285714285714286254e-01
8.122448979591836427e-01
9.256198347107438273e-01
7.676348547717842807e-01
9.234042553191489366e-01
9.782608695652174058e-01
9.072580645161290036e-01
9.288702928870292697e-01
9.320000000000000506e-01
8.893280632411066922e-01
9.625000000000000222e-01
9.401709401709401615e-01
9.487179487179486781e-01
9.549180327868852514e-01
8.373015873015873245e-01
8.318965517241379004e-01
8.613445378151260989e-01
9.670781893004115615e-01
9.387755102040816757e-01
9.456066945606694807e-01
9.556451612903226200e-01
8.268398268398268192e-01
9.535864978902953704e-01
8.791666666666666519e-01
9.380165289256198191e-01
8.388429752066115519e-01
9.499999999999999556e-01
9.411764705882352811e-01
8.571428571428570953e-01
8.109243697478991653e-01
9.635627530364372362e-01
9.419087136929460424e-01
9.421487603305784830e-01
8.112449799196786993e-01
9.629629629629629095e-01
9.390243902439023849e-01
9.439999999999999503e-01
8.622047244094488416e-01
9.588477366255143686e-01
8.196721311475410054e-01
8.607594936708861111e-01
8.786610878661087476e-01
9.707112970711296862e-01
9.128630705394190636e-01
8.368200836820083310e-01
8.292682926829267887e-01
9.453781512605041737e-01
9.325396825396825573e-01
9.612068965517240882e-01
7.288135593220338437e-01
7.943548387096773800e-01
9.191489361702127603e-01
9.462809917355371470e-01
9.059829059829059839e-01
8.423236514522821627e-01
9.834024896265559645e-01
7.573221757322176062e-01
9.460580912863070235e-01
9.291666666666666963e-01
9.414225941422593724e-01
9.663865546218487479e-01
7.748917748917748538e-01
9.656652360515021183e-01
9.578059071729957408e-01
9.428571428571428381e-01
9.200000000000000400e-01
9.094827586206896131e-01
9.428571428571428381e-01
9.875518672199170567e-01
9.662447257383965926e-01
9.533898305084745894e-01
9.788135593220338437e-01
9.518072289156626065e-01
9.211618257261410259e-01
9.787234042553191182e-01
9.511111111111111294e-01
9.588477366255143686e-01
9.666666666666666741e-01
9.590163934426229053e-01
9.699570815450643257e-01
9.319148936170212894e-01
7.656903765690377117e-01
8.379446640316206008e-01
9.300411522633744710e-01
9.634146341463414309e-01
9.661016949152542166e-01
8.717948717948718063e-01
9.499999999999999556e-01
8.073770491803278215e-01
9.426229508196721785e-01
9.456066945606694807e-01
9.593495934959349603e-01
9.401709401709401615e-01
9.186991869918699205e-01
8.312757201646090444e-01
9.357429718875501790e-01
8.192771084337349130e-01
8.292682926829267887e-01
9.333333333333333481e-01
9.637096774193548709e-01
9.590163934426229053e-01
9.628099173553719137e-01
8.683127572016461349e-01
9.704641350210970741e-01
9.565217391304348116e-01
9.045643153526971014e-01
9.591836734693877098e-01
9.559999999999999609e-01
9.547325102880658276e-01
9.551020408163265474e-01
9.679999999999999716e-01
9.372384937238493752e-01
9.330543933054393779e-01
9.578059071729957408e-01
9.364406779661016422e-01
8.612244897959183687e-01
9.645669291338582196e-01
8.354430379746835555e-01
9.423868312757202048e-01
9.717741935483871218e-01
8.333333333333333703e-01
9.203187250996015534e-01
9.545454545454545858e-01
8.547717842323651061e-01
9.477911646586345551e-01
9.453781512605041737e-01
9.506172839506172867e-01
9.606986899563318971e-01
9.576271186440677985e-01
8.808510638297872841e-01
9.795918367346938549e-01
8.902439024390244038e-01
9.533898305084745894e-01
9.666666666666666741e-01
9.462809917355371470e-01
8.734177215189873333e-01
9.632653061224489832e-01
9.705882352941176405e-01
9.426229508196721785e-01
9.467213114754098324e-01
9.414225941422593724e-01
9.453781512605041737e-01
9.525862068965517127e-01
9.079497907949790614e-01
9.514170040485829816e-01
9.585062240663900779e-01
9.632653061224489832e-01
9.487179487179486781e-01
9.391304347826087140e-01
9.502074688796680046e-01
9.217391304347826164e-01
9.579831932773109626e-01
9.549180327868852514e-01
9.552845528455284896e-01
8.928571428571429047e-01
7.848101265822784445e-01
9.372384937238493752e-01
9.829787234042552946e-01
9.061224489795918213e-01
8.353909465020575853e-01
9.397590361445783413e-01
8.540772532188841693e-01
9.665271966527196890e-01
9.465020576131687458e-01
9.504132231404959219e-01
8.185483870967742437e-01
8.000000000000000444e-01
9.714285714285714191e-01
9.525862068965517127e-01
8.392156862745098200e-01
9.047619047619047672e-01
9.568965517241379004e-01
8.438818565400844074e-01
9.756097560975609539e-01
9.537815126050420700e-01
9.666666666666666741e-01
9.521739130434783149e-01
9.414225941422593724e-01
9.380165289256198191e-01
8.281938325991189398e-01
9.012345679012345734e-01
9.670781893004115615e-01
9.166666666666666297e-01
8.577405857740585393e-01
7.628458498023715784e-01
9.677419354838709964e-01
8.117154811715481255e-01
9.475982532751091592e-01
9.399141630901287625e-01
9.519999999999999574e-01
9.541666666666667185e-01
9.709543568464730212e-01
9.547325102880658276e-01
9.132231404958677246e-01
8.655462184873949916e-01
9.430894308943089666e-01
9.467213114754098324e-01
9.663865546218487479e-01
9.547325102880658276e-01
9.628099173553719137e-01
9.399999999999999467e-01
9.669421487603305776e-01
8.739495798319327768e-01
8.389830508474576121e-01
7.923728813559322015e-01
9.747899159663865332e-01
9.533898305084745894e-01
9.467213114754098324e-01
9.742489270386266442e-01
9.618644067796610075e-01
9.628099173553719137e-01
9.612068965517240882e-01
9.146341463414634498e-01
8.719008264462809743e-01
8.916666666666667185e-01
9.533898305084745894e-01
9.869565217391303991e-01
9.625000000000000222e-01
9.628099173553719137e-01
7.644628099173553792e-01
7.800829875518672241e-01
9.460580912863070235e-01
9.497907949790794779e-01
7.249999999999999778e-01
9.294605809128630991e-01
9.702127659574467655e-01
9.583333333333333703e-01
9.324894514767932963e-01
9.397590361445783413e-01
9.277108433734939652e-01
9.673469387755102566e-01
9.579831932773109626e-01
9.469026548672566657e-01
9.621848739495798553e-01
9.336099585062240802e-01
9.267241379310344751e-01
8.249999999999999556e-01
8.306451612903226200e-01
8.230452674897119625e-01
9.563492063492063933e-01
8.940677966101694407e-01
9.094650205761316553e-01
9.346938775510204023e-01
8.809523809523809312e-01
9.456066945606694807e-01
9.369747899159663884e-01
9.426229508196721785e-01
9.568965517241379004e-01
9.414225941422593724e-01
9.277108433734939652e-01
9.508196721311474864e-01
9.659574468085105892e-01
8.049792531120332217e-01
8.495934959349593640e-01
8.641975308641974829e-01
9.673469387755102566e-01
9.668049792531120401e-01
8.613445378151260989e-01
9.475806451612903691e-01
9.665271966527196890e-01
9.537815126050420700e-01
9.310344827586206629e-01
9.221311475409835756e-01
7.541666666666666519e-01
9.159663865546218142e-01
9.152542372881355970e-01
9.435483870967742437e-01
9.471544715447154372e-01
9.708333333333333259e-01
9.482758620689655249e-01
9.669421487603305776e-01
9.579831932773109626e-01
9.626556016597510590e-01
9.669421487603305776e-01
9.702127659574467655e-01
7.727272727272727071e-01
7.923728813559322015e-01
9.504132231404959219e-01
9.702127659574467655e-01
9.543568464730290968e-01
9.537815126050420700e-01
9.672131147540983243e-01
8.625000000000000444e-01
9.572649572649573058e-01
8.677685950413223104e-01
9.352226720647773828e-01
9.276595744680851130e-01
9.434782608695652106e-01
9.319148936170212894e-01
8.565737051792828849e-01
8.119658119658119677e-01
9.396551724137931494e-01
9.578059071729957408e-01
9.753086419753086433e-01
8.347107438016528880e-01
9.543568464730290968e-01
9.606299212598424786e-01
9.421487603305784830e-01
9.779735682819383769e-01
9.751037344398340023e-01
8.395061728395061262e-01
8.220338983050847759e-01
8.790322580645161255e-01
9.399999999999999467e-01
9.628099173553719137e-01
8.565400843881856296e-01
9.444444444444444198e-01
8.313253012048192891e-01
9.715447154471544833e-01
9.745762711864406347e-01
9.753086419753086433e-01
8.874999999999999556e-01
9.458333333333333037e-01
9.205020920502091641e-01
9.194915254237288060e-01
9.790794979079497917e-01
9.681274900398406658e-01
9.623430962343095807e-01
8.524590163934425702e-01
9.397590361445783413e-01
9.670781893004115615e-01
8.225806451612903691e-01
9.787234042553191182e-01
8.240343347639484950e-01
8.583333333333332815e-01
9.629629629629629095e-01
7.957446808510638681e-01
7.366255144032921587e-01
9.465020576131687458e-01
9.581589958158995834e-01
9.504132231404959219e-01
9.710743801652892415e-01
9.467213114754098324e-01
9.453781512605041737e-01
8.008298755186722406e-01
9.669421487603305776e-01
8.639999999999999902e-01
9.382716049382715529e-01
8.614718614718614997e-01
8.686440677966101864e-01
9.437229437229437412e-01
9.465020576131687458e-01
8.252032520325203180e-01
9.623430962343095807e-01
9.612068965517240882e-01
8.382978723404255206e-01
9.519999999999999574e-01
9.191489361702127603e-01
9.320000000000000506e-01
9.265306122448979664e-01
9.554655870445344368e-01
8.085106382978722861e-01
9.448818897637795144e-01
9.527896995708154959e-01
9.439655172413793371e-01
9.430894308943089666e-01
9.757085020242914908e-01
9.649122807017543879e-01
9.665271966527196890e-01
9.672131147540983243e-01
9.634146341463414309e-01
9.789029535864979259e-01
9.574468085106383475e-01
9.477911646586345551e-01
9.663865546218487479e-01
9.291666666666666963e-01
9.783549783549783108e-01
9.827586206896551380e-01
9.521912350597609986e-01
9.591836734693877098e-01
8.617886178861788871e-01
9.456066945606694807e-01
9.595141700404857810e-01
9.695652173913043015e-01
7.642276422764228139e-01
9.798387096774193727e-01
9.341563786008230119e-01
8.418803418803418870e-01
9.262295081967213406e-01
9.499999999999999556e-01
9.365079365079365115e-01
9.354838709677418818e-01
9.748953974895397945e-01
9.259259259259259300e-01
9.493670886075948889e-01
9.792531120331949834e-01
9.702127659574467655e-01
9.551020408163265474e-01
9.497907949790794779e-01
7.542372881355932090e-01
9.268292682926829729e-01
9.493670886075948889e-01
9.224489795918366930e-01
8.445378151260504174e-01
9.670781893004115615e-01
8.347107438016528880e-01
9.545454545454545858e-01
9.873417721518987777e-01
9.484126984126983739e-01
9.083333333333333259e-01
9.533898305084745894e-01
9.346938775510204023e-01
9.112903225806451291e-01
9.183673469387755306e-01
9.221311475409835756e-01
7.299578059071729630e-01
9.595141700404857810e-01
7.966804979253111485e-01
9.556451612903226200e-01
9.579831932773109626e-01
9.478260869565217073e-01
9.233870967741935054e-01
9.632653061224489832e-01
9.285714285714286031e-01
9.319148936170212894e-01
9.372384937238493752e-01
9.547325102880658276e-01
8.672199170124481604e-01
9.506172839506172867e-01
9.166666666666666297e-01
8.559322033898305593e-01
8.857142857142856762e-01
9.487179487179486781e-01
9.702127659574467655e-01
8.962655601659751392e-01
9.428571428571428381e-01
9.585062240663900779e-01
9.395161290322581182e-01
9.458333333333333037e-01
8.088888888888888795e-01
9.499999999999999556e-01
9.659574468085105892e-01
9.380165289256198191e-01
9.444444444444444198e-01
9.673469387755102566e-01
9.442231075697211651e-01
9.554655870445344368e-01
9.391304347826087140e-01
9.529914529914529364e-01
8.319672131147540783e-01
9.372384937238493752e-01
8.081632653061224802e-01
7.982456140350877583e-01
9.493670886075948889e-01
9.699570815450643257e-01
9.341563786008230119e-01
8.278688524590164244e-01
8.704453441295546545e-01
9.579831932773109626e-01
9.586776859504132497e-01
9.707112970711296862e-01
9.277108433734939652e-01
9.342105263157894912e-01
9.746835443037974445e-01
8.262711864406779849e-01
9.453781512605041737e-01
9.411764705882352811e-01
9.237288135593220151e-01
9.551020408163265474e-01
8.016194331983805821e-01
9.554655870445344368e-01
7.617021276595744572e-01
8.740157480314960647e-01
9.486166007905137976e-01
9.364406779661016422e-01
8.423236514522821627e-01
9.132231404958677246e-01
9.572649572649573058e-01
8.724279835390946758e-01
9.489361702127659948e-01
9.704641350210970741e-01
9.426229508196721785e-01
9.409282700421941481e-01
9.506172839506172867e-01
8.991596638655462437e-01
8.582995951417003999e-01
9.666666666666666741e-01
8.421052631578946901e-01
9.586776859504132497e-01
7.530864197530864335e-01
7.903225806451612545e-01
8.652173913043478271e-01
8.016877637130801482e-01
9.076305220883533753e-01
9.402390438247012483e-01
8.940677966101694407e-01
9.702127659574467655e-01
8.728813559322033955e-01
9.752066115702479054e-01
8.063241106719367668e-01
7.435897435897436125e-01
8.353909465020575853e-01
9.149797570850202177e-01
9.479999999999999538e-01
9.709543568464730212e-01
8.612244897959183687e-01
9.442231075697211651e-01
8.706896551724138122e-01
9.516129032258064946e-01
9.402390438247012483e-01
9.076305220883533753e-01
9.568965517241379004e-01
8.529411764705882026e-01
9.653679653679653194e-01
8.554216867469879304e-01
9.460580912863070235e-01
9.656652360515021183e-01
9.416666666666666519e-01
9.620253164556962222e-01
9.465020576131687458e-01
8.318965517241379004e-01
9.493670886075948889e-01
9.246031746031746490e-01
9.545454545454545858e-01
9.021276595744680549e-01
9.581589958158995834e-01
9.556451612903226200e-01
9.059829059829059839e-01
9.489361702127659948e-01
9.369747899159663884e-01
8.734177215189873333e-01
9.634146341463414309e-01
9.458333333333333037e-01
9.421487603305784830e-01
7.991803278688525136e-01
9.593495934959349603e-01
9.666666666666666741e-01
9.327731092436974958e-01
9.423868312757202048e-01
9.451476793248945185e-01
9.397590361445783413e-01
9.291666666666666963e-01
9.377593360995850613e-01
9.227642276422763912e-01
9.656652360515021183e-01
7.416666666666666963e-01
9.713114754098360892e-01
9.193548387096773800e-01
8.951612903225806273e-01
9.795918367346938549e-01
8.284518828451883365e-01
8.601694915254237683e-01
9.198312236286919630e-01
9.456066945606694807e-01
9.568627450980392579e-01
9.375000000000000000e-01
9.583333333333333703e-01
8.369098712446352284e-01
9.699570815450643257e-01
8.146551724137931494e-01
9.677419354838709964e-01
8.540772532188841693e-01
7.860082304526748720e-01
9.662447257383965926e-01
9.352226720647773828e-01
9.319148936170212894e-01
9.598393574297188202e-01
8.548387096774193727e-01
9.297520661157024913e-01
9.152542372881355970e-01
8.368200836820083310e-01
9.333333333333333481e-01
8.347107438016528880e-01
8.089430894308943243e-01
8.196721311475410054e-01
9.653679653679653194e-01
9.615384615384615641e-01
9.529914529914529364e-01
9.390243902439023849e-01
9.674796747967480126e-01
9.271255060728744724e-01
9.662447257383965926e-01
9.547325102880658276e-01
7.991631799163180228e-01
8.723404255319149314e-01
9.615384615384615641e-01
8.583333333333332815e-01
9.406779661016949623e-01
9.617021276595744128e-01
9.273504273504273865e-01
8.326530612244897878e-01
9.615384615384615641e-01
9.277108433734939652e-01
9.491525423728813804e-01
7.890295358649789259e-01
9.574468085106383475e-01
9.430894308943089666e-01
9.000000000000000222e-01
8.103448275862068506e-01
9.364406779661016422e-01
8.319672131147540783e-01
8.523206751054852592e-01
9.426229508196721785e-01
9.347826086956522174e-01
7.948717948717948234e-01
9.748953974895397945e-01
9.742489270386266442e-01
9.265306122448979664e-01
9.451476793248945185e-01
9.409282700421941481e-01
9.824561403508771384e-01
8.138528138528138278e-01
9.282868525896413869e-01
9.250000000000000444e-01
8.945147679324894074e-01
9.349593495934959142e-01
7.500000000000000000e-01
8.771186440677966045e-01
8.170212765957446388e-01
9.047619047619047672e-01
9.669421487603305776e-01
9.785407725321888517e-01
8.353413654618473405e-01
9.307359307359307499e-01
8.831168831168830780e-01
9.659574468085105892e-01
7.916666666666666297e-01
9.615384615384615641e-01
7.916666666666666297e-01
9.208333333333332815e-01
9.508196721311474864e-01
9.593495934959349603e-01
8.782608695652174280e-01
9.613733905579399108e-01
8.626609442060085842e-01
9.497907949790794779e-01
9.243027888446214702e-01
9.613733905579399108e-01
9.570815450643777034e-01
9.475806451612903691e-01
9.306122448979591288e-01
9.437229437229437412e-01
9.333333333333333481e-01
9.506172839506172867e-01
9.276595744680851130e-01
7.692307692307692735e-01
9.479999999999999538e-01
9.830508474576271638e-01
9.333333333333333481e-01
9.595141700404857810e-01
9.583333333333333703e-01
8.902439024390244038e-01
8.162393162393162260e-01
9.579831932773109626e-01
9.543568464730290968e-01
9.674796747967480126e-01
8.260869565217391353e-01
9.380165289256198191e-01
9.230769230769231282e-01
9.551020408163265474e-01
9.308943089430894435e-01
9.279661016949152241e-01
8.879668049792530660e-01
9.367588932806324431e-01
9.467213114754098324e-01
9.620253164556962222e-01
9.637096774193548709e-01
9.399999999999999467e-01
9.700854700854700807e-01
8.347107438016528880e-01
9.541666666666667185e-01
9.559471365638766427e-01
8.264462809917355601e-01
8.353909465020575853e-01
9.581589958158995834e-01
7.624999999999999556e-01
9.554655870445344368e-01
8.518518518518518601e-01
8.016194331983805821e-01
9.661016949152542166e-01
8.065843621399176877e-01
7.881355932203389925e-01
9.493670886075948889e-01
9.383259911894272776e-01
9.270386266094420291e-01
8.137651821862348367e-01
9.579831932773109626e-01
8.230452674897119625e-01
9.194915254237288060e-01
9.715447154471544833e-01
7.968127490039840222e-01
9.746835443037974445e-01
9.625000000000000222e-01
9.116465863453815377e-01
9.375000000000000000e-01
9.626556016597510590e-01
9.358974358974359031e-01
9.336099585062240802e-01
8.922413793103448620e-01
9.617021276595744128e-01
9.666666666666666741e-01
8.049792531120332217e-01
9.523809523809523281e-01
9.346938775510204023e-01
7.820512820512820484e-01
9.306122448979591288e-01
9.465020576131687458e-01
9.456066945606694807e-01
9.581589958158995834e-01
9.170124481327800448e-01
9.662447257383965926e-01
9.419087136929460424e-01
8.661087866108786448e-01
9.497907949790794779e-01
9.552845528455284896e-01
9.356223175965665551e-01
9.537815126050420700e-01
9.393939393939394478e-01
9.629629629629629095e-01
9.435483870967742437e-01
8.702928870292887531e-01
9.625000000000000222e-01
8.192771084337349130e-01
9.537815126050420700e-01
9.233870967741935054e-01
9.367088607594936667e-01
9.063829787234042312e-01
9.752066115702479054e-01
8.942731277533039203e-01
7.947598253275108826e-01
8.389830508474576121e-01
9.338842975206611552e-01
7.916666666666666297e-01
9.561752988047809154e-01
8.787878787878787845e-01
9.549180327868852514e-01
9.791666666666666297e-01
9.749999999999999778e-01
9.453781512605041737e-01
9.590163934426229053e-01
8.292682926829267887e-01
9.508196721311474864e-01
9.484978540772531774e-01
8.684210526315789824e-01
9.710743801652892415e-01
8.249999999999999556e-01
9.156118143459915926e-01
9.519999999999999574e-01
9.385245901639344135e-01
9.700854700854700807e-01
9.344262295081967595e-01
9.634146341463414309e-01
9.404255319148936421e-01
9.588477366255143686e-01
9.618644067796610075e-01
8.912133891213389614e-01
9.541666666666667185e-01
9.631147540983606703e-01
9.656652360515021183e-01
9.543568464730290968e-01
9.666666666666666741e-01
9.581589958158995834e-01
8.227848101265823333e-01
8.091286307053942028e-01
9.758064516129032473e-01
9.754098360655737432e-01
9.527896995708154959e-01
8.884120171673819399e-01
9.661016949152542166e-01
9.401709401709401615e-01
9.361702127659574657e-01
9.458333333333333037e-01
8.041666666666666963e-01
9.333333333333333481e-01
9.435483870967742437e-01
7.383966244725738148e-01
9.276018099547511664e-01
9.327731092436974958e-01
7.991803278688525136e-01
7.355371900826446208e-01
9.601593625498008322e-01
9.499999999999999556e-01
9.634146341463414309e-01
9.423868312757202048e-01
9.612068965517240882e-01
9.211618257261410259e-01
9.274193548387096309e-01
9.789915966386554258e-01
9.397590361445783413e-01
9.369747899159663884e-01
9.409282700421941481e-01
9.285714285714286031e-01
9.489361702127659948e-01
9.655172413793103869e-01
8.158995815899581228e-01
8.414634146341463117e-01
9.628099173553719137e-01
9.029535864978902593e-01
9.399141630901287625e-01
8.499999999999999778e-01
9.598393574297188202e-01
8.765957446808511078e-01
9.586776859504132497e-01
8.524590163934425702e-01
9.190283400809716730e-01
9.634146341463414309e-01
8.924302788844621359e-01
9.380165289256198191e-01
9.288702928870292697e-01
9.364406779661016422e-01
9.429824561403509220e-01
9.067796610169491789e-01
8.255319148936169915e-01
9.758064516129032473e-01
9.506172839506172867e-01
9.704641350210970741e-01
9.324894514767932963e-01
9.221311475409835756e-01
8.177966101694915668e-01
8.388429752066115519e-01
9.390243902439023849e-01
9.439655172413793371e-01
9.621848739495798553e-01
9.324894514767932963e-01
8.912133891213389614e-01
8.408163265306122236e-01
9.430894308943089666e-01
9.537815126050420700e-01
8.408163265306122236e-01
8.884462151394422191e-01
9.346938775510204023e-01
9.495798319327730663e-01
9.629629629629629095e-01
9.458333333333333037e-01
9.567099567099567325e-01
9.387755102040816757e-01
7.676348547717842807e-01
9.341563786008230119e-01
9.385245901639344135e-01
8.619246861924686476e-01
9.628099173553719137e-01
9.491525423728813804e-01
9.760956175298804993e-01
8.284518828451883365e-01
9.495798319327730663e-01
9.554655870445344368e-01
9.421487603305784830e-01
8.235294117647058432e-01
8.034188034188034511e-01
9.508196721311474864e-01
9.333333333333333481e-01
9.786324786324785974e-01
9.795081967213115082e-01
9.508196721311474864e-01
9.399141630901287625e-01
9.567099567099567325e-01
9.260869565217391131e-01
9.579831932773109626e-01
7.459016393442623460e-01
9.338842975206611552e-01
9.539748953974895862e-01
9.704641350210970741e-01
9.356223175965665551e-01
8.369098712446352284e-01
9.662447257383965926e-01
9.508196721311474864e-01
8.893617021276595258e-01
9.467213114754098324e-01
9.196787148594377514e-01
9.721115537848605825e-01
8.947368421052631637e-01
9.713114754098360892e-01
9.369747899159663884e-01
9.390243902439023849e-01
9.502074688796680046e-01
8.205128205128204844e-01
9.297520661157024913e-01
9.028340080971659631e-01
9.625000000000000222e-01
9.521912350597609986e-01
9.595141700404857810e-01
9.487179487179486781e-01
8.583333333333332815e-01
9.635627530364372362e-01
9.620253164556962222e-01
9.449152542372881713e-01
9.437751004016063927e-01
9.711934156378601024e-01
9.473684210526315264e-01
9.672131147540983243e-01
9.462809917355371470e-01
9.380165289256198191e-01
9.669421487603305776e-01
9.659574468085105892e-01
9.590163934426229053e-01
9.424778761061947119e-01
8.844444444444444775e-01
9.666666666666666741e-01
9.421487603305784830e-01
9.201680672268907069e-01
9.291666666666666963e-01
9.596774193548387455e-01
8.471074380165288797e-01
9.529914529914529364e-01
8.641975308641974829e-01
9.563492063492063933e-01
9.151785714285713969e-01
7.842323651452282052e-01
8.117154811715481255e-01
9.433198380566801822e-01
9.708333333333333259e-01
9.240506329113924444e-01
7.479999999999999982e-01
8.215767634854771462e-01
7.768595041322313710e-01
9.748953974895397945e-01
9.409448818897637734e-01
7.901234567901234129e-01
8.403361344537815247e-01
9.426229508196721785e-01
9.591836734693877098e-01
8.178137651821861809e-01
9.586776859504132497e-01
8.652173913043478271e-01
9.471544715447154372e-01
9.399999999999999467e-01
9.246861924686192724e-01
9.621848739495798553e-01
9.593495934959349603e-01
9.621848739495798553e-01
9.608695652173913082e-01
9.469387755102041115e-01
7.968127490039840222e-01
9.460580912863070235e-01
9.581589958158995834e-01
7.786885245901639108e-01
8.380566801619433459e-01
9.300411522633744710e-01
9.581589958158995834e-01
9.460580912863070235e-01
9.512195121951219079e-01
9.338842975206611552e-01
8.174273858921161651e-01
8.464730290456431439e-01
9.576271186440677985e-01
9.549180327868852514e-01
9.439999999999999503e-01
8.398437500000000000e-01
9.316239316239316448e-01
9.224137931034482873e-01
9.708333333333333259e-01
9.259259259259259300e-01
8.857142857142856762e-01
8.838174273858920849e-01
9.303278688524589946e-01
8.974358974358974672e-01
8.122448979591836427e-01
9.838709677419354982e-01
9.467213114754098324e-01
9.203187250996015534e-01
9.397590361445783413e-01
9.620253164556962222e-01
9.549180327868852514e-01
9.250000000000000444e-01
8.701298701298700866e-01
7.791666666666666741e-01
9.291666666666666963e-01
9.419087136929460424e-01
9.467213114754098324e-01
8.353909465020575853e-01
9.497907949790794779e-01
8.625000000000000444e-01
9.656652360515021183e-01
9.531914893617021711e-01
9.621848739495798553e-01
9.208333333333332815e-01
8.211382113821138473e-01
9.037656903765690641e-01
9.533898305084745894e-01
9.574468085106383475e-01
8.969957081545064659e-01
9.663865546218487479e-01
9.246861924686192724e-01
8.007968127490039389e-01
9.411764705882352811e-01
9.259259259259259300e-01
9.361702127659574657e-01
8.541666666666666297e-01
8.811475409836065920e-01
9.604743083003952631e-01
9.578059071729957408e-01
9.375000000000000000e-01
9.419087136929460424e-01
9.471544715447154372e-01
9.354838709677418818e-01
9.489361702127659948e-01
9.591836734693877098e-01
8.888888888888888395e-01
9.715447154471544833e-01
9.595141700404857810e-01
7.857142857142856984e-01
8.514056224899598790e-01
9.626556016597510590e-01
9.551020408163265474e-01
9.567099567099567325e-01
8.284518828451883365e-01
9.110169491525423879e-01
9.433198380566801822e-01
9.583333333333333703e-01
9.499999999999999556e-01
9.253112033195021180e-01
9.330708661417322913e-01
9.672131147540983243e-01
9.512195121951219079e-01
9.205020920502091641e-01
9.552845528455284896e-01
8.408163265306122236e-01
8.693877551020408045e-01
9.382716049382715529e-01
9.423868312757202048e-01
9.311740890688259276e-01
9.139344262295081567e-01
8.487394957983193100e-01
9.621848739495798553e-01
9.256198347107438273e-01
7.685950413223140432e-01
8.267716535433070613e-01
9.460580912863070235e-01
7.608695652173913526e-01
9.116465863453815377e-01
9.395161290322581182e-01
9.713114754098360892e-01
9.499999999999999556e-01
8.663967611336031993e-01
9.510204081632652739e-01
9.387755102040816757e-01
9.382716049382715529e-01
8.458333333333333259e-01
9.032258064516128782e-01
9.297520661157024913e-01
9.401709401709401615e-01
9.341563786008230119e-01
9.432314410480349132e-01
9.113924050632911111e-01
9.409282700421941481e-01
9.579831932773109626e-01
9.598393574297188202e-01
9.876033057851240082e-01
9.341563786008230119e-01
9.433198380566801822e-01
9.395161290322581182e-01
9.574468085106383475e-01
9.327731092436974958e-01
8.215767634854771462e-01
8.380566801619433459e-01
9.497907949790794779e-01
8.346456692913385433e-01
9.499999999999999556e-01
9.442060085836909700e-01
9.499999999999999556e-01
9.531914893617021711e-01
9.704641350210970741e-01
9.479999999999999538e-01
9.829059829059828557e-01
9.190283400809716730e-01
8.619246861924686476e-01
9.397590361445783413e-01
9.392712550607287270e-01
9.512195121951219079e-01
9.268292682926829729e-01
8.185654008438818519e-01
9.206349206349205838e-01
9.068825910931174183e-01
8.921161825726141581e-01
9.687500000000000000e-01
8.178137651821861809e-01
9.705882352941176405e-01
9.310344827586206629e-01
9.502262443438913575e-01
9.749999999999999778e-01
9.502074688796680046e-01
9.666666666666666741e-01
8.851063829787233495e-01
8.536585365853658347e-01
