1.229508196721311453e-02
5.531914893617020934e-02
1.714285714285714302e-01
9.958506224066389356e-02
4.132231404958677801e-02
2.904564315352697185e-02
8.677685950413223381e-02
9.913793103448276245e-02
5.691056910569105426e-02
4.583333333333333010e-02
0.000000000000000000e+00
6.995884773662551515e-02
7.234042553191488700e-02
1.311475409836065642e-01
4.184100418410041655e-02
7.818930041152263866e-02
1.004184100418410025e-01
4.583333333333333010e-02
3.017241379310344959e-02
7.203389830508474811e-02
4.273504273504273587e-02
3.319502074688796683e-02
3.212851405622489664e-02
0.000000000000000000e+00
7.377049180327868716e-02
4.219409282700421759e-02
1.276595744680850998e-02
3.017241379310344959e-02
0.000000000000000000e+00
8.130081300813008990e-03
8.713692946058090860e-02
8.658008658008658001e-03
1.224489795918367284e-02
1.619433198380566818e-02
4.705882352941176405e-02
6.967213114754097769e-02
5.737704918032787010e-02
8.620689655172414367e-02
7.661290322580645296e-02
4.979253112033194678e-02
4.201680672268907901e-02
1.992031872509960125e-02
6.882591093117408632e-02
3.968253968253968034e-02
3.034188034188033956e-01
1.224489795918367284e-02
1.394422310756971983e-01
8.547008547008547868e-03
0.000000000000000000e+00
7.199999999999999456e-02
8.606557377049180169e-02
8.510638297872340219e-02
0.000000000000000000e+00
0.000000000000000000e+00
2.024291497975708523e-02
2.000000000000000042e-02
7.317073170731706877e-02
1.639344262295082053e-02
0.000000000000000000e+00
1.224489795918367319e-01
7.916666666666666297e-02
8.438818565400843172e-03
9.795918367346938271e-02
2.109704641350210880e-02
2.479338842975206680e-02
4.237288135593220324e-03
2.040816326530612082e-02
8.733624454148471161e-03
3.187250996015936200e-02
5.485232067510548842e-02
6.666666666666666574e-02
6.451612903225806273e-02
6.355932203389830226e-02
1.265822784810126563e-02
6.355932203389830226e-02
2.040816326530612082e-02
0.000000000000000000e+00
1.229508196721311453e-02
5.020920502092050125e-02
4.471544715447154511e-02
9.745762711864407180e-02
4.132231404958677801e-02
0.000000000000000000e+00
1.219512195121951262e-02
2.032520325203251987e-02
4.958677685950413361e-02
1.176470588235294101e-01
3.455284552845528379e-01
3.703703703703703498e-02
6.666666666666666574e-02
8.641975308641974829e-02
3.643724696356274995e-02
1.234567901234567833e-02
8.677685950413223381e-02
4.016064257028112081e-03
1.054687500000000000e-01
4.065040650406504495e-03
2.409638554216867595e-02
4.166666666666666609e-03
0.000000000000000000e+00
2.991452991452991581e-02
4.621848739495798553e-02
3.719008264462810021e-02
4.453441295546558404e-02
4.098360655737704611e-02
2.284482758620689780e-01
6.382978723404254817e-02
6.910569105691057035e-02
0.000000000000000000e+00
0.000000000000000000e+00
8.658008658008657654e-02
2.510460251046025063e-02
8.230452674897120041e-03
7.499999999999999722e-02
0.000000000000000000e+00
2.966101694915254314e-02
8.749999999999999445e-02
0.000000000000000000e+00
8.097165991902834092e-03
1.129032258064516098e-01
6.808510638297872453e-02
7.112970711297071646e-02
8.474576271186440649e-03
6.694560669456066371e-02
0.000000000000000000e+00
7.883817427385891863e-02
1.164658634538152659e-01
1.078838174273858974e-01
5.555555555555555247e-02
4.166666666666666435e-02
7.916666666666666297e-02
0.000000000000000000e+00
0.000000000000000000e+00
0.000000000000000000e+00
1.606425702811244832e-02
6.224066390041493868e-02
3.673469387755102372e-02
8.163265306122448328e-02
0.000000000000000000e+00
5.241935483870967943e-02
5.833333333333333426e-02
4.132231404958677801e-03
0.000000000000000000e+00
8.474576271186440649e-03
3.688524590163934358e-02
4.032258064516128920e-03
7.317073170731706877e-02
1.593625498007968100e-02
2.928870292887029297e-02
1.056910569105691117e-01
3.238866396761133637e-02
6.882591093117408632e-02
6.611570247933884481e-02
3.418803418803419147e-02
5.394190871369294871e-02
2.542372881355932368e-02
0.000000000000000000e+00
3.957446808510638459e-01
0.000000000000000000e+00
3.862660944206008917e-02
4.166666666666666609e-03
1.000000000000000056e-01
8.064516129032257841e-03
8.264462809917355601e-03
4.958677685950413361e-02
5.327868852459016064e-02
2.469135802469135665e-02
6.451612903225806273e-02
1.106194690265486780e-01
2.172131147540983520e-01
1.087866108786610941e-01
3.937007874015747977e-02
2.429149797570850228e-02
4.115226337448560021e-03
1.155378486055776838e-01
2.136752136752136794e-02
7.488986784140969077e-02
3.375527426160337269e-02
0.000000000000000000e+00
1.271186440677966184e-02
8.474576271186440302e-02
1.271186440677966184e-02
4.621848739495798553e-02
8.050847457627118009e-02
3.643724696356274995e-02
2.553191489361701996e-02
8.438818565400843172e-03
1.234567901234567833e-02
1.646090534979424008e-02
2.380952380952380820e-02
5.603448275862069061e-02
6.882591093117408632e-02
4.958677685950413361e-02
8.438818565400843172e-03
5.508474576271186335e-02
0.000000000000000000e+00
9.777777777777778290e-02
0.000000000000000000e+00
6.694560669456066371e-02
5.084745762711864736e-02
1.255230125523012531e-02
0.000000000000000000e+00
3.418803418803419147e-02
3.238866396761133637e-02
2.928870292887029297e-02
2.916666666666666713e-02
7.627118644067797104e-02
2.479338842975206680e-02
0.000000000000000000e+00
6.147540983606557263e-02
0.000000000000000000e+00
7.723577235772358107e-02
2.427983539094650256e-01
5.020920502092050125e-02
4.858299595141700455e-02
4.641350210970464352e-02
3.688524590163934358e-02
4.201680672268907901e-02
4.237288135593220324e-03
3.225806451612903136e-02
8.641975308641974829e-02
8.510638297872340566e-03
2.880658436213991841e-02
6.666666666666666574e-02
4.583333333333333010e-02
1.234567901234567833e-02
4.132231404958677801e-02
4.621848739495798553e-02
0.000000000000000000e+00
2.868852459016393505e-02
9.958506224066389356e-02
8.403361344537814762e-03
1.769911504424778736e-02
8.196721311475410263e-03
5.932203389830508627e-02
0.000000000000000000e+00
0.000000000000000000e+00
5.042016806722689204e-02
3.952569169960474041e-03
7.112970711297071646e-02
8.016877637130802314e-02
5.982905982905983161e-02
9.349593495934958864e-02
1.731601731601731600e-02
1.229508196721311453e-02
3.333333333333333287e-02
8.536585365853659180e-02
0.000000000000000000e+00
3.347280334728033185e-02
0.000000000000000000e+00
1.260504201680672301e-02
4.508196721311475558e-02
3.585657370517928572e-02
1.209677419354838676e-02
4.641350210970464352e-02
1.659751037344398342e-02
2.966101694915254314e-02
1.260504201680672301e-02
2.083333333333333218e-02
8.510638297872340566e-03
1.091703056768558999e-01
1.069958847736625501e-01
6.355932203389830226e-02
8.119658119658119955e-02
4.255319148936170283e-03
7.024793388429752261e-02
3.643724696356274995e-02
0.000000000000000000e+00
6.837606837606838295e-02
8.163265306122449716e-03
0.000000000000000000e+00
2.811244979919678630e-02
7.024793388429752261e-02
1.229508196721311453e-02
7.936507936507936067e-03
0.000000000000000000e+00
1.716738197424892698e-02
1.260504201680672301e-02
0.000000000000000000e+00
1.250000000000000069e-02
3.673469387755102233e-01
1.271186440677966184e-02
3.319502074688796683e-02
4.065040650406504495e-03
0.000000000000000000e+00
8.510638297872340566e-03
0.000000000000000000e+00
8.438818565400843519e-02
1.694915254237288130e-02
1.239669421487603340e-01
2.892561983471074460e-02
8.230452674897119347e-02
5.284552845528455584e-02
1.063829787234042562e-01
7.883817427385891863e-02
4.081632653061224858e-03
4.464285714285714038e-03
8.403361344537814762e-03
5.531914893617020934e-02
1.133603238866396773e-01
7.391304347826087306e-02
7.053941908713692865e-02
4.219409282700421759e-02
1.124497991967871452e-01
0.000000000000000000e+00
4.819277108433735191e-02
0.000000000000000000e+00
4.273504273504273934e-03
1.781376518218623362e-01
0.000000000000000000e+00
5.020920502092050125e-02
3.734439834024896182e-02
1.265822784810126563e-02
0.000000000000000000e+00
0.000000000000000000e+00
1.239669421487603340e-02
2.109704641350210880e-02
7.468879668049792364e-02
5.809128630705394369e-02
4.115226337448560021e-03
3.375527426160337269e-02
2.542372881355932368e-02
0.000000000000000000e+00
2.448979591836734568e-02
2.049180327868852305e-02
3.813559322033898552e-02
6.250000000000000000e-02
5.150214592274678094e-02
7.968127490039840499e-02
4.098360655737705131e-03
2.092050209205020828e-02
2.092050209205020828e-02
3.813559322033898552e-02
1.250000000000000069e-02
6.639004149377593367e-02
5.932203389830508627e-02
8.163265306122449716e-03
6.072874493927125222e-02
0.000000000000000000e+00
7.692307692307692735e-02
3.703703703703703498e-02
3.278688524590164105e-02
0.000000000000000000e+00
0.000000000000000000e+00
3.791666666666666519e-01
1.687763713080168634e-02
5.284552845528455584e-02
4.219409282700421759e-02
8.943089430894309022e-02
6.938775510204081565e-02
0.000000000000000000e+00
2.083333333333333218e-02
0.000000000000000000e+00
8.510638297872340566e-03
2.918454935622317725e-01
8.097165991902834092e-03
2.880658436213991841e-02
9.960159362549800277e-02
2.439024390243902524e-02
5.485232067510548842e-02
1.219512195121951192e-01
1.255230125523012531e-02
0.000000000000000000e+00
6.639004149377593367e-02
1.639344262295082053e-02
1.716738197424892698e-02
1.561181434599156204e-01
0.000000000000000000e+00
0.000000000000000000e+00
4.166666666666666435e-02
7.468879668049792364e-02
0.000000000000000000e+00
0.000000000000000000e+00
0.000000000000000000e+00
1.594827586206896686e-01
9.583333333333333981e-02
2.489626556016597339e-02
4.132231404958677801e-03
4.115226337448560021e-03
0.000000000000000000e+00
2.586206896551724102e-02
1.339285714285714211e-02
4.237288135593220324e-03
4.081632653061224164e-02
3.719008264462810021e-02
1.033057851239669450e-01
4.938271604938271331e-02
0.000000000000000000e+00
4.237288135593220151e-02
5.439330543933054707e-02
6.410256410256409687e-02
5.603448275862069061e-02
3.017241379310344959e-02
6.276150627615062483e-02
4.310344827586207184e-02
7.786885245901639663e-02
0.000000000000000000e+00
3.418803418803419147e-02
6.072874493927125222e-02
3.813559322033898552e-02
0.000000000000000000e+00
9.322033898305084887e-02
2.459016393442622905e-02
8.438818565400843172e-03
4.329004329004329001e-03
9.205020920502092474e-02
4.237288135593220151e-02
1.157024793388429784e-01
8.571428571428571508e-02
5.857740585774058595e-02
8.119658119658119955e-02
5.000000000000000278e-02
1.147540983606557402e-01
0.000000000000000000e+00
2.390438247011952150e-02
6.122448979591836593e-02
4.201680672268907901e-02
0.000000000000000000e+00
3.734439834024896182e-02
4.132231404958677801e-02
9.704641350210969908e-02
0.000000000000000000e+00
5.761316872427983682e-02
1.224489795918367284e-02
4.032258064516128920e-03
3.749999999999999861e-02
3.149606299212598381e-02
8.032128514056224855e-02
0.000000000000000000e+00
1.028806584362139953e-01
5.349794238683127506e-02
2.439024390243902524e-02
9.426229508196720674e-02
0.000000000000000000e+00
7.391304347826087306e-02
2.941176470588235253e-02
6.694560669456066371e-02
4.184100418410041482e-03
8.810572687224670074e-02
1.714285714285714302e-01
8.368200836820083310e-02
9.638554216867470381e-02
0.000000000000000000e+00
2.032520325203251987e-02
5.020920502092050125e-02
2.834008097165991932e-02
1.208333333333333343e-01
0.000000000000000000e+00
2.155172413793103592e-02
4.032258064516128920e-02
1.234567901234567833e-01
4.347826086956521618e-02
3.703703703703703498e-02
5.241935483870967943e-02
3.749999999999999861e-02
0.000000000000000000e+00
0.000000000000000000e+00
3.004291845493562221e-02
3.734439834024896182e-02
1.195219123505976075e-02
2.892561983471074460e-02
1.291666666666666796e-01
1.037344398340249024e-01
9.756097560975610095e-02
1.680327868852458939e-01
1.333333333333333315e-01
3.319502074688796683e-02
0.000000000000000000e+00
2.966101694915254314e-02
8.400000000000000522e-02
8.064516129032257841e-03
8.368200836820082963e-03
7.359307359307359908e-02
7.883817427385891863e-02
5.000000000000000278e-02
4.979253112033194678e-02
9.199999999999999845e-02
1.025641025641025605e-01
8.979591836734693300e-02
1.464435146443514579e-01
6.779661016949152519e-02
8.713692946058090860e-02
3.879310344827586327e-02
1.404255319148936254e-01
6.172839506172839164e-02
0.000000000000000000e+00
0.000000000000000000e+00
3.765690376569037767e-02
4.201680672268907381e-03
3.225806451612903136e-02
0.000000000000000000e+00
5.555555555555555247e-02
4.048582995951417046e-03
2.586206896551724102e-02
0.000000000000000000e+00
6.250000000000000000e-02
1.687763713080168634e-02
4.979253112033194678e-02
2.439024390243902524e-02
0.000000000000000000e+00
7.407407407407406996e-02
5.284552845528455584e-02
2.040816326530612082e-02
0.000000000000000000e+00
6.666666666666666574e-02
2.118644067796610075e-02
0.000000000000000000e+00
0.000000000000000000e+00
1.476793248945147685e-01
1.652892561983471120e-02
4.032258064516128920e-02
4.057377049180327933e-01
1.992031872509960125e-02
5.511811023622047168e-02
0.000000000000000000e+00
1.619433198380566818e-02
8.583690987124463490e-03
4.938271604938271331e-02
3.404255319148936226e-02
2.510460251046025063e-02
6.198347107438016701e-02
1.666666666666666644e-02
0.000000000000000000e+00
8.474576271186440302e-02
5.603448275862069061e-02
8.606557377049180169e-02
8.936170212765957854e-02
4.219409282700421759e-02
5.737704918032787010e-02
7.916666666666666297e-02
7.083333333333333148e-02
1.250000000000000069e-02
1.106382978723404187e-01
6.172839506172839164e-02
4.081632653061224858e-03
2.118644067796610075e-02
0.000000000000000000e+00
8.403361344537814762e-03
1.287553648068669523e-02
2.868852459016393505e-02
3.017241379310344959e-02
1.265822784810126563e-02
7.024793388429752261e-02
8.641975308641974829e-02
8.370044052863435946e-02
1.293103448275862051e-02
8.225108225108225535e-02
8.264462809917355601e-03
7.317073170731706877e-02
7.499999999999999722e-02
1.344537815126050362e-01
9.787234042553191737e-02
1.716738197424892698e-02
1.198347107438016562e-01
2.136752136752136794e-02
4.115226337448560021e-03
1.255230125523012531e-02
8.264462809917355601e-03
8.547008547008547868e-03
1.016260162601625994e-01
2.575107296137339047e-02
0.000000000000000000e+00
2.553191489361701996e-02
6.751054852320674537e-02
3.629032258064516375e-02
1.632653061224489943e-02
5.063291139240506250e-02
2.479338842975206680e-02
1.322314049586776896e-01
5.000000000000000278e-02
2.564102564102564014e-02
3.433476394849785396e-02
8.264462809917355601e-02
4.065040650406504495e-03
5.284552845528455584e-02
4.721030042918455266e-02
4.255319148936170283e-03
2.521008403361344602e-02
8.298755186721991708e-03
0.000000000000000000e+00
3.717948717948718063e-01
7.377049180327868716e-02
1.008403361344537841e-01
1.360000000000000098e-01
4.453441295546558404e-02
1.204819277108433798e-02
1.581027667984189616e-02
4.149377593360995854e-03
8.898305084745762594e-02
3.278688524590164105e-02
6.772908366533864077e-02
7.171314741035857143e-02
8.547008547008547868e-03
0.000000000000000000e+00
2.459016393442622905e-02
0.000000000000000000e+00
2.083333333333333218e-02
8.583690987124463490e-03
4.453441295546558404e-02
3.347280334728033185e-02
8.438818565400843172e-03
2.928870292887029297e-02
2.553191489361701996e-02
3.544303797468354444e-01
4.417670682730923809e-02
4.453441295546558404e-02
8.064516129032257841e-02
0.000000000000000000e+00
1.625000000000000056e-01
0.000000000000000000e+00
3.418803418803419147e-02
1.338912133891213274e-01
4.098360655737705131e-03
6.250000000000000000e-02
2.479338842975206680e-02
5.485232067510548842e-02
2.049180327868852305e-02
2.510460251046025063e-02
3.846153846153846367e-02
8.641975308641974829e-02
1.037344398340249024e-01
1.157024793388429784e-01
1.023622047244094474e-01
4.310344827586206837e-03
0.000000000000000000e+00
1.724137931034482735e-02
1.673640167364016593e-02
2.834008097165991932e-02
4.761904761904761640e-02
3.765690376569037767e-02
4.201680672268907381e-03
3.333333333333333287e-02
3.162055335968379233e-02
1.024590163934426257e-01
9.543568464730289858e-02
1.632653061224489943e-02
6.639004149377593367e-02
8.264462809917355601e-02
2.857142857142857054e-02
1.074380165289256228e-01
0.000000000000000000e+00
4.918032786885245811e-02
1.209677419354838676e-02
7.296137339055794313e-02
0.000000000000000000e+00
1.229508196721311453e-02
2.092050209205020828e-02
0.000000000000000000e+00
9.090909090909091161e-02
3.734439834024896182e-02
2.974137931034482873e-01
9.876543209876542662e-02
0.000000000000000000e+00
7.112970711297071646e-02
6.800000000000000488e-02
6.611570247933884481e-02
2.066115702479338900e-02
5.106382978723403993e-02
4.273504273504273934e-03
4.838709677419354704e-02
7.053941908713692865e-02
3.643724696356274995e-02
8.368200836820082963e-03
2.531645569620253125e-02
1.224489795918367319e-01
4.958677685950413361e-02
3.913043478260869873e-02
8.438818565400843519e-02
1.652892561983471120e-02
2.074688796680497840e-02
2.145922746781115872e-02
5.349794238683127506e-02
3.781512605042016556e-02
8.230452674897120041e-03
4.329004329004329001e-03
5.833333333333333426e-02
2.510638297872340163e-01
3.292181069958848016e-02
8.154506437768239968e-02
3.389830508474576259e-02
5.737704918032787010e-02
3.319502074688796683e-02
6.995884773662551515e-02
0.000000000000000000e+00
5.439330543933054707e-02
1.224489795918367319e-01
2.057613168724279837e-02
4.149377593360995854e-03
9.053497942386831698e-02
5.579399141630901615e-02
0.000000000000000000e+00
1.181434599156118148e-01
6.224066390041493868e-02
3.703703703703703498e-02
1.097560975609756101e-01
8.835341365461847618e-02
3.879310344827586327e-02
0.000000000000000000e+00
8.799999999999999489e-02
4.958677685950413361e-02
2.066115702479338900e-02
6.694560669456066371e-02
5.600000000000000117e-02
6.382978723404254817e-02
0.000000000000000000e+00
2.755905511811023584e-02
3.719008264462810021e-02
6.530612244897959773e-02
0.000000000000000000e+00
1.038961038961039030e-01
1.375000000000000111e-01
7.086614173228346358e-02
6.550218340611353718e-02
2.788844621513944175e-02
2.991452991452991581e-02
8.230452674897119347e-02
8.016877637130802314e-02
8.064516129032257841e-03
3.225806451612903136e-02
4.471544715447154511e-02
4.184100418410041655e-02
3.628691983122362963e-01
1.369294605809128762e-01
1.059322033898305038e-01
4.918032786885245811e-02
3.089430894308943243e-01
2.289156626506023973e-01
2.016129032258064460e-02
3.360323886639676183e-01
1.465517241379310220e-01
5.622489959839357260e-02
0.000000000000000000e+00
5.882352941176470507e-02
3.765690376569037767e-02
1.285140562248995866e-01
7.296137339055794313e-02
8.032128514056224855e-02
0.000000000000000000e+00
9.311740890688259553e-02
6.967213114754097769e-02
2.032520325203251987e-02
0.000000000000000000e+00
3.688524590163934358e-02
9.623430962343096362e-02
0.000000000000000000e+00
7.531380753138075534e-02
4.048582995951417046e-03
6.302521008403361158e-02
5.000000000000000278e-02
6.276150627615062483e-02
8.196721311475410263e-03
8.403361344537814762e-03
7.860262008733624739e-02
6.854838709677418818e-02
4.065040650406504495e-03
8.196721311475410263e-03
1.008403361344537841e-01
4.526748971193415849e-02
4.979253112033194678e-02
3.333333333333333287e-02
0.000000000000000000e+00
2.941176470588235253e-02
1.422594142259414329e-01
2.510460251046025063e-02
5.020920502092050125e-02
4.016064257028112081e-03
2.531645569620253125e-02
5.327868852459016064e-02
2.953586497890295370e-02
1.056910569105691117e-01
4.166666666666666609e-03
9.090909090909091161e-02
3.305785123966942241e-02
9.913793103448276245e-02
4.545454545454545581e-02
4.255319148936170109e-02
6.639004149377593367e-02
1.287553648068669523e-02
6.451612903225806273e-02
4.838709677419354704e-02
1.659751037344398342e-02
2.489626556016597339e-02
6.324110671936758465e-02
5.932203389830508627e-02
3.017241379310344959e-02
4.219409282700421759e-02
0.000000000000000000e+00
2.953586497890295370e-02
2.479338842975206680e-02
0.000000000000000000e+00
3.361344537815125905e-02
2.953586497890295370e-02
2.074688796680497840e-02
3.984063745019920250e-02
0.000000000000000000e+00
6.722689075630251809e-02
4.310344827586207184e-02
0.000000000000000000e+00
5.284552845528455584e-02
0.000000000000000000e+00
4.255319148936170283e-03
2.916666666666666713e-02
0.000000000000000000e+00
1.234567901234567833e-02
3.162055335968379233e-02
4.149377593360995681e-02
9.836065573770491621e-02
1.044176706827309176e-01
8.264462809917355601e-03
7.407407407407406996e-02
7.916666666666666297e-02
4.918032786885245811e-02
3.238866396761133637e-02
7.377049180327868716e-02
8.000000000000000167e-02
5.241935483870967943e-02
8.974358974358974395e-02
5.020920502092050125e-02
3.643724696356274995e-02
2.074688796680497840e-02
5.179282868525896671e-02
4.700854700854700807e-02
5.462184873949579855e-02
8.230452674897119347e-02
5.042016806722689204e-02
1.687763713080168634e-02
1.687763713080168634e-02
1.082251082251082241e-01
3.765690376569037767e-02
4.471544715447154511e-02
0.000000000000000000e+00
4.184100418410041482e-03
2.822580645161290244e-02
3.319502074688796683e-02
4.291845493562231745e-03
0.000000000000000000e+00
2.928870292887029297e-02
4.741379310344827347e-02
0.000000000000000000e+00
2.109704641350210880e-02
9.311740890688259553e-02
4.166666666666666609e-03
3.433476394849785396e-01
1.385281385281385280e-01
1.008403361344537841e-01
2.868852459016393505e-02
4.166666666666666609e-03
3.292181069958848016e-02
1.304347826086956451e-02
1.037344398340249024e-01
1.234567901234567833e-01
8.032128514056224161e-03
2.429149797570850228e-02
7.563025210084033112e-02
6.276150627615062483e-02
3.278688524590164105e-02
0.000000000000000000e+00
7.234042553191488700e-02
0.000000000000000000e+00
9.543568464730289858e-02
7.659574468085106336e-02
8.823529411764706454e-02
2.217573221757322133e-01
5.416666666666666852e-02
8.474576271186440649e-03
4.918032786885245811e-02
1.702127659574468113e-02
7.826086956521739746e-02
5.327868852459016064e-02
1.487603305785124008e-01
2.966101694915254314e-02
0.000000000000000000e+00
7.949790794979079422e-02
2.155172413793103592e-02
6.198347107438016701e-02
7.438016528925620041e-02
1.144067796610169496e-01
2.510460251046025063e-02
7.024793388429752261e-02
0.000000000000000000e+00
3.719008264462810021e-02
8.547008547008547175e-02
4.979253112033194678e-02
2.834008097165991932e-02
2.904564315352697185e-02
5.676855895196506602e-02
3.643724696356274995e-02
7.199999999999999456e-02
5.306122448979591621e-02
1.214574898785425114e-02
1.157024793388429784e-01
8.438818565400843519e-02
5.691056910569105426e-02
5.020920502092050125e-02
7.377049180327868716e-02
8.849557522123893682e-02
5.809128630705394369e-02
1.166666666666666685e-01
1.229508196721311453e-01
0.000000000000000000e+00
1.209677419354838676e-02
4.255319148936170109e-02
1.652892561983471120e-02
0.000000000000000000e+00
1.694915254237288130e-02
0.000000000000000000e+00
1.313559322033898413e-01
1.619433198380566818e-02
0.000000000000000000e+00
3.571428571428571230e-02
0.000000000000000000e+00
0.000000000000000000e+00
0.000000000000000000e+00
6.224066390041493868e-02
5.158730158730158444e-02
3.168724279835390956e-01
5.194805194805195148e-02
6.808510638297872453e-02
6.882591093117408632e-02
6.382978723404254817e-02
0.000000000000000000e+00
4.048582995951417046e-02
6.808510638297872453e-02
0.000000000000000000e+00
7.983193277310923763e-02
8.677685950413223381e-02
4.081632653061224858e-03
3.673469387755102372e-02
5.785123966942148921e-02
2.074688796680497840e-02
4.255319148936170283e-03
1.173913043478260892e-01
4.435483870967742159e-02
4.184100418410041482e-03
7.599999999999999811e-02
1.027667984189723355e-01
6.250000000000000000e-02
2.991452991452991581e-02
4.273504273504273587e-02
1.065573770491803213e-01
3.571428571428571230e-02
6.896551724137930939e-02
4.201680672268907901e-02
1.234567901234567833e-02
2.448979591836734568e-02
0.000000000000000000e+00
4.032258064516128920e-03
3.030303030303030387e-02
2.109704641350210880e-02
5.833333333333333426e-02
3.719008264462810021e-02
0.000000000000000000e+00
9.583333333333333981e-02
1.050420168067226906e-01
0.000000000000000000e+00
8.403361344537815802e-02
3.238866396761133637e-02
2.904564315352697185e-02
0.000000000000000000e+00
1.606425702811244971e-01
1.234567901234567833e-01
1.016260162601625994e-01
1.000000000000000056e-01
0.000000000000000000e+00
0.000000000000000000e+00
6.967213114754097769e-02
8.438818565400843172e-03
1.673640167364016593e-02
3.765690376569037767e-02
8.713692946058090860e-02
6.694560669456066371e-02
6.504065040650407192e-02
7.563025210084033112e-02
1.190476190476190410e-02
0.000000000000000000e+00
1.016949152542372947e-01
1.532258064516129059e-01
4.255319148936170283e-03
7.024793388429752261e-02
4.273504273504273587e-02
2.074688796680497840e-02
3.319502074688796683e-02
7.949790794979079422e-02
7.053941908713692865e-02
1.250000000000000069e-02
1.338912133891213274e-01
2.521008403361344602e-02
6.926406926406926401e-02
1.115879828326180323e-01
2.109704641350210880e-02
0.000000000000000000e+00
8.000000000000000167e-03
3.017241379310344959e-02
4.081632653061224164e-02
2.904564315352697185e-02
5.907172995780590741e-02
4.237288135593220324e-03
2.966101694915254314e-02
0.000000000000000000e+00
8.196721311475410263e-03
