8.401639344262294973e-01
8.085106382978722861e-01
8.040816326530612068e-01
8.547717842323651061e-01
8.140495867768594573e-01
8.630705394190871793e-01
8.057851239669421295e-01
8.060344827586206629e-01
7.967479674796748013e-01
8.499999999999999778e-01
7.892561983471074738e-01
8.888888888888888395e-01
8.000000000000000444e-01
7.827868852459016757e-01
8.200836820083682310e-01
8.724279835390946758e-01
8.242677824267782283e-01
8.583333333333332815e-01
8.189655172413793371e-01
7.966101694915254106e-01
8.034188034188034511e-01
8.464730290456431439e-01
8.232931726907630754e-01
7.795918367346938993e-01
8.278688524590164244e-01
8.523206751054852592e-01
8.297872340425531679e-01
8.405172413793103869e-01
8.347457627118644030e-01
8.617886178861788871e-01
8.215767634854771462e-01
8.051948051948052409e-01
8.285714285714286254e-01
8.178137651821861809e-01
8.549019607843136859e-01
8.524590163934425702e-01
8.483606557377049162e-01
8.189655172413793371e-01
8.145161290322581182e-01
8.340248962655602005e-01
8.193277310924369505e-01
8.007968127490039389e-01
8.178137651821861809e-01
7.976190476190476719e-01
8.034188034188034511e-01
8.326530612244897878e-01
8.207171314741036339e-01
8.760683760683760646e-01
8.380566801619433459e-01
7.840000000000000302e-01
8.032786885245901676e-01
8.765957446808511078e-01
8.151260504201680579e-01
7.673469387755101900e-01
7.975708502024291269e-01
8.120000000000000551e-01
8.292682926829267887e-01
8.442622950819672623e-01
8.582995951417003999e-01
8.326530612244897878e-01
8.499999999999999778e-01
8.270042194092827037e-01
7.632653061224490276e-01
8.185654008438818519e-01
8.016528925619834656e-01
7.669491525423728362e-01
8.285714285714286254e-01
7.991266375545851286e-01
8.406374501992032178e-01
8.101265822784810000e-01
8.166666666666666519e-01
8.024193548387096309e-01
7.966101694915254106e-01
8.354430379746835555e-01
8.220338983050847759e-01
8.000000000000000444e-01
8.697478991596638842e-01
7.827868852459016757e-01
8.493723849372385448e-01
8.252032520325203180e-01
9.025423728813559698e-01
8.016528925619834656e-01
8.117154811715481255e-01
7.886178861788617489e-01
8.211382113821138473e-01
8.140495867768594573e-01
8.193277310924369505e-01
7.804878048780488076e-01
8.148148148148147696e-01
8.333333333333333703e-01
8.189300411522634215e-01
8.137651821862348367e-01
8.436213991769547782e-01
7.933884297520661377e-01
8.112449799196786993e-01
8.515625000000000000e-01
7.886178861788617489e-01
8.473895582329317167e-01
8.416666666666666741e-01
8.208333333333333037e-01
8.162393162393162260e-01
8.403361344537815247e-01
8.719008264462809743e-01
8.380566801619433459e-01
7.827868852459016757e-01
7.844827586206896131e-01
8.255319148936169915e-01
8.048780487804878536e-01
8.589743589743589203e-01
8.146551724137931494e-01
8.225108225108225257e-01
8.786610878661087476e-01
8.271604938271605034e-01
8.041666666666666963e-01
7.860082304526748720e-01
8.220338983050847759e-01
8.083333333333333481e-01
8.760683760683760646e-01
8.502024291497976005e-01
8.548387096774193727e-01
8.595744680851064023e-01
8.619246861924686476e-01
7.627118644067796271e-01
7.782426778242678145e-01
8.479999999999999760e-01
8.381742738589211816e-01
7.991967871485943231e-01
8.547717842323651061e-01
7.649572649572649041e-01
8.583333333333332815e-01
8.458333333333333259e-01
8.410041841004184393e-01
8.518518518518518601e-01
8.708333333333333481e-01
8.192771084337349130e-01
8.257261410788381273e-01
9.142857142857142572e-01
7.795918367346938993e-01
7.991967871485943231e-01
7.862903225806451291e-01
8.041666666666666963e-01
8.016528925619834656e-01
8.135593220338983578e-01
8.644067796610169774e-01
8.196721311475410054e-01
8.588709677419354982e-01
8.211382113821138473e-01
8.326693227091633842e-01
8.242677824267782283e-01
8.333333333333333703e-01
8.421052631578946901e-01
8.461538461538461453e-01
8.099173553719007934e-01
8.205128205128204844e-01
8.174273858921161651e-01
8.177966101694915668e-01
8.177966101694915668e-01
8.297872340425531679e-01
8.816326530612245138e-01
8.283261802575107025e-01
8.249999999999999556e-01
8.541666666666666297e-01
8.064516129032257563e-01
7.975206611570248016e-01
8.057851239669421295e-01
8.360655737704918433e-01
7.613168724279835153e-01
8.467741935483871218e-01
8.628318584070796549e-01
8.196721311475410054e-01
7.531380753138074979e-01
8.700787401574803237e-01
8.097165991902833815e-01
8.888888888888888395e-01
8.645418326693227185e-01
8.076923076923077094e-01
8.502202643171805629e-01
8.059071729957806296e-01
8.060344827586206629e-01
8.474576271186440302e-01
8.262711864406779849e-01
8.008474576271186196e-01
8.277310924369747358e-01
8.262711864406779849e-01
8.582995951417003999e-01
7.531914893617021045e-01
8.059071729957806296e-01
8.395061728395061262e-01
7.901234567901234129e-01
8.293650793650794162e-01
8.275862068965517127e-01
8.582995951417003999e-01
8.471074380165288797e-01
8.143459915611814814e-01
7.966101694915254106e-01
8.170731707317072656e-01
7.911111111111110983e-01
7.647058823529411242e-01
8.744769874476987503e-01
8.601694915254237683e-01
8.912133891213389614e-01
8.148148148148147696e-01
7.777777777777777901e-01
8.137651821862348367e-01
8.200836820083682310e-01
8.125000000000000000e-01
8.135593220338983578e-01
8.181818181818182323e-01
8.223140495867768962e-01
8.032786885245901676e-01
7.773109243697479132e-01
8.048780487804878536e-01
7.366255144032921587e-01
8.410041841004184393e-01
8.582995951417003999e-01
8.270042194092827037e-01
7.663934426229508379e-01
7.563025210084033390e-01
8.347457627118644030e-01
7.620967741935483764e-01
7.901234567901234129e-01
8.212765957446808152e-01
8.477366255144033191e-01
8.249999999999999556e-01
8.291666666666667185e-01
8.477366255144033191e-01
8.553719008264463186e-01
8.151260504201680579e-01
7.892561983471074738e-01
8.483606557377049162e-01
8.257261410788381273e-01
8.109243697478991653e-01
8.008849557522124130e-01
7.663934426229508379e-01
8.559322033898305593e-01
8.232931726907630754e-01
8.049792531120332217e-01
8.319327731092437395e-01
8.181818181818182323e-01
8.284518828451883365e-01
8.227848101265823333e-01
7.863247863247863068e-01
8.902439024390244038e-01
8.571428571428570953e-01
8.032786885245901676e-01
7.916666666666666297e-01
7.642276422764228139e-01
8.471074380165288797e-01
8.451882845188284366e-01
8.249999999999999556e-01
7.983193277310924874e-01
8.647540983606557541e-01
8.326693227091633842e-01
7.822580645161290036e-01
7.679324894514767408e-01
8.257261410788381273e-01
8.305084745762711940e-01
7.731092436974790205e-01
8.458333333333333259e-01
8.723404255319149314e-01
8.296943231441048505e-01
7.942386831275720649e-01
8.559322033898305593e-01
7.735042735042735318e-01
8.340425531914893442e-01
8.057851239669421295e-01
8.218623481781376361e-01
8.159999999999999476e-01
8.461538461538461453e-01
8.081632653061224802e-01
8.055555555555555802e-01
8.353413654618473405e-01
8.099173553719007934e-01
7.909836065573770947e-01
8.571428571428570953e-01
8.239999999999999547e-01
8.454935622317596433e-01
8.235294117647058432e-01
7.854251012145748723e-01
8.083333333333333481e-01
8.000000000000000444e-01
8.262711864406779849e-01
8.174273858921161651e-01
8.211382113821138473e-01
7.942386831275720649e-01
8.340425531914893442e-01
8.264462809917355601e-01
8.185654008438818519e-01
7.923728813559322015e-01
8.677685950413223104e-01
7.685950413223140432e-01
8.600823045267489420e-01
8.577235772357723054e-01
8.468085106382978733e-01
8.215767634854771462e-01
7.632653061224490276e-01
8.214285714285713969e-01
8.445378151260504174e-01
8.170212765957446388e-01
8.744939271255061097e-01
8.086956521739130377e-01
8.132780082987551840e-01
8.270042194092827037e-01
8.353413654618473405e-01
7.824267782426778117e-01
8.072289156626506479e-01
8.154506437768240801e-01
8.418803418803418870e-01
8.340080971659918907e-01
8.089430894308943243e-01
7.949790794979079145e-01
8.257261410788381273e-01
8.523206751054852592e-01
8.016528925619834656e-01
8.589211618257260872e-01
8.429752066115702158e-01
8.565400843881856296e-01
8.257261410788381273e-01
8.589211618257260872e-01
8.230452674897119625e-01
7.383966244725738148e-01
8.305084745762711940e-01
8.087649402390437725e-01
8.081632653061224802e-01
8.401639344262294973e-01
8.050847457627118287e-01
8.499999999999999778e-01
8.283261802575107025e-01
8.247011952191235507e-01
7.950819672131147486e-01
8.284518828451883365e-01
7.740585774058577062e-01
8.347457627118644030e-01
7.624999999999999556e-01
8.506224066390041250e-01
8.686440677966101864e-01
8.163265306122449161e-01
8.421052631578946901e-01
8.418803418803418870e-01
8.744939271255061097e-01
8.724279835390946758e-01
8.483606557377049162e-01
8.347107438016528880e-01
8.418803418803418870e-01
8.249999999999999556e-01
8.902953586497890370e-01
8.495934959349593640e-01
8.185654008438818519e-01
8.333333333333333703e-01
7.918367346938774975e-01
8.508064516129032473e-01
8.375000000000000222e-01
8.032786885245901676e-01
7.744680851063829863e-01
8.626609442060085842e-01
8.461538461538461453e-01
8.436213991769547782e-01
8.127490039840638003e-01
7.886178861788617489e-01
8.227848101265823333e-01
8.252032520325203180e-01
7.573221757322176062e-01
7.591836734693877542e-01
8.464730290456431439e-01
8.073770491803278215e-01
8.412017167381974359e-01
8.270042194092827037e-01
8.104838709677418818e-01
8.333333333333333703e-01
8.833333333333333037e-01
8.091286307053942028e-01
8.630705394190871793e-01
8.583333333333332815e-01
8.060344827586206629e-01
7.931034482758620996e-01
8.166666666666666519e-01
8.132780082987551840e-01
8.305785123966942241e-01
7.736625514403292492e-01
8.081632653061224802e-01
8.448275862068965747e-01
8.035714285714286031e-01
8.177966101694915668e-01
7.959183673469387710e-01
7.768595041322313710e-01
8.347107438016528880e-01
8.312757201646090444e-01
8.427419354838709964e-01
8.220338983050847759e-01
8.619246861924686476e-01
7.777777777777777901e-01
7.715517241379310498e-01
8.017241379310344751e-01
8.368200836820083310e-01
7.801724137931034253e-01
7.663934426229508379e-01
8.008130081300812719e-01
8.632478632478632896e-01
8.623481781376518551e-01
8.898305084745762317e-01
8.401639344262294973e-01
8.050847457627118287e-01
8.032786885245901676e-01
8.354430379746835555e-01
8.571428571428570953e-01
8.577405857740585393e-01
8.474576271186440302e-01
8.636363636363636465e-01
8.571428571428570953e-01
8.284518828451883365e-01
8.247863247863247427e-01
8.166666666666666519e-01
8.647540983606557541e-01
8.215767634854771462e-01
8.486055776892430513e-01
8.204081632653060785e-01
8.529411764705882026e-01
8.298755186721992194e-01
7.593360995850622075e-01
7.851239669421488099e-01
8.312236286919830741e-01
7.831325301204818956e-01
8.189300411522634215e-01
8.040816326530612068e-01
8.346774193548387455e-01
8.041666666666666963e-01
8.188976377952755792e-01
7.710843373493976305e-01
8.661087866108786448e-01
7.901234567901234129e-01
7.860082304526748720e-01
8.252032520325203180e-01
7.704918032786884918e-01
8.340248962655602005e-01
8.391304347826087362e-01
8.193277310924369505e-01
8.451882845188284366e-01
8.284518828451883365e-01
8.810572687224669242e-01
8.612244897959183687e-01
8.242677824267782283e-01
8.594377510040160928e-01
8.298755186721992194e-01
8.008130081300812719e-01
7.866108786610879200e-01
8.340080971659918907e-01
8.249999999999999556e-01
7.975206611570248016e-01
7.931034482758620996e-01
8.508064516129032473e-01
7.777777777777777901e-01
8.652173913043478271e-01
8.436213991769547782e-01
7.983870967741935054e-01
8.166666666666666519e-01
8.132780082987551840e-01
8.232931726907630754e-01
8.154506437768240801e-01
8.257261410788381273e-01
8.486055776892430513e-01
8.264462809917355601e-01
8.416666666666666741e-01
7.800829875518672241e-01
8.455284552845528934e-01
8.155737704918032405e-01
8.458333333333333259e-01
8.340248962655602005e-01
8.535564853556485421e-01
8.305084745762711940e-01
8.199999999999999512e-01
8.064516129032257563e-01
8.075313807531381283e-01
7.835497835497835517e-01
8.838174273858920849e-01
8.041666666666666963e-01
7.925311203319501674e-01
8.319999999999999618e-01
8.333333333333333703e-01
8.367346938775510612e-01
8.326359832635983338e-01
8.559322033898305593e-01
8.008298755186722406e-01
8.275862068965517127e-01
8.212765957446808152e-01
8.477366255144033191e-01
8.101265822784810000e-01
8.451882845188284366e-01
7.991631799163180228e-01
8.361344537815126321e-01
8.346774193548387455e-01
8.436213991769547782e-01
8.333333333333333703e-01
8.178137651821861809e-01
8.017241379310344751e-01
8.093220338983050377e-01
8.499999999999999778e-01
7.974683544303797778e-01
8.340248962655602005e-01
8.373983739837398410e-01
8.403361344537815247e-01
7.613168724279835153e-01
8.170731707317072656e-01
8.204081632653060785e-01
8.326530612244897878e-01
8.708333333333333481e-01
8.305084745762711940e-01
8.305084745762711940e-01
8.493723849372385448e-01
8.016877637130801482e-01
8.305785123966942241e-01
8.346774193548387455e-01
7.950819672131147486e-01
8.406374501992032178e-01
8.110236220472440971e-01
8.283261802575107025e-01
8.056680161943320373e-01
8.068669527896995541e-01
8.436213991769547782e-01
8.042553191489362208e-01
7.907949790794979172e-01
8.181818181818182323e-01
8.000000000000000444e-01
8.451882845188284366e-01
8.220338983050847759e-01
8.534482758620689502e-01
8.032786885245901676e-01
8.553191489361702260e-01
8.227848101265823333e-01
8.237704918032786594e-01
8.291666666666667185e-01
8.041666666666666963e-01
7.958333333333332815e-01
8.255319148936169915e-01
8.230452674897119625e-01
7.959183673469387710e-01
8.644067796610169774e-01
8.281938325991189398e-01
7.941176470588234837e-01
8.111587982832617616e-01
8.852459016393442459e-01
8.534482758620689502e-01
8.185654008438818519e-01
8.264462809917355601e-01
8.395061728395061262e-01
8.370044052863435668e-01
8.448275862068965747e-01
8.398268398268398105e-01
8.305785123966942241e-01
8.211382113821138473e-01
8.249999999999999556e-01
8.487394957983193100e-01
8.212765957446808152e-01
8.540772532188841693e-01
8.512396694214876547e-01
8.205128205128204844e-01
8.600823045267489420e-01
8.075313807531381283e-01
8.181818181818182323e-01
7.905982905982905651e-01
7.886178861788617489e-01
8.111587982832617616e-01
8.041666666666666963e-01
8.127659574468084624e-01
7.932489451476792963e-01
8.467741935483871218e-01
8.693877551020408045e-01
8.101265822784810000e-01
8.057851239669421295e-01
8.057851239669421295e-01
8.874999999999999556e-01
8.290598290598291120e-01
8.583690987124463767e-01
7.933884297520661377e-01
8.373983739837398410e-01
8.292682926829267887e-01
8.412017167381974359e-01
7.957446808510638681e-01
8.193277310924369505e-01
8.008298755186722406e-01
8.081632653061224802e-01
8.162393162393162260e-01
8.155737704918032405e-01
8.277310924369747358e-01
8.439999999999999725e-01
8.218623481781376361e-01
8.032128514056224855e-01
8.656126482213438722e-01
8.796680497925311037e-01
8.347457627118644030e-01
8.114754098360655865e-01
8.486055776892430513e-01
8.326693227091633842e-01
8.376068376068376287e-01
8.057851239669421295e-01
7.991803278688525136e-01
8.072289156626506479e-01
8.208333333333333037e-01
7.596566523605150500e-01
7.894736842105263275e-01
7.991631799163180228e-01
8.185654008438818519e-01
8.828451882845188559e-01
8.085106382978722861e-01
7.510548523206751481e-01
8.473895582329317167e-01
8.421052631578946901e-01
9.032258064516128782e-01
8.393574297188755029e-01
8.291666666666667185e-01
8.669527896995707916e-01
8.247863247863247427e-01
8.493723849372385448e-01
8.442622950819672623e-01
8.416666666666666741e-01
8.305785123966942241e-01
8.523206751054852592e-01
8.442622950819672623e-01
8.744769874476987503e-01
8.632478632478632896e-01
7.613168724279835153e-01
8.257261410788381273e-01
8.223140495867768962e-01
8.346456692913385433e-01
8.448275862068965747e-01
8.333333333333333703e-01
8.017241379310344751e-01
8.158995815899581228e-01
8.421052631578946901e-01
7.835497835497835517e-01
8.284518828451883365e-01
8.109243697478991653e-01
8.375000000000000222e-01
7.944664031620553013e-01
8.442622950819672623e-01
8.298755186721992194e-01
8.448979591836734970e-01
8.340248962655602005e-01
8.181818181818182323e-01
7.918367346938774975e-01
7.933884297520661377e-01
7.800829875518672241e-01
8.401639344262294973e-01
7.822580645161290036e-01
7.854077253218884058e-01
8.257261410788381273e-01
8.278688524590164244e-01
7.907949790794979172e-01
8.512396694214876547e-01
8.264462809917355601e-01
8.340248962655602005e-01
8.663793103448276245e-01
8.106995884773662286e-01
8.130081300813007950e-01
8.535564853556485421e-01
7.560000000000000053e-01
8.264462809917355601e-01
8.181818181818182323e-01
8.212765957446808152e-01
8.076923076923077094e-01
8.346774193548387455e-01
8.008298755186722406e-01
7.975708502024291269e-01
8.702928870292887531e-01
8.607594936708861111e-01
8.489795918367346594e-01
8.471074380165288797e-01
8.391304347826087362e-01
8.270042194092827037e-01
7.933884297520661377e-01
8.174273858921161651e-01
7.768240343347639909e-01
7.860082304526748720e-01
7.941176470588234837e-01
8.312757201646090444e-01
7.922077922077922496e-01
8.208333333333333037e-01
8.382978723404255206e-01
7.942386831275720649e-01
8.326180257510729099e-01
8.262711864406779849e-01
8.155737704918032405e-01
8.381742738589211816e-01
8.395061728395061262e-01
8.410041841004184393e-01
8.493723849372385448e-01
8.122448979591836427e-01
8.065843621399176877e-01
8.340248962655602005e-01
8.806584362139917577e-01
8.497854077253218508e-01
8.523206751054852592e-01
8.059071729957806296e-01
8.464730290456431439e-01
8.353909465020575853e-01
8.170731707317072656e-01
7.670682730923694681e-01
8.405172413793103869e-01
8.483606557377049162e-01
8.319999999999999618e-01
8.471074380165288797e-01
