7.500000000000000000e-01
7.148936170212766283e-01
7.673469387755101900e-01
8.132780082987551840e-01
6.859504132231405427e-01
7.178423236514522854e-01
7.438016528925619486e-01
8.620689655172413257e-01
8.455284552845528934e-01
8.583333333333332815e-01
7.066115702479338623e-01
7.242798353909465359e-01
7.659574468085106336e-01
7.090163934426229053e-01
7.615062761506276034e-01
7.242798353909465359e-01
7.405857740585773952e-01
6.833333333333333481e-01
7.241379310344827624e-01
7.627118644067796271e-01
8.162393162393162260e-01
6.804979253112033444e-01
7.670682730923694681e-01
6.693877551020408490e-01
7.254098360655737432e-01
8.438818565400844074e-01
7.702127659574468099e-01
6.896551724137931494e-01
7.500000000000000000e-01
8.536585365853658347e-01
7.551867219917012264e-01
7.792207792207792583e-01
8.530612244897959329e-01
7.408906882591093090e-01
7.843137254901960675e-01
6.967213114754098324e-01
8.483606557377049162e-01
8.534482758620689502e-01
7.620967741935483764e-01
7.800829875518672241e-01
7.605042016806722316e-01
7.290836653386454369e-01
6.882591093117408354e-01
7.301587301587301182e-01
7.777777777777777901e-01
7.877551020408163351e-01
7.689243027888446047e-01
7.948717948717948234e-01
8.744939271255061097e-01
7.119999999999999662e-01
7.540983606557376540e-01
7.659574468085106336e-01
7.058823529411765163e-01
7.673469387755101900e-01
7.773279352226720729e-01
7.479999999999999982e-01
8.292682926829267887e-01
7.581967213114754189e-01
6.963562753036437458e-01
7.673469387755101900e-01
7.291666666666666297e-01
8.438818565400844074e-01
7.714285714285714635e-01
7.594936708860760000e-01
8.760330578512396382e-01
7.627118644067796271e-01
7.959183673469387710e-01
8.558951965065502154e-01
8.127490039840638003e-01
7.721518987341772222e-01
7.291666666666666297e-01
7.862903225806451291e-01
7.711864406779661563e-01
7.383966244725738148e-01
7.881355932203389925e-01
7.387755102040816091e-01
7.521008403361344463e-01
7.377049180327869271e-01
7.740585774058577062e-01
8.211382113821138473e-01
7.457627118644067910e-01
7.603305785123967153e-01
7.991631799163180228e-01
6.829268292682927344e-01
7.926829268292683306e-01
8.471074380165288797e-01
7.394957983193277684e-01
8.292682926829267887e-01
8.353909465020575853e-01
7.916666666666666297e-01
8.189300411522634215e-01
8.016194331983805821e-01
8.395061728395061262e-01
7.438016528925619486e-01
7.751004016064256819e-01
7.734375000000000000e-01
7.439024390243902385e-01
7.951807228915662717e-01
8.083333333333333481e-01
8.125000000000000000e-01
8.247863247863247427e-01
7.857142857142856984e-01
7.644628099173553792e-01
6.923076923076922906e-01
8.155737704918032405e-01
7.586206896551723755e-01
7.617021276595744572e-01
7.195121951219511924e-01
7.521367521367521292e-01
7.155172413793103869e-01
7.489177489177488711e-01
7.405857740585773952e-01
7.860082304526748720e-01
7.708333333333333703e-01
7.242798353909465359e-01
8.093220338983050377e-01
7.208333333333333259e-01
8.076923076923077094e-01
7.530364372469635637e-01
7.661290322580645018e-01
8.893617021276595258e-01
7.405857740585773952e-01
7.372881355932203729e-01
6.485355648535564566e-01
8.319999999999999618e-01
7.344398340248963208e-01
8.433734939759036653e-01
7.842323651452282052e-01
7.820512820512820484e-01
7.083333333333333703e-01
7.166666666666666741e-01
7.238493723849371841e-01
7.695473251028807082e-01
7.541666666666666519e-01
8.273092369477911268e-01
7.178423236514522854e-01
7.387755102040816091e-01
7.755102040816326259e-01
7.831325301204818956e-01
7.580645161290322509e-01
8.208333333333333037e-01
7.933884297520661377e-01
8.220338983050847759e-01
7.415254237288135819e-01
7.500000000000000000e-01
7.217741935483871218e-01
7.439024390243902385e-01
7.609561752988047711e-01
7.740585774058577062e-01
8.089430894308943243e-01
7.611336032388663630e-01
7.489878542510121084e-01
8.140495867768594573e-01
8.076923076923077094e-01
8.132780082987551840e-01
7.372881355932203729e-01
8.135593220338983578e-01
8.638297872340425787e-01
7.510204081632653184e-01
7.424892703862661092e-01
7.874999999999999778e-01
7.416666666666666963e-01
7.862903225806451291e-01
7.438016528925619486e-01
7.768595041322313710e-01
7.008196721311474864e-01
7.201646090534979949e-01
7.983870967741935054e-01
7.433628318584071248e-01
7.540983606557376540e-01
8.410041841004184393e-01
7.874015748031496509e-01
7.894736842105263275e-01
7.407407407407406996e-01
7.330677290836653537e-01
7.179487179487179516e-01
7.224669603524228600e-01
8.101265822784810000e-01
7.931034482758620996e-01
7.288135593220338437e-01
7.457627118644067910e-01
7.627118644067796271e-01
7.605042016806722316e-01
7.966101694915254106e-01
7.773279352226720729e-01
7.787234042553191626e-01
7.890295358649789259e-01
8.106995884773662286e-01
7.448559670781893516e-01
7.936507936507936067e-01
6.939655172413793371e-01
7.894736842105263275e-01
7.727272727272727071e-01
7.299578059071729630e-01
7.669491525423728362e-01
7.073170731707316694e-01
7.911111111111110983e-01
7.352941176470588758e-01
7.907949790794979172e-01
7.584745762711864181e-01
7.238493723849371841e-01
8.189300411522634215e-01
7.264957264957264682e-01
7.854251012145748723e-01
7.071129707112970841e-01
7.666666666666667185e-01
7.966101694915254106e-01
7.438016528925619486e-01
7.190082644628099651e-01
7.663934426229508379e-01
7.142857142857143016e-01
7.560975609756097615e-01
7.119341563786008020e-01
7.531380753138074979e-01
7.894736842105263275e-01
6.962025316455696666e-01
8.360655737704918433e-01
7.478991596638655537e-01
7.542372881355932090e-01
8.346774193548387455e-01
8.189300411522634215e-01
8.255319148936169915e-01
7.119341563786008020e-01
7.666666666666667185e-01
7.624999999999999556e-01
7.325102880658436177e-01
7.809917355371900349e-01
7.857142857142856984e-01
7.603305785123967153e-01
7.500000000000000000e-01
7.593360995850622075e-01
7.478991596638655537e-01
7.522123893805309214e-01
7.049180327868852514e-01
7.161016949152542166e-01
7.751004016064256819e-01
7.925311203319501674e-01
8.361344537815126321e-01
7.905138339920948498e-01
8.451882845188284366e-01
7.510548523206751481e-01
8.461538461538461453e-01
7.479674796747967092e-01
7.619047619047618625e-01
8.073770491803278215e-01
7.708333333333333703e-01
8.048780487804878536e-01
6.983471074380165344e-01
7.698744769874477090e-01
7.416666666666666963e-01
7.899159663865545911e-01
7.254098360655737432e-01
7.171314741035856866e-01
8.104838709677418818e-01
7.215189873417721111e-01
8.049792531120332217e-01
7.754237288135593653e-01
7.605042016806722316e-01
8.333333333333333703e-01
7.404255319148935754e-01
7.991266375545851286e-01
7.860082304526748720e-01
7.500000000000000000e-01
7.393162393162393542e-01
7.872340425531915153e-01
6.942148760330578705e-01
7.206477732793522550e-01
7.680000000000000160e-01
7.692307692307692735e-01
7.265306122448980108e-01
7.777777777777777901e-01
7.991967871485943231e-01
6.611570247933884481e-01
7.090163934426229053e-01
7.500000000000000000e-01
7.640000000000000124e-01
7.639484978540772575e-01
7.310924369747898721e-01
7.408906882591093090e-01
8.125000000000000000e-01
7.428571428571428825e-01
7.923728813559322015e-01
7.095435684647303232e-01
7.764227642276422259e-01
7.695473251028807082e-01
7.531914893617021045e-01
7.272727272727272929e-01
7.805907172995780741e-01
7.457627118644067910e-01
7.768595041322313710e-01
7.768595041322313710e-01
8.148148148148147696e-01
7.113821138211382511e-01
7.787234042553191626e-01
7.925311203319501674e-01
7.877551020408163351e-01
7.812500000000000000e-01
8.319327731092437395e-01
6.893617021276595702e-01
7.773279352226720729e-01
7.521739130434782483e-01
7.676348547717842807e-01
7.552742616033755185e-01
7.389558232931726645e-01
7.112970711297070814e-01
7.349397590361446131e-01
7.253218884120171683e-01
7.350427350427350959e-01
7.692307692307692735e-01
7.032520325203251987e-01
8.200836820083682310e-01
7.634854771784231886e-01
7.088607594936708889e-01
7.561983471074380514e-01
7.510373443983402453e-01
7.561983471074380514e-01
8.354430379746835555e-01
7.634854771784231886e-01
7.593360995850622075e-01
7.654320987654320563e-01
7.552742616033755185e-01
7.288135593220338437e-01
6.932270916334661859e-01
7.428571428571428825e-01
8.319672131147540783e-01
7.584745762711864181e-01
7.375000000000000444e-01
7.381974248927039017e-01
8.127490039840638003e-01
7.663934426229508379e-01
7.907949790794979172e-01
7.322175732217572897e-01
7.245762711864406347e-01
7.375000000000000444e-01
7.842323651452282052e-01
7.457627118644067910e-01
7.306122448979591733e-01
7.368421052631578538e-01
7.735042735042735318e-01
8.056680161943320373e-01
7.160493827160493430e-01
7.663934426229508379e-01
7.479338842975206125e-01
7.051282051282051766e-01
7.874999999999999778e-01
7.721518987341772222e-01
7.154471544715447218e-01
7.763713080168775926e-01
7.439024390243902385e-01
7.795918367346938993e-01
7.903225806451612545e-01
7.874999999999999778e-01
7.909836065573770947e-01
7.234042553191489811e-01
7.467811158798283167e-01
7.246963562753035992e-01
7.901234567901234129e-01
7.131474103585657698e-01
7.804878048780488076e-01
7.510548523206751481e-01
7.723577235772357552e-01
7.280334728033472924e-01
8.122448979591836427e-01
7.634854771784231886e-01
8.237704918032786594e-01
8.068669527896995541e-01
6.708860759493671111e-01
7.580645161290322509e-01
7.350427350427350959e-01
6.958333333333333037e-01
8.174273858921161651e-01
8.298755186721992194e-01
7.874999999999999778e-01
7.198275862068965747e-01
8.060344827586206629e-01
7.291666666666666297e-01
7.510373443983402453e-01
7.892561983471074738e-01
9.053497942386831143e-01
7.591836734693877542e-01
7.715517241379310498e-01
7.142857142857143016e-01
7.627118644067796271e-01
7.469387755102040449e-01
7.809917355371900349e-01
7.644628099173553792e-01
7.325102880658436177e-01
7.661290322580645018e-01
8.644067796610169774e-01
8.033472803347280200e-01
7.307692307692307265e-01
7.543103448275861878e-01
7.715517241379310498e-01
7.866108786610879200e-01
7.456896551724138122e-01
7.540983606557376540e-01
7.357723577235771861e-01
7.136752136752136932e-01
7.570850202429150189e-01
8.093220338983050377e-01
7.500000000000000000e-01
7.203389830508474256e-01
8.401639344262294973e-01
8.312236286919830741e-01
7.272727272727272929e-01
8.326359832635983338e-01
7.500000000000000000e-01
7.314049586776859568e-01
7.551020408163264808e-01
8.284518828451883365e-01
7.478632478632478708e-01
7.541666666666666519e-01
7.254098360655737432e-01
7.593360995850622075e-01
7.808764940239043550e-01
7.428571428571428825e-01
7.226890756302520868e-01
7.427385892116182831e-01
7.385892116182573020e-01
7.933884297520661377e-01
7.215189873417721111e-01
8.313253012048192891e-01
8.724279835390946758e-01
7.551020408163264808e-01
8.427419354838709964e-01
7.291666666666666297e-01
7.559055118110236116e-01
7.951807228915662717e-01
7.112970711297070814e-01
7.777777777777777901e-01
8.271604938271605034e-01
7.357723577235771861e-01
8.155737704918032405e-01
7.261410788381742476e-01
7.739130434782608425e-01
7.563025210084033390e-01
7.112970711297070814e-01
8.075313807531381283e-01
7.356828193832599672e-01
7.714285714285714635e-01
7.196652719665271869e-01
7.228915662650602370e-01
7.676348547717842807e-01
7.520325203252032908e-01
7.364016736401673979e-01
6.720647773279352366e-01
7.249999999999999778e-01
7.727272727272727071e-01
7.844827586206896131e-01
7.298387096774193727e-01
7.942386831275720649e-01
7.782608695652173392e-01
7.078189300411522611e-01
7.903225806451612545e-01
7.375000000000000444e-01
7.717842323651452618e-01
7.831325301204818956e-01
7.553648068669528426e-01
7.551867219917012264e-01
7.569721115537848544e-01
7.438016528925619486e-01
8.125000000000000000e-01
6.846473029045643255e-01
8.373983739837398410e-01
7.049180327868852514e-01
8.166666666666666519e-01
7.261410788381742476e-01
7.405857740585773952e-01
7.711864406779661563e-01
8.080000000000000515e-01
6.814516129032257563e-01
7.280334728033472924e-01
7.532467532467532756e-01
8.008298755186722406e-01
7.416666666666666963e-01
7.261410788381742476e-01
7.840000000000000302e-01
7.307692307692307265e-01
8.244897959183673519e-01
6.861924686192468759e-01
7.584745762711864181e-01
7.634854771784231886e-01
7.974137931034482873e-01
6.893617021276595702e-01
7.530864197530864335e-01
7.637130801687763704e-01
7.322175732217572897e-01
7.531380753138074979e-01
8.109243697478991653e-01
8.104838709677418818e-01
7.448559670781893516e-01
7.564102564102563875e-01
8.421052631578946901e-01
8.189655172413793371e-01
7.754237288135593653e-01
7.624999999999999556e-01
7.130801687763712593e-01
7.344398340248963208e-01
8.008130081300812719e-01
7.857142857142856984e-01
7.572016460905349744e-01
7.804878048780488076e-01
7.836734693877550617e-01
7.632653061224490276e-01
7.208333333333333259e-01
7.457627118644067910e-01
8.050847457627118287e-01
7.949790794979079145e-01
7.426160337552742963e-01
6.983471074380165344e-01
7.620967741935483764e-01
7.213114754098360892e-01
8.007968127490039389e-01
7.834645669291339098e-01
8.412017167381974359e-01
7.773279352226720729e-01
7.038626609442060200e-01
7.736625514403292492e-01
7.531914893617021045e-01
6.945606694560669814e-01
7.479338842975206125e-01
7.583333333333333037e-01
7.071129707112970841e-01
7.500000000000000000e-01
8.189655172413793371e-01
8.360655737704918433e-01
7.446808510638297518e-01
6.708860759493671111e-01
7.213114754098360892e-01
7.541666666666666519e-01
7.541666666666666519e-01
7.666666666666667185e-01
6.851063829787233939e-01
7.818930041152263311e-01
7.877551020408163351e-01
7.627118644067796271e-01
7.268722466960352291e-01
7.478991596638655537e-01
7.424892703862661092e-01
6.639344262295081567e-01
8.146551724137931494e-01
7.552742616033755185e-01
6.942148760330578705e-01
7.777777777777777901e-01
8.017621145374449476e-01
7.413793103448276245e-01
7.662337662337662669e-01
7.561983471074380514e-01
7.967479674796748013e-01
7.666666666666667185e-01
7.016806722689075126e-01
7.404255319148935754e-01
7.167381974248927534e-01
7.272727272727272929e-01
7.478632478632478708e-01
7.901234567901234129e-01
6.903765690376568731e-01
7.561983471074380514e-01
7.307692307692307265e-01
7.926829268292683306e-01
6.909871244635192866e-01
7.791666666666666741e-01
7.191489361702128047e-01
7.130801687763712593e-01
7.177419354838709964e-01
7.755102040816326259e-01
7.215189873417721111e-01
7.685950413223140432e-01
6.983471074380165344e-01
7.624999999999999556e-01
7.991452991452991927e-01
7.038626609442060200e-01
7.190082644628099651e-01
7.682926829268292845e-01
8.048780487804878536e-01
7.253218884120171683e-01
8.042553191489362208e-01
7.983193277310924874e-01
7.966804979253111485e-01
7.632653061224490276e-01
7.094017094017094349e-01
7.336065573770491621e-01
7.773109243697479132e-01
8.159999999999999476e-01
7.813765182186235281e-01
7.590361445783132543e-01
7.588932806324110159e-01
8.589211618257260872e-01
6.949152542372881713e-01
7.090163934426229053e-01
8.366533864541833010e-01
7.490039840637450208e-01
7.606837606837606458e-01
7.396694214876032847e-01
7.868852459016393297e-01
7.469879518072288782e-01
8.375000000000000222e-01
7.982832618025751392e-01
7.732793522267206177e-01
7.907949790794979172e-01
7.679324894514767408e-01
7.405857740585773952e-01
7.574468085106382809e-01
7.510548523206751481e-01
7.269076305220883993e-01
6.963562753036437458e-01
7.419354838709677491e-01
7.510040160642570406e-01
7.375000000000000444e-01
8.068669527896995541e-01
7.307692307692307265e-01
7.615062761506276034e-01
7.418032786885245811e-01
7.708333333333333703e-01
7.809917355371900349e-01
7.805907172995780741e-01
7.336065573770491621e-01
8.242677824267782283e-01
7.264957264957264682e-01
8.312757201646090444e-01
7.759336099585062430e-01
7.933884297520661377e-01
7.244094488188976833e-01
7.500000000000000000e-01
7.583333333333333037e-01
7.456896551724138122e-01
8.535564853556485421e-01
7.287449392712550544e-01
7.272727272727272929e-01
7.322175732217572897e-01
7.647058823529411242e-01
7.458333333333333481e-01
8.102766798418972183e-01
7.172131147540983243e-01
7.178423236514522854e-01
7.061224489795918657e-01
6.970954356846472688e-01
7.272727272727272929e-01
7.224489795918367374e-01
8.140495867768594573e-01
7.759336099585062430e-01
7.745901639344262568e-01
7.459677419354838745e-01
6.866952789699570792e-01
7.966804979253111485e-01
7.663934426229508379e-01
7.991631799163180228e-01
7.272727272727272929e-01
8.016528925619834656e-01
8.506224066390041250e-01
7.844827586206896131e-01
7.572016460905349744e-01
8.333333333333333703e-01
8.451882845188284366e-01
7.720000000000000195e-01
7.438016528925619486e-01
8.099173553719007934e-01
8.425531914893616969e-01
7.478632478632478708e-01
8.306451612903226200e-01
8.008298755186722406e-01
7.570850202429150189e-01
7.615062761506276034e-01
7.679324894514767408e-01
8.244897959183673519e-01
7.727272727272727071e-01
7.521739130434782483e-01
7.341772151898734444e-01
7.438016528925619486e-01
8.381742738589211816e-01
7.467811158798283167e-01
7.654320987654320563e-01
7.142857142857143016e-01
7.983539094650206058e-01
8.311688311688312236e-01
8.458333333333333259e-01
7.617021276595744572e-01
7.572016460905349744e-01
7.296137339055793758e-01
7.076271186440677985e-01
7.909836065573770947e-01
7.883817427385891863e-01
7.654320987654320563e-01
6.987447698744769786e-01
7.238493723849371841e-01
7.632653061224490276e-01
7.489711934156378925e-01
7.759336099585062430e-01
7.283950617283950768e-01
7.253218884120171683e-01
7.890295358649789259e-01
7.510548523206751481e-01
6.929460580912862877e-01
7.860082304526748720e-01
7.886178861788617489e-01
7.469879518072288782e-01
8.060344827586206629e-01
7.213114754098360892e-01
7.319999999999999840e-01
7.479338842975206125e-01
7.975206611570248016e-01
7.447698744769873924e-01
7.800000000000000266e-01
7.489361702127659282e-01
6.582278481012657778e-01
7.440944881889763884e-01
7.479338842975206125e-01
7.183673469387754640e-01
7.763713080168775926e-01
7.012987012987013102e-01
7.541666666666666519e-01
7.480314960629921295e-01
7.641921397379912717e-01
7.011952191235060194e-01
8.034188034188034511e-01
7.530864197530864335e-01
7.383966244725738148e-01
8.225806451612903691e-01
7.822580645161290036e-01
8.130081300813007950e-01
7.782426778242678145e-01
7.721518987341772222e-01
7.344398340248963208e-01
8.135593220338983578e-01
7.131147540983606703e-01
7.439024390243902385e-01
8.232931726907630754e-01
7.338709677419354982e-01
7.530364372469635637e-01
7.112068965517240882e-01
8.232931726907630754e-01
7.641921397379912717e-01
8.319327731092437395e-01
7.322175732217572897e-01
7.309236947791164507e-01
8.025751072961373467e-01
7.630522088353414167e-01
7.551867219917012264e-01
7.246963562753035992e-01
8.401639344262294973e-01
7.195121951219511924e-01
7.344398340248963208e-01
7.622950819672130729e-01
7.656903765690377117e-01
7.381974248927039017e-01
7.196652719665271869e-01
7.085020242914980004e-01
7.731092436974790205e-01
7.791666666666666741e-01
8.284518828451883365e-01
7.213114754098360892e-01
8.907563025210084584e-01
7.598253275109170257e-01
7.580645161290322509e-01
7.398373983739837678e-01
7.377049180327869271e-01
7.605042016806722316e-01
7.119341563786008020e-01
7.095435684647303232e-01
7.166666666666666741e-01
7.732793522267206177e-01
7.352941176470588758e-01
7.782426778242678145e-01
7.489539748953975007e-01
7.824267782426778117e-01
7.831325301204818956e-01
7.468354430379746667e-01
6.926229508196721785e-01
7.341772151898734444e-01
7.520325203252032908e-01
7.666666666666667185e-01
7.520661157024793875e-01
7.809917355371900349e-01
7.629310344827586743e-01
7.066115702479338623e-01
7.659574468085106336e-01
7.966804979253111485e-01
7.725321888412016724e-01
7.862903225806451291e-01
7.943548387096773800e-01
7.427385892116182831e-01
7.095435684647303232e-01
7.707509881422924813e-01
7.330508474576271638e-01
7.974137931034482873e-01
8.227848101265823333e-01
8.189300411522634215e-01
6.835443037974683334e-01
7.561983471074380514e-01
6.764705882352941568e-01
7.521008403361344463e-01
7.594936708860760000e-01
7.759336099585062430e-01
7.768924302788844383e-01
7.561983471074380514e-01
7.436974789915966610e-01
7.801724137931034253e-01
7.745901639344262568e-01
8.495934959349593640e-01
7.613168724279835153e-01
7.574468085106382809e-01
7.458333333333333481e-01
6.872427983539094454e-01
8.271604938271605034e-01
6.956521739130434590e-01
6.721991701244813822e-01
8.360655737704918433e-01
7.309236947791164507e-01
7.685950413223140432e-01
7.366255144032921587e-01
7.375000000000000444e-01
7.213114754098360892e-01
7.449392712550607643e-01
8.073770491803278215e-01
7.600000000000000089e-01
6.733870967741935054e-01
7.350427350427350959e-01
7.573221757322176062e-01
7.246963562753035992e-01
8.049792531120332217e-01
7.490039840637450208e-01
7.606837606837606458e-01
7.436974789915966610e-01
7.160493827160493430e-01
8.151260504201680579e-01
7.594936708860760000e-01
8.016877637130801482e-01
7.316017316017315864e-01
7.364016736401673979e-01
8.170731707317072656e-01
7.553648068669528426e-01
7.364016736401673979e-01
7.943548387096773800e-01
7.219917012448132665e-01
7.424892703862661092e-01
8.355555555555556069e-01
8.577405857740585393e-01
7.456896551724138122e-01
6.913580246913579863e-01
7.594936708860760000e-01
7.935222672064777827e-01
7.541666666666666519e-01
6.781115879828326642e-01
7.359307359307358798e-01
7.773109243697479132e-01
7.459016393442623460e-01
7.541666666666666519e-01
7.736625514403292492e-01
7.521739130434782483e-01
7.219917012448132665e-01
7.860082304526748720e-01
8.072289156626506479e-01
7.368421052631578538e-01
7.352941176470588758e-01
6.945606694560669814e-01
7.459016393442623460e-01
8.381742738589211816e-01
7.191489361702128047e-01
8.132780082987551840e-01
7.759336099585062430e-01
7.446808510638297518e-01
7.436974789915966610e-01
7.489539748953975007e-01
7.666666666666667185e-01
7.542372881355932090e-01
7.459016393442623460e-01
7.446808510638297518e-01
7.086956521739130599e-01
7.663934426229508379e-01
7.438016528925619486e-01
7.033898305084745894e-01
7.136752136752136932e-01
7.238493723849371841e-01
7.543103448275861878e-01
7.603305785123967153e-01
7.520661157024793875e-01
7.288135593220338437e-01
7.196652719665271869e-01
7.520661157024793875e-01
7.777777777777777901e-01
7.603305785123967153e-01
7.179487179487179516e-01
6.929460580912862877e-01
7.449392712550607643e-01
8.174273858921161651e-01
7.729257641921397637e-01
7.085020242914980004e-01
7.399999999999999911e-01
7.346938775510204467e-01
8.380566801619433459e-01
8.305785123966942241e-01
7.299578059071729630e-01
7.154471544715447218e-01
7.573221757322176062e-01
8.524590163934425702e-01
7.610619469026548289e-01
7.385892116182573020e-01
7.583333333333333037e-01
7.581967213114754189e-01
7.257383966244725926e-01
7.701612903225806273e-01
7.404255319148935754e-01
7.768595041322313710e-01
7.148760330578511901e-01
7.542372881355932090e-01
7.160493827160493430e-01
7.627118644067796271e-01
7.813765182186235281e-01
8.099173553719007934e-01
7.658730158730159276e-01
7.731092436974790205e-01
7.899159663865545911e-01
8.174273858921161651e-01
7.676348547717842807e-01
7.500000000000000000e-01
7.777777777777777901e-01
7.272727272727272929e-01
7.787234042553191626e-01
7.570850202429150189e-01
7.063829787234042756e-01
7.763713080168775926e-01
7.246963562753035992e-01
7.063829787234042756e-01
8.051948051948052409e-01
7.563025210084033390e-01
6.570247933884297842e-01
7.510204081632653184e-01
8.081632653061224802e-01
7.479338842975206125e-01
7.261410788381742476e-01
8.425531914893616969e-01
7.782608695652173392e-01
7.580645161290322509e-01
7.447698744769873924e-01
7.119999999999999662e-01
7.984189723320158638e-01
7.249999999999999778e-01
8.247863247863247427e-01
7.863247863247863068e-01
7.581967213114754189e-01
7.460317460317460458e-01
7.370689655172413257e-01
8.109243697478991653e-01
7.283950617283950768e-01
7.959183673469387710e-01
8.535564853556485421e-01
8.104838709677418818e-01
7.922077922077922496e-01
8.143459915611814814e-01
8.708333333333333481e-01
7.024793388429751984e-01
7.727272727272727071e-01
7.375000000000000444e-01
7.521008403361344463e-01
7.142857142857143016e-01
8.193277310924369505e-01
7.975708502024291269e-01
7.593360995850622075e-01
8.305785123966942241e-01
7.469879518072288782e-01
7.572016460905349744e-01
7.560975609756097615e-01
7.520000000000000018e-01
8.110236220472440971e-01
8.230452674897119625e-01
7.295081967213115082e-01
7.552742616033755185e-01
7.698744769874477090e-01
6.987447698744769786e-01
7.012448132780082499e-01
7.782426778242678145e-01
7.235772357723577741e-01
8.319327731092437395e-01
7.301587301587301182e-01
7.672413793103448620e-01
7.457627118644067910e-01
7.217741935483871218e-01
7.659574468085106336e-01
8.099173553719007934e-01
8.333333333333333703e-01
8.132780082987551840e-01
7.759336099585062430e-01
7.866108786610879200e-01
7.136929460580913043e-01
7.708333333333333703e-01
7.782426778242678145e-01
7.478991596638655537e-01
7.619047619047618625e-01
7.381974248927039017e-01
7.257383966244725926e-01
7.836734693877550617e-01
7.399999999999999911e-01
7.456896551724138122e-01
7.469387755102040449e-01
7.302904564315352287e-01
7.721518987341772222e-01
8.008474576271186196e-01
7.966101694915254106e-01
7.269076305220883993e-01
7.717842323651452618e-01
8.042553191489362208e-01
7.866666666666666252e-01
7.572016460905349744e-01
7.833333333333333259e-01
7.868852459016393297e-01
8.626609442060085842e-01
7.361702127659573991e-01
7.531380753138074979e-01
7.826086956521739468e-01
7.736625514403292492e-01
7.398373983739837678e-01
7.881355932203389925e-01
7.222222222222222099e-01
7.958333333333332815e-01
6.967213114754098324e-01
8.196721311475410054e-01
7.322175732217572897e-01
7.154471544715447218e-01
8.547008547008546619e-01
7.601626016260162322e-01
7.325102880658436177e-01
7.469879518072288782e-01
7.630522088353414167e-01
8.130081300813007950e-01
7.874999999999999778e-01
7.459677419354838745e-01
8.442622950819672623e-01
7.727272727272727071e-01
8.024691358024691468e-01
7.088607594936708889e-01
7.347826086956521507e-01
7.427385892116182831e-01
8.244897959183673519e-01
7.399999999999999911e-01
7.613168724279835153e-01
7.469387755102040449e-01
7.640000000000000124e-01
7.782426778242678145e-01
7.531380753138074979e-01
7.383966244725738148e-01
8.262711864406779849e-01
7.265306122448980108e-01
7.834645669291339098e-01
7.510548523206751481e-01
7.777777777777777901e-01
6.814516129032257563e-01
7.804878048780488076e-01
7.450199203187251040e-01
7.314049586776859568e-01
7.385892116182573020e-01
7.469879518072288782e-01
7.605042016806722316e-01
7.489711934156378925e-01
7.510917030567685337e-01
7.966101694915254106e-01
7.276595744680851574e-01
7.673469387755101900e-01
7.723577235772357552e-01
7.288135593220338437e-01
8.249999999999999556e-01
7.355371900826446208e-01
8.101265822784810000e-01
7.142857142857143016e-01
7.352941176470588758e-01
7.909836065573770947e-01
7.745901639344262568e-01
7.405857740585773952e-01
7.563025210084033390e-01
7.586206896551723755e-01
7.238493723849371841e-01
8.178137651821861809e-01
8.298755186721992194e-01
7.510204081632653184e-01
7.264957264957264682e-01
7.782608695652173392e-01
7.800829875518672241e-01
6.869565217391304657e-01
8.781512605042016695e-01
8.278688524590164244e-01
8.414634146341463117e-01
7.500000000000000000e-01
6.877637130801688148e-01
7.656903765690377117e-01
7.531914893617021045e-01
7.877551020408163351e-01
7.201646090534979949e-01
7.349397590361446131e-01
7.553648068669528426e-01
7.866108786610879200e-01
7.777777777777777901e-01
7.603305785123967153e-01
7.983870967741935054e-01
7.458333333333333481e-01
8.285714285714286254e-01
8.405172413793103869e-01
7.450980392156862919e-01
7.359307359307358798e-01
7.758620689655172376e-01
7.679324894514767408e-01
7.886178861788617489e-01
7.394957983193277684e-01
7.708333333333333703e-01
8.913043478260869179e-01
8.451882845188284366e-01
7.727272727272727071e-01
8.017621145374449476e-01
8.148148148148147696e-01
7.572016460905349744e-01
7.249999999999999778e-01
8.117154811715481255e-01
7.272727272727272929e-01
7.500000000000000000e-01
8.117154811715481255e-01
7.161572052401746769e-01
8.497854077253218508e-01
7.880000000000000338e-01
7.500000000000000000e-01
7.593360995850622075e-01
6.954732510288066383e-01
7.644628099173553792e-01
8.277310924369747358e-01
7.886178861788617489e-01
6.967213114754098324e-01
7.436974789915966610e-01
7.572016460905349744e-01
7.809917355371900349e-01
8.000000000000000444e-01
7.685950413223140432e-01
7.226890756302520868e-01
7.711864406779661563e-01
7.669491525423728362e-01
7.731092436974790205e-01
7.754237288135593653e-01
8.770491803278688270e-01
7.896995708154506133e-01
7.457627118644067910e-01
7.438016528925619486e-01
7.500000000000000000e-01
7.723577235772357552e-01
7.272727272727272929e-01
7.541666666666666519e-01
7.245762711864406347e-01
8.565217391304348338e-01
8.000000000000000444e-01
7.851239669421488099e-01
7.396694214876032847e-01
7.551867219917012264e-01
7.842323651452282052e-01
7.447698744769873924e-01
7.375000000000000444e-01
7.759336099585062430e-01
7.574468085106382809e-01
7.833333333333333259e-01
7.552742616033755185e-01
7.550200803212850920e-01
7.831325301204818956e-01
7.387755102040816091e-01
7.310924369747898721e-01
7.123893805309734484e-01
7.731092436974790205e-01
7.095435684647303232e-01
7.586206896551723755e-01
7.833333333333333259e-01
7.661290322580645018e-01
7.860082304526748720e-01
7.777777777777777901e-01
8.135593220338983578e-01
7.572016460905349744e-01
7.510204081632653184e-01
7.103174603174603474e-01
7.573221757322176062e-01
7.941176470588234837e-01
7.540983606557376540e-01
7.543103448275861878e-01
7.322175732217572897e-01
7.349397590361446131e-01
7.540983606557376540e-01
7.489361702127659282e-01
7.385892116182573020e-01
8.577235772357723054e-01
7.489711934156378925e-01
7.551020408163264808e-01
7.178423236514522854e-01
8.319327731092437395e-01
7.177419354838709964e-01
7.740585774058577062e-01
7.352941176470588758e-01
7.155172413793103869e-01
7.950819672131147486e-01
7.249999999999999778e-01
6.848739495798319421e-01
7.754237288135593653e-01
7.983870967741935054e-01
7.804878048780488076e-01
7.791666666666666741e-01
7.586206896551723755e-01
8.388429752066115519e-01
7.605042016806722316e-01
7.344398340248963208e-01
7.644628099173553792e-01
7.914893617021276917e-01
7.438016528925619486e-01
7.372881355932203729e-01
8.099173553719007934e-01
8.255319148936169915e-01
7.302904564315352287e-01
7.268907563025209795e-01
7.581967213114754189e-01
7.500000000000000000e-01
7.478632478632478708e-01
7.685950413223140432e-01
7.408906882591093090e-01
7.659574468085106336e-01
7.782608695652173392e-01
8.042553191489362208e-01
7.609561752988047711e-01
7.435897435897436125e-01
7.327586206896551380e-01
7.215189873417721111e-01
7.119341563786008020e-01
8.305785123966942241e-01
8.008298755186722406e-01
7.755905511811023167e-01
7.644628099173553792e-01
7.929515418502202095e-01
7.800829875518672241e-01
7.119341563786008020e-01
7.415254237288135819e-01
8.588709677419354982e-01
7.840000000000000302e-01
7.479338842975206125e-01
7.341772151898734444e-01
7.777777777777777901e-01
7.791164658634538442e-01
8.048780487804878536e-01
7.584745762711864181e-01
7.530864197530864335e-01
8.375000000000000222e-01
7.666666666666667185e-01
8.242677824267782283e-01
7.372881355932203729e-01
8.326359832635983338e-01
7.529880478087649376e-01
7.740585774058577062e-01
7.622950819672130729e-01
7.148594377510040232e-01
6.913580246913579863e-01
7.338709677419354982e-01
7.872340425531915153e-01
7.725321888412016724e-01
6.916666666666666519e-01
8.148148148148147696e-01
7.872340425531915153e-01
7.366255144032921587e-01
7.613168724279835153e-01
8.158995815899581228e-01
7.561983471074380514e-01
7.603305785123967153e-01
7.950819672131147486e-01
7.478991596638655537e-01
7.634854771784231886e-01
7.768595041322313710e-01
7.039999999999999591e-01
7.860082304526748720e-01
8.008658008658008365e-01
8.305084745762711940e-01
7.662337662337662669e-01
7.695473251028807082e-01
7.439024390243902385e-01
8.284518828451883365e-01
7.284482758620689502e-01
6.723404255319148648e-01
7.560000000000000053e-01
8.127659574468084624e-01
8.559999999999999831e-01
8.000000000000000444e-01
7.449392712550607643e-01
6.893617021276595702e-01
8.307086614173228023e-01
7.081545064377682275e-01
7.801724137931034253e-01
7.682926829268292845e-01
8.137651821862348367e-01
7.456140350877192846e-01
7.196652719665271869e-01
8.155737704918032405e-01
7.804878048780488076e-01
7.974683544303797778e-01
7.702127659574468099e-01
7.269076305220883993e-01
8.361344537815126321e-01
7.041666666666667185e-01
7.705627705627705604e-01
7.931034482758620996e-01
7.410358565737051872e-01
6.857142857142857206e-01
7.113821138211382511e-01
7.280334728033472924e-01
7.732793522267206177e-01
8.000000000000000444e-01
8.292682926829267887e-01
7.862903225806451291e-01
7.736625514403292492e-01
7.393162393162393542e-01
7.377049180327869271e-01
7.125000000000000222e-01
7.619047619047618625e-01
8.185483870967742437e-01
8.200836820083682310e-01
7.736625514403292492e-01
8.143459915611814814e-01
7.593360995850622075e-01
7.106382978723404520e-01
8.448979591836734970e-01
7.364016736401673979e-01
8.220338983050847759e-01
7.926829268292683306e-01
7.468354430379746667e-01
7.265306122448980108e-01
7.100840336134454089e-01
8.600823045267489420e-01
7.479338842975206125e-01
7.438016528925619486e-01
7.299578059071729630e-01
7.420634920634920917e-01
7.416666666666666963e-01
7.500000000000000000e-01
7.714285714285714635e-01
7.701612903225806273e-01
7.183673469387754640e-01
7.254098360655737432e-01
7.594936708860760000e-01
7.044534412955465452e-01
7.302904564315352287e-01
7.822580645161290036e-01
8.025210084033613800e-01
8.000000000000000444e-01
7.741935483870967527e-01
7.877551020408163351e-01
7.478991596638655537e-01
7.404255319148935754e-01
7.112970711297070814e-01
8.106995884773662286e-01
7.095435684647303232e-01
7.983539094650206058e-01
8.000000000000000444e-01
7.754237288135593653e-01
7.755102040816326259e-01
7.350427350427350959e-01
7.829787234042553390e-01
8.091286307053942028e-01
7.510204081632653184e-01
7.759336099585062430e-01
8.427419354838709964e-01
7.916666666666666297e-01
8.222222222222221877e-01
7.874999999999999778e-01
8.638297872340425787e-01
8.347107438016528880e-01
7.478632478632478708e-01
7.632653061224490276e-01
7.649402390438246879e-01
7.570850202429150189e-01
8.608695652173913304e-01
7.863247863247863068e-01
7.254098360655737432e-01
7.615062761506276034e-01
7.428571428571428825e-01
8.464912280701754055e-01
7.215189873417721111e-01
7.381974248927039017e-01
6.460905349794238139e-01
8.073770491803278215e-01
7.125506072874493446e-01
7.184873949579831942e-01
7.396694214876032847e-01
7.280334728033472924e-01
7.550200803212850920e-01
6.842105263157894912e-01
7.468354430379746667e-01
7.372881355932203729e-01
7.436974789915966610e-01
8.109243697478991653e-01
7.076271186440677985e-01
7.591836734693877542e-01
8.218623481781376361e-01
8.380566801619433459e-01
7.106382978723404520e-01
7.598425196850393526e-01
7.667984189723320299e-01
7.754237288135593653e-01
6.887966804979253066e-01
7.727272727272727071e-01
8.205128205128204844e-01
7.695473251028807082e-01
7.063829787234042756e-01
7.637130801687763704e-01
7.295081967213115082e-01
7.552742616033755185e-01
7.983539094650206058e-01
8.151260504201680579e-01
8.299595141700404355e-01
7.333333333333332815e-01
8.218623481781376361e-01
7.809917355371900349e-01
7.818930041152263311e-01
7.298387096774193727e-01
7.217391304347826608e-01
7.974683544303797778e-01
7.309236947791164507e-01
7.768924302788844383e-01
8.135593220338983578e-01
7.702127659574468099e-01
6.822033898305084332e-01
8.057851239669421295e-01
7.351778656126481959e-01
7.435897435897436125e-01
7.366255144032921587e-01
7.813765182186235281e-01
7.880000000000000338e-01
7.344398340248963208e-01
8.122448979591836427e-01
7.091633466135458530e-01
7.112068965517240882e-01
7.741935483870967527e-01
7.290836653386454369e-01
7.710843373493976305e-01
7.543103448275861878e-01
6.890756302521008347e-01
7.099567099567100081e-01
8.112449799196786993e-01
7.468879668049792642e-01
7.167381974248927534e-01
7.249999999999999778e-01
8.143459915611814814e-01
6.995884773662551792e-01
7.543103448275861878e-01
7.426160337552742963e-01
7.738095238095238360e-01
7.561983471074380514e-01
8.042553191489362208e-01
7.280334728033472924e-01
7.298387096774193727e-01
8.418803418803418870e-01
7.659574468085106336e-01
7.268907563025209795e-01
7.046413502109705185e-01
7.560975609756097615e-01
7.666666666666667185e-01
7.438016528925619486e-01
7.295081967213115082e-01
8.048780487804878536e-01
7.874999999999999778e-01
7.647058823529411242e-01
8.518518518518518601e-01
7.426160337552742963e-01
7.831325301204818956e-01
7.249999999999999778e-01
8.008298755186722406e-01
8.170731707317072656e-01
7.296137339055793758e-01
7.500000000000000000e-01
7.663934426229508379e-01
7.298387096774193727e-01
7.620967741935483764e-01
7.632653061224490276e-01
7.698744769874477090e-01
7.711864406779661563e-01
8.438818565400844074e-01
7.405857740585773952e-01
7.843137254901960675e-01
7.583333333333333037e-01
7.333333333333332815e-01
7.768240343347639909e-01
6.695278969957081383e-01
6.939655172413793371e-01
8.185483870967742437e-01
7.210300429184549609e-01
7.695473251028807082e-01
8.438818565400844074e-01
8.016194331983805821e-01
7.489361702127659282e-01
6.987951807228915957e-01
8.306451612903226200e-01
8.347107438016528880e-01
7.542372881355932090e-01
7.112970711297070814e-01
7.541666666666666519e-01
7.851239669421488099e-01
7.520325203252032908e-01
8.278688524590164244e-01
7.359307359307358798e-01
7.991452991452991927e-01
7.435897435897436125e-01
8.292682926829267887e-01
8.414634146341463117e-01
8.097165991902833815e-01
7.426160337552742963e-01
8.271604938271605034e-01
7.196652719665271869e-01
7.914893617021276917e-01
7.649572649572649041e-01
6.958333333333333037e-01
7.500000000000000000e-01
8.085106382978722861e-01
7.948717948717948234e-01
7.346938775510204467e-01
7.948717948717948234e-01
7.429718875502008268e-01
8.008474576271186196e-01
8.270042194092827037e-01
7.659574468085106336e-01
7.357723577235771861e-01
7.041666666666667185e-01
7.974137931034482873e-01
8.389830508474576121e-01
7.745901639344262568e-01
7.848101265822784445e-01
7.336065573770491621e-01
7.478260869565217517e-01
7.735042735042735318e-01
7.949790794979079145e-01
7.253218884120171683e-01
7.959183673469387710e-01
7.468354430379746667e-01
7.468354430379746667e-01
7.938596491228070429e-01
7.445887445887445777e-01
8.127490039840638003e-01
8.625000000000000444e-01
7.974683544303797778e-01
7.439024390243902385e-01
7.701612903225806273e-01
8.008474576271186196e-01
7.531914893617021045e-01
7.792207792207792583e-01
7.396694214876032847e-01
7.038626609442060200e-01
7.469879518072288782e-01
7.705627705627705604e-01
8.268398268398268192e-01
7.829787234042553390e-01
7.291666666666666297e-01
7.008547008547008073e-01
7.291666666666666297e-01
7.541666666666666519e-01
7.704918032786884918e-01
7.398373983739837678e-01
7.826086956521739468e-01
7.381974248927039017e-01
7.510729613733905241e-01
7.782426778242678145e-01
7.370517928286852705e-01
7.896995708154506133e-01
7.081545064377682275e-01
6.854838709677418818e-01
7.224489795918367374e-01
7.272727272727272929e-01
7.249999999999999778e-01
7.407407407407406996e-01
8.212765957446808152e-01
7.521367521367521292e-01
7.520000000000000018e-01
8.135593220338983578e-01
7.333333333333332815e-01
7.570850202429150189e-01
7.666666666666667185e-01
7.804878048780488076e-01
7.863247863247863068e-01
7.142857142857143016e-01
7.842323651452282052e-01
7.276422764227642448e-01
7.043478260869565633e-01
7.768595041322313710e-01
7.393162393162393542e-01
7.510204081632653184e-01
6.829268292682927344e-01
7.669491525423728362e-01
7.676348547717842807e-01
7.509881422924901129e-01
6.926229508196721785e-01
7.299578059071729630e-01
7.137096774193548709e-01
8.040000000000000480e-01
8.290598290598291120e-01
8.016528925619834656e-01
7.833333333333333259e-01
7.709251101321585864e-01
7.561983471074380514e-01
8.477366255144033191e-01
7.112970711297070814e-01
6.708333333333332815e-01
8.380566801619433459e-01
7.613168724279835153e-01
8.016194331983805821e-01
7.330508474576271638e-01
7.201646090534979949e-01
7.542372881355932090e-01
6.877637130801688148e-01
8.017621145374449476e-01
7.896995708154506133e-01
7.085020242914980004e-01
7.899159663865545911e-01
7.242798353909465359e-01
7.838983050847457834e-01
7.195121951219511924e-01
8.047808764940238557e-01
7.552742616033755185e-01
7.125000000000000222e-01
6.947791164658634333e-01
8.416666666666666741e-01
7.427385892116182831e-01
7.179487179487179516e-01
7.510373443983402453e-01
7.543103448275861878e-01
7.574468085106382809e-01
8.583333333333332815e-01
8.174273858921161651e-01
7.500000000000000000e-01
7.714285714285714635e-01
7.649572649572649041e-01
6.938775510204081565e-01
8.189300411522634215e-01
7.531380753138074979e-01
7.489539748953975007e-01
7.178423236514522854e-01
7.172995780590717407e-01
7.510373443983402453e-01
7.573221757322176062e-01
7.489539748953975007e-01
7.764227642276422259e-01
7.982832618025751392e-01
8.067226890756302726e-01
7.575757575757575690e-01
8.230452674897119625e-01
7.459677419354838745e-01
7.824267782426778117e-01
7.375000000000000444e-01
7.831325301204818956e-01
7.394957983193277684e-01
7.620967741935483764e-01
8.101265822784810000e-01
7.319148936170212227e-01
6.900826446280992066e-01
7.885462555066079515e-01
7.510917030567685337e-01
7.330508474576271638e-01
7.438016528925619486e-01
7.166666666666666741e-01
7.011952191235060194e-01
7.575757575757575690e-01
7.090163934426229053e-01
7.791666666666666741e-01
7.666666666666667185e-01
7.184873949579831942e-01
7.745901639344262568e-01
7.235772357723577741e-01
7.500000000000000000e-01
8.497854077253218508e-01
8.157894736842105088e-01
8.016528925619834656e-01
7.624999999999999556e-01
7.130801687763712593e-01
7.760000000000000231e-01
7.745901639344262568e-01
7.051282051282051766e-01
8.073770491803278215e-01
7.642276422764228139e-01
7.787234042553191626e-01
7.736625514403292492e-01
7.584745762711864181e-01
8.368200836820083310e-01
7.624999999999999556e-01
7.131147540983606703e-01
7.725321888412016724e-01
7.178423236514522854e-01
8.499999999999999778e-01
7.615062761506276034e-01
7.594936708860760000e-01
7.012448132780082499e-01
7.701612903225806273e-01
7.581967213114754189e-01
7.682403433476394650e-01
7.253218884120171683e-01
7.838983050847457834e-01
7.136752136752136932e-01
8.085106382978722861e-01
8.625000000000000444e-01
7.208333333333333259e-01
7.291666666666666297e-01
7.338709677419354982e-01
7.172995780590717407e-01
7.239819004524886692e-01
7.394957983193277684e-01
7.868852459016393297e-01
8.595041322314049825e-01
7.649402390438246879e-01
7.500000000000000000e-01
8.130081300813007950e-01
7.119341563786008020e-01
7.715517241379310498e-01
7.302904564315352287e-01
7.258064516129032473e-01
8.193277310924369505e-01
8.634538152610441442e-01
7.563025210084033390e-01
7.805907172995780741e-01
8.319327731092437395e-01
7.872340425531915153e-01
7.715517241379310498e-01
7.656903765690377117e-01
7.398373983739837678e-01
6.735537190082644399e-01
7.679324894514767408e-01
7.854077253218884058e-01
7.583333333333333037e-01
8.514056224899598790e-01
7.531914893617021045e-01
7.396694214876032847e-01
7.295081967213115082e-01
7.449392712550607643e-01
7.642276422764228139e-01
7.211155378486056033e-01
7.727272727272727071e-01
7.196652719665271869e-01
7.330508474576271638e-01
7.456140350877192846e-01
8.220338983050847759e-01
8.340425531914893442e-01
7.822580645161290036e-01
7.654320987654320563e-01
7.932489451476792963e-01
8.016877637130801482e-01
7.950819672131147486e-01
8.262711864406779849e-01
8.553719008264463186e-01
7.886178861788617489e-01
7.413793103448276245e-01
7.689075630252101279e-01
7.383966244725738148e-01
7.071129707112970841e-01
7.632653061224490276e-01
7.479674796747967092e-01
8.361344537815126321e-01
7.836734693877550617e-01
7.569721115537848544e-01
7.102040816326530281e-01
7.605042016806722316e-01
8.559670781893004010e-01
7.041666666666667185e-01
7.662337662337662669e-01
6.693877551020408490e-01
7.468879668049792642e-01
7.654320987654320563e-01
7.377049180327869271e-01
7.489539748953975007e-01
7.024793388429751984e-01
8.093220338983050377e-01
8.247011952191235507e-01
7.322175732217572897e-01
8.067226890756302726e-01
7.085020242914980004e-01
7.975206611570248016e-01
6.764705882352941568e-01
7.222222222222222099e-01
7.663934426229508379e-01
7.500000000000000000e-01
7.692307692307692735e-01
7.622950819672130729e-01
7.909836065573770947e-01
7.682403433476394650e-01
6.969696969696970168e-01
7.739130434782608425e-01
7.310924369747898721e-01
7.663934426229508379e-01
7.892561983471074738e-01
7.615062761506276034e-01
7.805907172995780741e-01
7.896995708154506133e-01
6.952789699570814941e-01
7.426160337552742963e-01
7.295081967213115082e-01
7.702127659574468099e-01
7.991803278688525136e-01
7.510040160642570406e-01
7.569721115537848544e-01
7.692307692307692735e-01
7.581967213114754189e-01
8.193277310924369505e-01
7.967479674796748013e-01
7.717842323651452618e-01
7.735042735042735318e-01
7.892561983471074738e-01
7.206477732793522550e-01
7.833333333333333259e-01
7.689243027888446047e-01
7.246963562753035992e-01
7.094017094017094349e-01
8.000000000000000444e-01
7.165991902834007998e-01
8.185654008438818519e-01
7.245762711864406347e-01
7.349397590361446131e-01
7.407407407407406996e-01
7.570850202429150189e-01
7.131147540983606703e-01
7.727272727272727071e-01
7.438016528925619486e-01
8.636363636363636465e-01
7.957446808510638681e-01
8.237704918032786594e-01
7.876106194690265516e-01
7.244444444444444464e-01
8.041666666666666963e-01
7.355371900826446208e-01
7.941176470588234837e-01
7.791666666666666741e-01
7.459677419354838745e-01
7.644628099173553792e-01
8.205128205128204844e-01
7.530864197530864335e-01
7.341269841269840724e-01
8.392857142857143016e-01
7.842323651452282052e-01
7.740585774058577062e-01
7.692307692307692735e-01
7.791666666666666741e-01
7.848101265822784445e-01
7.239999999999999769e-01
7.551867219917012264e-01
7.272727272727272929e-01
7.615062761506276034e-01
7.440944881889763884e-01
7.942386831275720649e-01
7.689075630252101279e-01
7.418032786885245811e-01
7.265306122448980108e-01
7.894736842105263275e-01
7.190082644628099651e-01
6.913043478260869623e-01
7.764227642276422259e-01
8.040000000000000480e-01
7.196652719665271869e-01
7.731092436974790205e-01
8.373983739837398410e-01
7.184873949579831942e-01
6.826086956521738580e-01
7.551020408163264808e-01
7.490039840637450208e-01
7.427385892116182831e-01
7.364016736401673979e-01
7.827868852459016757e-01
7.692307692307692735e-01
7.366255144032921587e-01
7.238493723849371841e-01
7.925311203319501674e-01
7.520325203252032908e-01
7.685950413223140432e-01
7.510373443983402453e-01
6.887966804979253066e-01
7.711864406779661563e-01
7.581967213114754189e-01
7.560000000000000053e-01
7.460937500000000000e-01
8.418803418803418870e-01
7.629310344827586743e-01
7.583333333333333037e-01
7.572016460905349744e-01
7.387755102040816091e-01
7.510373443983402453e-01
7.418032786885245811e-01
7.564102564102563875e-01
7.142857142857143016e-01
7.379032258064516236e-01
7.581967213114754189e-01
7.330677290836653537e-01
7.349397590361446131e-01
8.649789029535864815e-01
7.131147540983606703e-01
7.249999999999999778e-01
8.874458874458874824e-01
8.375000000000000222e-01
6.916666666666666519e-01
7.593360995850622075e-01
7.459016393442623460e-01
6.954732510288066383e-01
7.447698744769873924e-01
7.958333333333332815e-01
6.952789699570814941e-01
7.446808510638297518e-01
7.563025210084033390e-01
7.624999999999999556e-01
7.723577235772357552e-01
7.615062761506276034e-01
7.033898305084745894e-01
7.702127659574468099e-01
7.381974248927039017e-01
7.310924369747898721e-01
7.405857740585773952e-01
8.406374501992032178e-01
7.605042016806722316e-01
7.407407407407406996e-01
7.489361702127659282e-01
7.708333333333333703e-01
7.745901639344262568e-01
7.747035573122529328e-01
7.426160337552742963e-01
7.375000000000000444e-01
7.883817427385891863e-01
7.642276422764228139e-01
7.459677419354838745e-01
8.340425531914893442e-01
7.183673469387754640e-01
7.530864197530864335e-01
8.048780487804878536e-01
6.882591093117408354e-01
7.478991596638655537e-01
7.550200803212850920e-01
7.302904564315352287e-01
7.591836734693877542e-01
7.922077922077922496e-01
7.740585774058577062e-01
7.330508474576271638e-01
7.044534412955465452e-01
8.000000000000000444e-01
7.708333333333333703e-01
7.053941908713693421e-01
7.519685039370078705e-01
7.459016393442623460e-01
7.967479674796748013e-01
7.364016736401673979e-01
6.829268292682927344e-01
7.714285714285714635e-01
7.836734693877550617e-01
7.613168724279835153e-01
7.242798353909465359e-01
7.732793522267206177e-01
7.581967213114754189e-01
7.226890756302520868e-01
8.277310924369747358e-01
7.438016528925619486e-01
7.520661157024793875e-01
7.283464566929134243e-01
7.302904564315352287e-01
7.913043478260869401e-01
8.313253012048192891e-01
7.298387096774193727e-01
7.295081967213115082e-01
7.666666666666667185e-01
7.287449392712550544e-01
7.020408163265305923e-01
7.510204081632653184e-01
7.448559670781893516e-01
8.333333333333333703e-01
7.701612903225806273e-01
7.727272727272727071e-01
7.222222222222222099e-01
7.530864197530864335e-01
7.598253275109170257e-01
7.341772151898734444e-01
7.341772151898734444e-01
7.689075630252101279e-01
7.630522088353414167e-01
8.429752066115702158e-01
7.489711934156378925e-01
7.449392712550607643e-01
7.338709677419354982e-01
6.978723404255319229e-01
7.689075630252101279e-01
7.468879668049792642e-01
7.813765182186235281e-01
8.410041841004184393e-01
7.952755905511811330e-01
7.583333333333333037e-01
6.952789699570814941e-01
7.083333333333333703e-01
7.489361702127659282e-01
7.130801687763712593e-01
7.479999999999999982e-01
7.307692307692307265e-01
8.299595141700404355e-01
7.698744769874477090e-01
7.469879518072288782e-01
7.165991902834007998e-01
7.073170731707316694e-01
7.764227642276422259e-01
7.552742616033755185e-01
7.380952380952381375e-01
8.137651821862348367e-01
7.510373443983402453e-01
7.678571428571429047e-01
8.259109311740890913e-01
7.899159663865545911e-01
7.931034482758620996e-01
7.647058823529411242e-01
7.333333333333332815e-01
7.551867219917012264e-01
8.375000000000000222e-01
7.446808510638297518e-01
7.967479674796748013e-01
