9.795081967213115082e-01
9.702127659574467655e-01
9.795918367346938549e-01
9.792531120331949834e-01
9.917355371900826722e-01
9.875518672199170567e-01
9.917355371900826722e-01
9.827586206896551380e-01
9.918699186991869476e-01
9.749999999999999778e-01
9.958677685950413361e-01
9.917695473251029181e-01
7.574468085106382809e-01
9.795081967213115082e-01
9.623430962343095807e-01
9.835390946502057252e-01
9.916317991631798945e-01
9.875000000000000444e-01
9.525862068965517127e-01
8.347457627118644030e-01
9.700854700854700807e-01
9.543568464730290968e-01
9.799196787148594101e-01
9.551020408163265474e-01
9.877049180327869271e-01
9.789029535864979259e-01
9.531914893617021711e-01
9.956896551724138122e-01
9.872881355932203729e-01
9.715447154471544833e-01
9.958506224066390189e-01
9.826839826839827152e-01
9.795918367346938549e-01
9.554655870445344368e-01
9.803921568627450567e-01
9.918032786885245811e-01
9.836065573770491621e-01
9.913793103448276245e-01
9.677419354838709964e-01
9.834024896265559645e-01
9.747899159663865332e-01
9.880478087649402497e-01
9.757085020242914908e-01
9.285714285714286031e-01
9.871794871794872250e-01
9.836734693877551283e-01
9.960159362549800832e-01
9.786324786324785974e-01
8.663967611336031993e-01
9.439999999999999503e-01
9.672131147540983243e-01
9.702127659574467655e-01
9.789915966386554258e-01
9.795918367346938549e-01
9.959514170040485448e-01
9.879999999999999893e-01
9.878048780487804770e-01
9.631147540983606703e-01
9.838056680161942902e-01
9.836734693877551283e-01
9.708333333333333259e-01
9.873417721518987777e-01
9.918367346938775642e-01
9.915611814345991482e-01
9.793388429752065694e-01
8.983050847457627608e-01
9.673469387755102566e-01
9.868995633187772620e-01
9.920318725099601664e-01
9.704641350210970741e-01
9.833333333333332815e-01
9.556451612903226200e-01
9.661016949152542166e-01
9.873417721518987777e-01
9.872881355932203729e-01
9.959183673469387266e-01
9.873949579831933221e-01
9.918032786885245811e-01
9.958158995815900028e-01
9.837398373983740063e-01
9.703389830508474256e-01
9.752066115702479054e-01
9.748953974895397945e-01
9.674796747967480126e-01
9.796747967479674246e-01
9.752066115702479054e-01
9.831932773109243184e-01
9.878048780487804770e-01
1.000000000000000000e+00
9.625000000000000222e-01
9.629629629629629095e-01
9.635627530364372362e-01
9.835390946502057252e-01
9.876033057851240082e-01
9.879518072289156239e-01
9.609375000000000000e-01
9.796747967479674246e-01
9.759036144578313587e-01
9.791666666666666297e-01
9.791666666666666297e-01
9.444444444444444198e-01
1.000000000000000000e+00
1.000000000000000000e+00
9.716599190283400356e-01
9.672131147540983243e-01
9.827586206896551380e-01
1.000000000000000000e+00
9.634146341463414309e-01
9.871794871794872250e-01
9.827586206896551380e-01
9.913419913419913021e-01
9.665271966527196890e-01
9.794238683127571843e-01
9.708333333333333259e-01
9.794238683127571843e-01
7.203389830508474256e-01
9.791666666666666297e-01
9.871794871794872250e-01
9.878542510121457454e-01
9.919354838709677491e-01
9.829787234042552946e-01
9.456066945606694807e-01
9.915254237288135819e-01
9.874476987447698972e-01
9.679999999999999716e-01
9.751037344398340023e-01
9.879518072289156239e-01
9.626556016597510590e-01
9.829059829059828557e-01
9.916666666666666963e-01
9.791666666666666297e-01
9.832635983263597890e-01
9.876543209876542662e-01
9.875000000000000444e-01
9.678714859437751450e-01
9.668049792531120401e-01
9.795918367346938549e-01
9.836734693877551283e-01
9.718875502008031964e-01
9.919354838709677491e-01
9.749999999999999778e-01
9.752066115702479054e-01
9.491525423728813804e-01
9.788135593220338437e-01
9.795081967213115082e-01
9.637096774193548709e-01
9.715447154471544833e-01
9.681274900398406658e-01
9.916317991631798945e-01
9.796747967479674246e-01
9.716599190283400356e-01
9.838056680161942902e-01
9.876033057851240082e-01
9.829059829059828557e-01
9.751037344398340023e-01
9.830508474576271638e-01
9.576271186440677985e-01
9.957446808510638236e-01
9.714285714285714191e-01
9.871244635193132666e-01
9.791666666666666297e-01
9.875000000000000444e-01
9.838709677419354982e-01
9.958677685950413361e-01
9.628099173553719137e-01
9.631147540983606703e-01
9.629629629629629095e-01
1.000000000000000000e+00
9.823008849557521849e-01
9.877049180327869271e-01
9.707112970711296862e-01
9.606299212598424786e-01
9.838056680161942902e-01
1.000000000000000000e+00
9.721115537848605825e-01
9.615384615384615641e-01
9.779735682819383769e-01
9.746835443037974445e-01
9.870689655172413257e-01
9.872881355932203729e-01
9.915254237288135819e-01
9.872881355932203729e-01
9.873949579831933221e-01
9.788135593220338437e-01
9.757085020242914908e-01
9.872340425531914709e-01
9.746835443037974445e-01
9.835390946502057252e-01
9.753086419753086433e-01
9.841269841269840724e-01
9.482758620689655249e-01
9.676113360323886914e-01
9.752066115702479054e-01
9.746835443037974445e-01
9.872881355932203729e-01
9.878048780487804770e-01
9.733333333333333837e-01
9.243697478991597105e-01
9.707112970711296862e-01
9.788135593220338437e-01
9.581589958158995834e-01
9.917695473251029181e-01
9.914529914529914834e-01
9.554655870445344368e-01
9.414225941422593724e-01
7.666666666666667185e-01
9.830508474576271638e-01
9.710743801652892415e-01
9.752066115702479054e-01
9.836065573770491621e-01
9.621848739495798553e-01
9.918699186991869476e-01
9.465020576131687458e-01
9.748953974895397945e-01
9.716599190283400356e-01
9.789029535864979259e-01
9.631147540983606703e-01
9.747899159663865332e-01
9.830508474576271638e-01
9.758064516129032473e-01
9.917695473251029181e-01
1.000000000000000000e+00
9.835390946502057252e-01
9.708333333333333259e-01
9.625000000000000222e-01
9.711934156378601024e-01
9.876033057851240082e-01
9.873949579831933221e-01
9.834710743801653443e-01
9.836065573770491621e-01
9.958506224066390189e-01
7.394957983193277684e-01
9.911504424778760924e-01
8.442622950819672623e-01
9.830508474576271638e-01
9.799196787148594101e-01
9.875518672199170567e-01
9.663865546218487479e-01
9.604743083003952631e-01
9.665271966527196890e-01
9.789029535864979259e-01
9.358974358974359031e-01
9.674796747967480126e-01
9.523809523809523281e-01
9.836065573770491621e-01
9.833333333333332815e-01
9.796747967479674246e-01
9.917355371900826722e-01
9.874476987447698972e-01
9.916666666666666963e-01
9.873949579831933221e-01
9.672131147540983243e-01
9.760956175298804993e-01
9.798387096774193727e-01
9.662447257383965926e-01
9.751037344398340023e-01
9.745762711864406347e-01
9.873949579831933221e-01
9.875000000000000444e-01
9.872340425531914709e-01
9.694323144104803891e-01
9.835390946502057252e-01
9.957627118644067910e-01
9.829059829059828557e-01
9.787234042553191182e-01
9.669421487603305776e-01
9.676113360323886914e-01
9.879999999999999893e-01
9.957264957264957417e-01
9.755102040816326925e-01
9.682539682539682557e-01
9.839357429718875725e-01
9.752066115702479054e-01
9.754098360655737432e-01
9.682539682539682557e-01
9.799999999999999822e-01
9.656652360515021183e-01
9.831932773109243184e-01
9.757085020242914908e-01
9.541666666666667185e-01
9.714285714285714191e-01
9.703389830508474256e-01
9.834024896265559645e-01
9.878048780487804770e-01
9.753086419753086433e-01
9.574468085106383475e-01
9.793388429752065694e-01
9.789029535864979259e-01
9.788135593220338437e-01
9.504132231404959219e-01
9.628099173553719137e-01
9.876543209876542662e-01
9.918699186991869476e-01
9.829787234042552946e-01
9.751037344398340023e-01
9.755102040816326925e-01
9.866071428571429047e-01
9.663865546218487479e-01
9.744680851063829419e-01
9.757085020242914908e-01
9.608695652173913082e-01
9.751037344398340023e-01
9.831223628691982963e-01
9.598393574297188202e-01
9.748953974895397945e-01
9.718875502008031964e-01
9.828326180257510591e-01
7.350427350427350959e-01
9.878542510121457454e-01
9.430894308943089666e-01
9.832635983263597890e-01
9.917012448132780378e-01
9.831223628691982963e-01
9.834710743801653443e-01
9.502074688796680046e-01
9.876033057851240082e-01
7.890295358649789259e-01
9.170124481327800448e-01
9.834024896265559645e-01
9.876543209876542662e-01
9.535864978902953704e-01
9.872881355932203729e-01
9.920318725099601664e-01
9.755102040816326925e-01
9.590163934426229053e-01
9.618644067796610075e-01
9.749999999999999778e-01
9.828326180257510591e-01
8.725099601593625520e-01
9.836065573770491621e-01
9.916317991631798945e-01
9.832635983263597890e-01
9.872881355932203729e-01
9.833333333333332815e-01
9.958506224066390189e-01
9.703389830508474256e-01
9.428571428571428381e-01
9.878542510121457454e-01
9.957264957264957417e-01
9.838056680161942902e-01
9.876543209876542662e-01
8.483606557377049162e-01
9.793388429752065694e-01
9.914529914529914834e-01
9.583333333333333703e-01
9.620253164556962222e-01
9.715447154471544833e-01
9.915611814345991482e-01
9.878048780487804770e-01
9.795918367346938549e-01
9.879032258064516236e-01
9.875000000000000444e-01
9.877049180327869271e-01
9.659574468085105892e-01
9.828326180257510591e-01
9.919028340080972006e-01
9.670781893004115615e-01
9.840637450199203329e-01
9.715447154471544833e-01
9.789029535864979259e-01
9.796747967479674246e-01
9.497907949790794779e-01
9.755102040816326925e-01
9.875518672199170567e-01
9.918032786885245811e-01
9.785407725321888517e-01
9.873417721518987777e-01
9.919354838709677491e-01
9.914529914529914834e-01
9.791666666666666297e-01
7.468879668049792642e-01
9.917012448132780378e-01
8.458333333333333259e-01
9.913793103448276245e-01
9.741379310344827624e-01
9.833333333333332815e-01
7.925311203319501674e-01
9.586776859504132497e-01
8.559670781893004010e-01
9.755102040816326925e-01
9.870689655172413257e-01
9.776785714285713969e-01
9.915254237288135819e-01
9.714285714285714191e-01
9.752066115702479054e-01
9.752066115702479054e-01
9.794238683127571843e-01
8.830645161290322509e-01
9.872881355932203729e-01
9.832635983263597890e-01
9.914529914529914834e-01
9.870689655172413257e-01
9.784482758620689502e-01
8.368200836820083310e-01
9.784482758620689502e-01
9.836065573770491621e-01
9.878048780487804770e-01
9.829059829059828557e-01
9.473684210526315264e-01
9.703389830508474256e-01
9.959016393442623460e-01
9.745762711864406347e-01
9.959016393442623460e-01
9.915611814345991482e-01
9.783549783549783108e-01
9.790794979079497917e-01
9.788135593220338437e-01
9.834710743801653443e-01
9.673469387755102566e-01
9.748953974895397945e-01
9.658119658119658224e-01
9.749999999999999778e-01
9.590163934426229053e-01
9.668049792531120401e-01
8.605577689243028017e-01
9.918367346938775642e-01
9.873949579831933221e-01
9.709543568464730212e-01
9.751037344398340023e-01
9.834710743801653443e-01
9.662447257383965926e-01
9.879518072289156239e-01
8.148148148148147696e-01
9.918367346938775642e-01
9.516129032258064946e-01
9.875000000000000444e-01
9.724409448818898127e-01
9.879518072289156239e-01
9.874476987447698972e-01
9.753086419753086433e-01
9.794238683127571843e-01
9.756097560975609539e-01
9.549180327868852514e-01
9.834024896265559645e-01
9.913043478260870067e-01
9.705882352941176405e-01
9.874476987447698972e-01
9.748953974895397945e-01
9.779735682819383769e-01
9.755102040816326925e-01
9.958158995815900028e-01
9.799196787148594101e-01
9.917012448132780378e-01
9.878048780487804770e-01
9.790794979079497917e-01
9.919028340080972006e-01
9.708333333333333259e-01
9.504132231404959219e-01
9.827586206896551380e-01
9.516129032258064946e-01
9.835390946502057252e-01
9.739130434782609091e-01
9.794238683127571843e-01
9.758064516129032473e-01
9.583333333333333703e-01
9.917012448132780378e-01
9.678714859437751450e-01
9.484978540772531774e-01
9.626556016597510590e-01
9.721115537848605825e-01
9.834710743801653443e-01
9.916666666666666963e-01
9.792531120331949834e-01
7.601626016260162322e-01
9.795081967213115082e-01
9.791666666666666297e-01
9.751037344398340023e-01
9.874476987447698972e-01
9.957627118644067910e-01
9.919999999999999929e-01
9.677419354838709964e-01
9.748953974895397945e-01
9.696969696969697239e-01
9.751037344398340023e-01
9.916666666666666963e-01
9.751037344398340023e-01
9.759999999999999787e-01
9.658119658119658224e-01
9.836734693877551283e-01
9.874476987447698972e-01
1.000000000000000000e+00
9.917012448132780378e-01
9.612068965517240882e-01
9.744680851063829419e-01
9.670781893004115615e-01
9.789029535864979259e-01
9.748953974895397945e-01
9.707112970711296862e-01
9.873949579831933221e-01
9.758064516129032473e-01
9.794238683127571843e-01
9.914529914529914834e-01
9.797570850202429460e-01
9.784482758620689502e-01
9.915254237288135819e-01
8.375000000000000222e-01
9.831223628691982963e-01
9.792531120331949834e-01
1.000000000000000000e+00
9.915966386554622147e-01
9.917695473251029181e-01
9.796747967479674246e-01
9.632653061224489832e-01
9.795918367346938549e-01
9.875000000000000444e-01
9.872881355932203729e-01
9.915254237288135819e-01
9.832635983263597890e-01
9.831223628691982963e-01
9.628099173553719137e-01
9.838709677419354982e-01
9.754098360655737432e-01
9.800796812749004161e-01
9.803149606299212948e-01
9.613733905579399108e-01
9.716599190283400356e-01
9.656652360515021183e-01
9.958847736625514591e-01
9.829787234042552946e-01
9.832635983263597890e-01
9.917355371900826722e-01
9.791666666666666297e-01
9.665271966527196890e-01
9.915254237288135819e-01
9.784482758620689502e-01
9.631147540983606703e-01
1.000000000000000000e+00
9.704641350210970741e-01
9.877049180327869271e-01
9.666666666666666741e-01
9.916666666666666963e-01
9.833333333333332815e-01
9.404255319148936421e-01
9.835390946502057252e-01
9.795918367346938549e-01
8.601694915254237683e-01
9.559471365638766427e-01
9.621848739495798553e-01
9.914163090128755851e-01
9.836065573770491621e-01
9.698275862068965747e-01
8.227848101265823333e-01
9.917355371900826722e-01
9.753086419753086433e-01
9.779735682819383769e-01
9.784482758620689502e-01
9.826839826839827152e-01
9.958677685950413361e-01
1.000000000000000000e+00
9.916666666666666963e-01
9.663865546218487479e-01
9.914893617021276473e-01
9.871244635193132666e-01
9.834710743801653443e-01
9.829059829059828557e-01
9.588477366255143686e-01
9.790794979079497917e-01
9.628099173553719137e-01
9.957264957264957417e-01
9.918699186991869476e-01
9.914163090128755851e-01
9.749999999999999778e-01
9.829787234042552946e-01
9.831223628691982963e-01
9.717741935483871218e-01
9.673469387755102566e-01
9.915611814345991482e-01
1.000000000000000000e+00
8.016528925619834656e-01
9.416666666666666519e-01
9.829059829059828557e-01
9.871244635193132666e-01
9.917355371900826722e-01
9.552845528455284896e-01
9.796747967479674246e-01
1.000000000000000000e+00
9.787234042553191182e-01
9.621848739495798553e-01
9.626556016597510590e-01
9.795918367346938549e-01
9.914529914529914834e-01
9.918032786885245811e-01
9.789915966386554258e-01
9.879999999999999893e-01
9.838056680161942902e-01
9.678714859437751450e-01
9.802371541501976315e-01
9.668049792531120401e-01
9.830508474576271638e-01
9.672131147540983243e-01
9.721115537848605825e-01
9.840637450199203329e-01
9.957264957264957417e-01
9.710743801652892415e-01
9.754098360655737432e-01
9.799196787148594101e-01
1.000000000000000000e+00
9.613733905579399108e-01
9.797570850202429460e-01
9.748953974895397945e-01
9.662447257383965926e-01
9.748953974895397945e-01
9.702127659574467655e-01
9.915611814345991482e-01
9.879518072289156239e-01
9.716599190283400356e-01
9.758064516129032473e-01
9.678714859437751450e-01
9.875000000000000444e-01
9.871244635193132666e-01
9.786324786324785974e-01
9.916317991631798945e-01
9.795081967213115082e-01
9.458333333333333037e-01
9.917355371900826722e-01
9.620253164556962222e-01
9.672131147540983243e-01
9.874476987447698972e-01
9.829059829059828557e-01
9.670781893004115615e-01
9.751037344398340023e-01
9.958677685950413361e-01
9.763779527559055538e-01
9.698275862068965747e-01
9.833333333333332815e-01
9.827586206896551380e-01
9.958158995815900028e-01
9.676113360323886914e-01
9.610389610389610260e-01
9.707112970711296862e-01
8.613445378151260989e-01
9.916666666666666963e-01
9.802371541501976315e-01
9.836065573770491621e-01
9.875518672199170567e-01
9.714285714285714191e-01
9.792531120331949834e-01
9.793388429752065694e-01
8.204081632653060785e-01
9.628099173553719137e-01
9.792531120331949834e-01
9.631147540983606703e-01
9.798387096774193727e-01
8.412017167381974359e-01
9.875518672199170567e-01
9.713114754098360892e-01
9.748953974895397945e-01
9.669421487603305776e-01
9.876033057851240082e-01
1.000000000000000000e+00
9.870689655172413257e-01
9.835390946502057252e-01
9.756097560975609539e-01
9.832635983263597890e-01
9.879999999999999893e-01
9.834710743801653443e-01
9.793388429752065694e-01
9.574468085106383475e-01
9.829059829059828557e-01
7.620967741935483764e-01
9.626556016597510590e-01
9.676113360323886914e-01
9.874476987447698972e-01
9.746835443037974445e-01
9.795918367346938549e-01
9.958677685950413361e-01
9.956521739130435034e-01
9.662447257383965926e-01
9.628099173553719137e-01
9.958506224066390189e-01
9.914163090128755851e-01
9.794238683127571843e-01
9.831932773109243184e-01
9.794238683127571843e-01
9.826839826839827152e-01
9.791666666666666297e-01
9.787234042553191182e-01
9.876543209876542662e-01
1.000000000000000000e+00
9.957627118644067910e-01
9.877049180327869271e-01
9.917012448132780378e-01
9.917695473251029181e-01
9.958158995815900028e-01
9.832635983263597890e-01
9.714285714285714191e-01
9.753086419753086433e-01
9.751037344398340023e-01
9.876543209876542662e-01
9.871244635193132666e-01
9.873417721518987777e-01
9.915611814345991482e-01
9.709543568464730212e-01
9.753086419753086433e-01
9.837398373983740063e-01
9.638554216867469826e-01
9.784482758620689502e-01
9.754098360655737432e-01
9.799999999999999822e-01
9.834710743801653443e-01
9.752066115702479054e-01
9.748953974895397945e-01
9.639999999999999680e-01
9.787234042553191182e-01
9.704641350210970741e-01
9.763779527559055538e-01
9.628099173553719137e-01
9.714285714285714191e-01
1.000000000000000000e+00
9.696969696969697239e-01
9.958333333333333481e-01
9.566929133858267376e-01
9.912663755458515080e-01
9.880478087649402497e-01
9.658119658119658224e-01
9.670781893004115615e-01
9.915611814345991482e-01
9.758064516129032473e-01
9.959677419354838745e-01
9.918699186991869476e-01
9.748953974895397945e-01
9.831223628691982963e-01
7.551867219917012264e-01
9.872881355932203729e-01
9.713114754098360892e-01
9.512195121951219079e-01
9.759036144578313587e-01
9.677419354838709964e-01
9.676113360323886914e-01
9.784482758620689502e-01
9.839357429718875725e-01
9.912663755458515080e-01
9.747899159663865332e-01
9.874476987447698972e-01
9.879518072289156239e-01
9.656652360515021183e-01
9.919678714859437862e-01
9.626556016597510590e-01
9.716599190283400356e-01
9.877049180327869271e-01
9.878048780487804770e-01
9.751037344398340023e-01
9.754098360655737432e-01
9.916317991631798945e-01
9.785407725321888517e-01
9.832635983263597890e-01
9.716599190283400356e-01
9.747899159663865332e-01
9.625000000000000222e-01
9.748953974895397945e-01
9.836065573770491621e-01
9.789915966386554258e-01
9.475982532751091592e-01
9.879032258064516236e-01
9.796747967479674246e-01
9.754098360655737432e-01
9.747899159663865332e-01
9.711934156378601024e-01
9.792531120331949834e-01
9.875000000000000444e-01
9.838056680161942902e-01
9.789915966386554258e-01
9.790794979079497917e-01
9.874476987447698972e-01
9.748953974895397945e-01
9.879518072289156239e-01
9.915611814345991482e-01
9.836065573770491621e-01
9.789029535864979259e-01
9.715447154471544833e-01
9.749999999999999778e-01
9.917355371900826722e-01
9.710743801652892415e-01
9.827586206896551380e-01
9.752066115702479054e-01
9.617021276595744128e-01
9.875518672199170567e-01
9.785407725321888517e-01
9.717741935483871218e-01
9.717741935483871218e-01
9.709543568464730212e-01
9.502074688796680046e-01
9.723320158102767286e-01
9.957627118644067910e-01
9.870689655172413257e-01
9.831223628691982963e-01
9.711934156378601024e-01
9.620253164556962222e-01
9.752066115702479054e-01
9.747899159663865332e-01
9.831932773109243184e-01
9.873417721518987777e-01
9.460580912863070235e-01
9.840637450199203329e-01
9.586776859504132497e-01
9.915966386554622147e-01
9.870689655172413257e-01
9.877049180327869271e-01
9.796747967479674246e-01
9.835390946502057252e-01
9.744680851063829419e-01
9.708333333333333259e-01
9.711934156378601024e-01
9.753086419753086433e-01
9.762845849802371800e-01
9.875518672199170567e-01
9.836065573770491621e-01
9.919678714859437862e-01
9.834710743801653443e-01
9.753086419753086433e-01
9.583333333333333703e-01
9.795081967213115082e-01
9.716599190283400356e-01
9.713114754098360892e-01
9.679999999999999716e-01
9.596774193548387455e-01
9.829059829059828557e-01
9.707112970711296862e-01
9.595141700404857810e-01
9.875518672199170567e-01
9.760956175298804993e-01
9.829059829059828557e-01
9.873949579831933221e-01
9.917695473251029181e-01
9.831932773109243184e-01
9.915611814345991482e-01
9.789029535864979259e-01
9.913419913419913021e-01
9.874476987447698972e-01
9.715447154471544833e-01
9.871244635193132666e-01
9.832635983263597890e-01
9.758064516129032473e-01
9.792531120331949834e-01
9.742489270386266442e-01
9.866666666666666918e-01
9.874476987447698972e-01
9.913793103448276245e-01
9.835390946502057252e-01
9.746835443037974445e-01
1.000000000000000000e+00
9.666666666666666741e-01
9.656652360515021183e-01
9.696969696969697239e-01
9.831932773109243184e-01
9.795081967213115082e-01
9.916666666666666963e-01
9.917695473251029181e-01
9.869565217391303991e-01
9.792531120331949834e-01
9.876543209876542662e-01
9.678714859437751450e-01
9.797570850202429460e-01
9.915966386554622147e-01
9.916317991631798945e-01
9.877049180327869271e-01
9.917012448132780378e-01
9.957446808510638236e-01
9.626556016597510590e-01
9.875518672199170567e-01
9.829787234042552946e-01
9.789915966386554258e-01
9.832635983263597890e-01
9.875000000000000444e-01
9.872881355932203729e-01
9.877049180327869271e-01
9.702127659574467655e-01
9.782608695652174058e-01
9.754098360655737432e-01
9.917355371900826722e-01
1.000000000000000000e+00
9.786324786324785974e-01
9.916317991631798945e-01
9.913793103448276245e-01
9.752066115702479054e-01
9.793388429752065694e-01
1.000000000000000000e+00
9.832635983263597890e-01
8.388429752066115519e-01
9.835390946502057252e-01
9.710743801652892415e-01
9.743589743589743390e-01
9.751037344398340023e-01
9.797570850202429460e-01
9.875518672199170567e-01
9.737991266375546351e-01
9.635627530364372362e-01
9.599999999999999645e-01
9.591836734693877098e-01
9.109311740890688736e-01
9.876033057851240082e-01
9.915611814345991482e-01
9.796747967479674246e-01
9.665271966527196890e-01
9.754098360655737432e-01
9.823008849557521849e-01
9.751037344398340023e-01
9.833333333333332815e-01
9.549180327868852514e-01
9.704641350210970741e-01
9.677419354838709964e-01
9.574468085106383475e-01
9.669421487603305776e-01
9.834710743801653443e-01
9.872881355932203729e-01
7.572016460905349744e-01
9.915254237288135819e-01
9.757085020242914908e-01
9.504132231404959219e-01
9.880952380952381375e-01
9.789915966386554258e-01
9.831932773109243184e-01
9.709543568464730212e-01
9.668049792531120401e-01
9.682539682539682557e-01
9.958847736625514591e-01
9.956709956709957066e-01
6.723404255319148648e-01
9.716599190283400356e-01
9.829787234042552946e-01
9.789029535864979259e-01
9.635627530364372362e-01
9.872340425531914709e-01
9.480519480519480346e-01
9.747899159663865332e-01
9.876033057851240082e-01
8.408163265306122236e-01
9.918367346938775642e-01
9.793388429752065694e-01
9.834024896265559645e-01
8.808510638297872841e-01
9.913043478260870067e-01
9.879032258064516236e-01
9.874476987447698972e-01
9.559999999999999609e-01
9.762845849802371800e-01
9.916666666666666963e-01
9.871794871794872250e-01
9.957264957264957417e-01
9.754098360655737432e-01
9.761904761904761640e-01
9.827586206896551380e-01
9.831932773109243184e-01
9.917695473251029181e-01
9.714285714285714191e-01
9.748953974895397945e-01
9.838709677419354982e-01
9.826839826839827152e-01
9.620253164556962222e-01
9.708333333333333259e-01
9.669421487603305776e-01
9.669421487603305776e-01
9.875000000000000444e-01
9.873949579831933221e-01
9.755102040816326925e-01
9.621848739495798553e-01
9.838056680161942902e-01
9.958506224066390189e-01
9.752066115702479054e-01
9.598393574297188202e-01
9.917695473251029181e-01
9.796747967479674246e-01
9.719999999999999751e-01
9.488188976377952555e-01
9.629629629629629095e-01
9.836065573770491621e-01
9.831223628691982963e-01
9.790794979079497917e-01
9.748953974895397945e-01
9.792531120331949834e-01
9.748953974895397945e-01
9.878048780487804770e-01
9.747899159663865332e-01
9.801587301587301182e-01
9.870689655172413257e-01
9.830508474576271638e-01
9.798387096774193727e-01
9.872340425531914709e-01
9.958677685950413361e-01
9.658119658119658224e-01
9.668049792531120401e-01
1.000000000000000000e+00
9.916317991631798945e-01
9.834024896265559645e-01
9.958333333333333481e-01
9.623430962343095807e-01
9.663865546218487479e-01
9.610389610389610260e-01
9.656652360515021183e-01
9.873417721518987777e-01
9.836734693877551283e-01
9.799999999999999822e-01
9.525862068965517127e-01
9.714285714285714191e-01
9.751037344398340023e-01
9.493670886075948889e-01
9.915254237288135819e-01
9.788135593220338437e-01
9.799196787148594101e-01
9.958506224066390189e-01
9.489361702127659948e-01
9.822222222222222188e-01
9.753086419753086433e-01
9.916666666666666963e-01
9.836065573770491621e-01
8.283261802575107025e-01
9.787234042553191182e-01
9.748953974895397945e-01
9.960474308300395485e-01
9.711934156378601024e-01
9.959349593495935293e-01
9.872881355932203729e-01
9.914529914529914834e-01
9.916666666666666963e-01
9.918032786885245811e-01
9.836065573770491621e-01
9.707112970711296862e-01
9.878048780487804770e-01
9.871794871794872250e-01
9.715447154471544833e-01
9.629629629629629095e-01
9.879518072289156239e-01
9.839357429718875725e-01
9.796747967479674246e-01
9.708333333333333259e-01
9.677419354838709964e-01
9.631147540983606703e-01
9.876033057851240082e-01
9.753086419753086433e-01
9.831223628691982963e-01
9.608695652173913082e-01
9.626556016597510590e-01
8.040816326530612068e-01
9.399999999999999467e-01
9.876543209876542662e-01
9.714285714285714191e-01
9.679999999999999716e-01
9.874476987447698972e-01
9.456066945606694807e-01
9.451476793248945185e-01
9.364406779661016422e-01
9.755102040816326925e-01
9.685039370078739607e-01
9.831223628691982963e-01
9.835390946502057252e-01
8.709677419354838745e-01
9.796747967479674246e-01
9.561752988047809154e-01
9.710743801652892415e-01
9.709543568464730212e-01
9.799196787148594101e-01
9.957983193277311074e-01
9.958847736625514591e-01
9.825327510917030160e-01
9.788135593220338437e-01
7.361702127659573991e-01
9.714285714285714191e-01
9.593495934959349603e-01
9.830508474576271638e-01
9.541666666666667185e-01
9.752066115702479054e-01
9.451476793248945185e-01
9.755102040816326925e-01
8.445378151260504174e-01
9.713114754098360892e-01
9.672131147540983243e-01
9.790794979079497917e-01
9.621848739495798553e-01
9.913793103448276245e-01
9.916317991631798945e-01
9.838056680161942902e-01
9.751037344398340023e-01
9.714285714285714191e-01
9.786324786324785974e-01
9.956521739130435034e-01
9.958506224066390189e-01
9.739130434782609091e-01
9.873949579831933221e-01
9.795081967213115082e-01
9.715447154471544833e-01
9.801587301587301182e-01
9.915611814345991482e-01
9.958158995815900028e-01
9.744680851063829419e-01
9.714285714285714191e-01
9.835390946502057252e-01
9.879518072289156239e-01
9.785407725321888517e-01
9.832635983263597890e-01
9.876543209876542662e-01
9.834710743801653443e-01
9.637096774193548709e-01
9.875000000000000444e-01
1.000000000000000000e+00
9.655172413793103869e-01
9.725490196078431238e-01
9.740259740259740173e-01
1.000000000000000000e+00
9.873417721518987777e-01
9.837398373983740063e-01
9.747899159663865332e-01
9.666666666666666741e-01
9.782608695652174058e-01
9.790794979079497917e-01
9.752066115702479054e-01
9.823788546255506349e-01
9.341563786008230119e-01
9.753086419753086433e-01
9.749999999999999778e-01
9.748953974895397945e-01
9.723320158102767286e-01
9.677419354838709964e-01
9.832635983263597890e-01
9.868995633187772620e-01
9.742489270386266442e-01
9.919999999999999929e-01
9.708333333333333259e-01
9.626556016597510590e-01
9.588477366255143686e-01
9.793388429752065694e-01
9.621848739495798553e-01
9.634146341463414309e-01
9.713114754098360892e-01
9.831932773109243184e-01
9.835390946502057252e-01
9.752066115702479054e-01
9.879999999999999893e-01
9.834710743801653443e-01
9.705882352941176405e-01
9.618644067796610075e-01
9.872881355932203729e-01
9.831932773109243184e-01
9.872881355932203729e-01
9.795081967213115082e-01
9.828326180257510591e-01
9.957627118644067910e-01
9.793388429752065694e-01
9.870689655172413257e-01
9.471544715447154372e-01
9.876033057851240082e-01
9.791666666666666297e-01
9.915254237288135819e-01
9.913043478260870067e-01
9.916666666666666963e-01
9.876033057851240082e-01
9.710743801652892415e-01
9.792531120331949834e-01
9.751037344398340023e-01
9.874476987447698972e-01
9.749999999999999778e-01
9.917012448132780378e-01
9.744680851063829419e-01
9.625000000000000222e-01
8.227848101265823333e-01
1.000000000000000000e+00
1.000000000000000000e+00
8.285714285714286254e-01
9.705882352941176405e-01
9.778761061946902311e-01
9.915966386554622147e-01
9.875518672199170567e-01
9.698275862068965747e-01
9.749999999999999778e-01
9.677419354838709964e-01
9.794238683127571843e-01
9.642857142857143016e-01
9.745762711864406347e-01
9.629629629629629095e-01
9.714285714285714191e-01
9.801587301587301182e-01
7.071129707112970841e-01
9.621848739495798553e-01
9.877049180327869271e-01
9.827586206896551380e-01
9.832635983263597890e-01
9.799196787148594101e-01
9.795081967213115082e-01
9.574468085106383475e-01
9.958506224066390189e-01
9.634146341463414309e-01
7.983539094650206058e-01
9.673469387755102566e-01
9.792531120331949834e-01
9.873949579831933221e-01
9.758064516129032473e-01
9.874476987447698972e-01
9.873949579831933221e-01
9.784482758620689502e-01
9.795081967213115082e-01
9.666666666666666741e-01
9.369747899159663884e-01
9.745762711864406347e-01
9.475806451612903691e-01
9.878048780487804770e-01
9.583333333333333703e-01
9.956896551724138122e-01
9.834710743801653443e-01
9.957983193277311074e-01
9.792531120331949834e-01
9.710743801652892415e-01
9.787234042553191182e-01
9.710743801652892415e-01
9.915254237288135819e-01
9.545454545454545858e-01
7.957446808510638681e-01
9.751037344398340023e-01
9.537815126050420700e-01
9.836065573770491621e-01
9.666666666666666741e-01
9.829059829059828557e-01
9.917355371900826722e-01
8.016194331983805821e-01
9.787234042553191182e-01
9.782608695652174058e-01
9.829787234042552946e-01
9.880478087649402497e-01
9.829059829059828557e-01
9.094827586206896131e-01
9.662447257383965926e-01
9.711934156378601024e-01
9.628099173553719137e-01
9.709543568464730212e-01
9.645669291338582196e-01
9.834710743801653443e-01
9.823788546255506349e-01
9.834024896265559645e-01
9.876543209876542662e-01
9.830508474576271638e-01
8.024193548387096309e-01
9.879999999999999893e-01
9.958677685950413361e-01
9.746835443037974445e-01
9.786324786324785974e-01
9.959839357429718376e-01
9.756097560975609539e-01
9.745762711864406347e-01
9.753086419753086433e-01
9.583333333333333703e-01
9.916666666666666963e-01
9.748953974895397945e-01
9.830508474576271638e-01
9.916317991631798945e-01
9.880478087649402497e-01
9.916317991631798945e-01
9.631147540983606703e-01
9.638554216867469826e-01
9.876543209876542662e-01
9.838709677419354982e-01
9.829787234042552946e-01
9.785407725321888517e-01
9.875000000000000444e-01
9.876543209876542662e-01
9.914893617021276473e-01
9.794238683127571843e-01
9.917695473251029181e-01
9.790794979079497917e-01
9.504132231404959219e-01
9.876033057851240082e-01
9.959016393442623460e-01
9.831932773109243184e-01
9.834024896265559645e-01
9.710743801652892415e-01
9.439999999999999503e-01
1.000000000000000000e+00
8.268398268398268192e-01
9.830508474576271638e-01
9.870129870129870087e-01
9.588477366255143686e-01
9.796747967479674246e-01
9.665271966527196890e-01
9.784482758620689502e-01
9.829787234042552946e-01
9.759999999999999787e-01
9.787234042553191182e-01
9.799999999999999822e-01
9.755102040816326925e-01
9.757085020242914908e-01
9.787234042553191182e-01
9.685039370078739607e-01
8.755364806866953176e-01
9.870689655172413257e-01
9.796747967479674246e-01
8.421052631578946901e-01
8.421052631578946901e-01
9.748953974895397945e-01
9.795081967213115082e-01
9.918699186991869476e-01
9.831223628691982963e-01
9.872340425531914709e-01
9.879518072289156239e-01
9.789915966386554258e-01
9.875000000000000444e-01
9.870129870129870087e-01
9.698275862068965747e-01
9.840637450199203329e-01
9.877551020408162907e-01
9.756097560975609539e-01
9.832635983263597890e-01
9.716599190283400356e-01
9.434782608695652106e-01
9.796747967479674246e-01
9.838709677419354982e-01
9.753086419753086433e-01
9.743589743589743390e-01
9.795081967213115082e-01
8.083333333333333481e-01
9.761904761904761640e-01
9.677419354838709964e-01
9.874476987447698972e-01
9.711934156378601024e-01
9.789029535864979259e-01
9.751037344398340023e-01
9.744680851063829419e-01
9.959183673469387266e-01
9.874476987447698972e-01
9.830508474576271638e-01
9.837398373983740063e-01
9.873417721518987777e-01
9.836734693877551283e-01
9.789915966386554258e-01
9.917695473251029181e-01
9.586776859504132497e-01
9.917355371900826722e-01
9.662447257383965926e-01
9.761904761904761640e-01
9.791666666666666297e-01
9.957627118644067910e-01
9.673469387755102566e-01
9.637096774193548709e-01
9.795918367346938549e-01
9.672131147540983243e-01
9.493670886075948889e-01
9.716599190283400356e-01
9.709543568464730212e-01
9.838709677419354982e-01
9.789915966386554258e-01
9.695652173913043015e-01
9.395161290322581182e-01
9.959183673469387266e-01
9.621848739495798553e-01
9.702127659574467655e-01
9.874476987447698972e-01
9.917695473251029181e-01
9.917012448132780378e-01
9.588477366255143686e-01
9.833333333333332815e-01
9.745762711864406347e-01
9.836734693877551283e-01
9.743589743589743390e-01
9.744680851063829419e-01
9.834024896265559645e-01
9.959183673469387266e-01
9.958506224066390189e-01
9.758064516129032473e-01
9.666666666666666741e-01
9.866666666666666918e-01
9.875000000000000444e-01
9.829787234042552946e-01
7.603305785123967153e-01
9.914529914529914834e-01
9.795918367346938549e-01
9.800796812749004161e-01
8.785425101214574539e-01
9.782608695652174058e-01
9.700854700854700807e-01
9.795081967213115082e-01
9.665271966527196890e-01
9.877551020408162907e-01
9.824561403508771384e-01
9.873417721518987777e-01
9.957081545064377925e-01
9.835390946502057252e-01
9.672131147540983243e-01
9.757085020242914908e-01
9.369747899159663884e-01
9.752066115702479054e-01
9.790794979079497917e-01
9.718875502008031964e-01
9.736842105263158187e-01
9.831223628691982963e-01
9.703389830508474256e-01
9.831932773109243184e-01
9.873949579831933221e-01
9.703389830508474256e-01
9.795918367346938549e-01
9.838056680161942902e-01
8.056680161943320373e-01
8.042553191489362208e-01
8.897637795275590289e-01
9.802371541501976315e-01
9.788135593220338437e-01
9.668049792531120401e-01
9.710743801652892415e-01
9.871794871794872250e-01
9.753086419753086433e-01
9.914893617021276473e-01
9.831223628691982963e-01
9.754098360655737432e-01
9.831223628691982963e-01
9.876543209876542662e-01
9.831932773109243184e-01
9.635627530364372362e-01
9.791666666666666297e-01
9.797570850202429460e-01
9.917355371900826722e-01
9.835390946502057252e-01
9.879032258064516236e-01
9.782608695652174058e-01
1.000000000000000000e+00
9.558232931726907688e-01
9.800796812749004161e-01
9.491525423728813804e-01
9.914893617021276473e-01
8.050847457627118287e-01
9.917355371900826722e-01
9.802371541501976315e-01
9.700854700854700807e-01
9.794238683127571843e-01
9.554655870445344368e-01
9.879999999999999893e-01
9.834024896265559645e-01
8.612244897959183687e-01
9.880478087649402497e-01
9.870689655172413257e-01
9.838709677419354982e-01
9.880478087649402497e-01
9.718875502008031964e-01
9.698275862068965747e-01
9.663865546218487479e-01
9.913419913419913021e-01
8.755020080321285203e-01
9.792531120331949834e-01
9.957081545064377925e-01
9.833333333333332815e-01
6.877637130801688148e-01
9.794238683127571843e-01
9.568965517241379004e-01
9.831223628691982963e-01
9.682539682539682557e-01
9.752066115702479054e-01
9.744680851063829419e-01
9.748953974895397945e-01
7.782258064516128782e-01
9.786324786324785974e-01
9.744680851063829419e-01
9.831932773109243184e-01
9.873417721518987777e-01
9.756097560975609539e-01
9.791666666666666297e-01
9.710743801652892415e-01
7.336065573770491621e-01
9.918699186991869476e-01
9.916666666666666963e-01
9.789915966386554258e-01
9.670781893004115615e-01
9.873417721518987777e-01
9.678714859437751450e-01
9.833333333333332815e-01
9.958506224066390189e-01
9.959349593495935293e-01
9.871244635193132666e-01
9.708333333333333259e-01
9.795081967213115082e-01
9.717741935483871218e-01
9.798387096774193727e-01
9.877551020408162907e-01
9.748953974895397945e-01
9.618644067796610075e-01
9.746835443037974445e-01
9.832635983263597890e-01
9.764705882352940902e-01
9.791666666666666297e-01
8.083333333333333481e-01
9.742489270386266442e-01
9.742489270386266442e-01
9.655172413793103869e-01
9.717741935483871218e-01
9.957081545064377925e-01
9.753086419753086433e-01
9.873417721518987777e-01
9.757085020242914908e-01
9.829787234042552946e-01
9.879518072289156239e-01
9.758064516129032473e-01
9.752066115702479054e-01
9.661016949152542166e-01
8.870292887029288531e-01
9.875000000000000444e-01
9.834710743801653443e-01
9.715447154471544833e-01
9.918032786885245811e-01
9.783549783549783108e-01
9.786324786324785974e-01
9.700854700854700807e-01
9.918699186991869476e-01
9.837398373983740063e-01
8.097165991902833815e-01
9.620253164556962222e-01
9.835390946502057252e-01
9.874476987447698972e-01
9.787234042553191182e-01
9.829059829059828557e-01
9.749999999999999778e-01
9.745762711864406347e-01
9.787234042553191182e-01
9.914529914529914834e-01
9.755102040816326925e-01
9.829059829059828557e-01
9.598393574297188202e-01
9.872881355932203729e-01
9.957805907172996296e-01
9.829787234042552946e-01
9.715447154471544833e-01
9.875000000000000444e-01
9.698275862068965747e-01
9.830508474576271638e-01
9.754098360655737432e-01
9.535864978902953704e-01
9.754098360655737432e-01
9.869565217391303991e-01
1.000000000000000000e+00
9.707112970711296862e-01
9.785407725321888517e-01
9.755102040816326925e-01
9.789029535864979259e-01
9.957805907172996296e-01
9.649122807017543879e-01
9.870129870129870087e-01
9.760956175298804993e-01
9.958333333333333481e-01
9.831223628691982963e-01
9.878048780487804770e-01
8.185483870967742437e-01
9.872881355932203729e-01
8.297872340425531679e-01
9.783549783549783108e-01
9.669421487603305776e-01
9.828326180257510591e-01
9.879518072289156239e-01
9.653679653679653194e-01
9.826839826839827152e-01
9.829787234042552946e-01
9.833333333333332815e-01
9.829059829059828557e-01
9.833333333333332815e-01
9.749999999999999778e-01
9.795081967213115082e-01
9.837398373983740063e-01
9.956521739130435034e-01
9.699570815450643257e-01
9.785407725321888517e-01
9.665271966527196890e-01
9.920318725099601664e-01
9.871244635193132666e-01
9.699570815450643257e-01
9.959677419354838745e-01
9.714285714285714191e-01
9.740259740259740173e-01
9.875000000000000444e-01
9.917695473251029181e-01
9.702127659574467655e-01
9.786324786324785974e-01
1.000000000000000000e+00
9.872881355932203729e-01
9.916666666666666963e-01
9.716599190283400356e-01
9.666666666666666741e-01
9.756097560975609539e-01
9.572649572649573058e-01
9.957983193277311074e-01
9.958506224066390189e-01
8.008130081300812719e-01
9.782608695652174058e-01
9.917355371900826722e-01
9.743589743589743390e-01
9.918367346938775642e-01
9.390243902439023849e-01
9.957627118644067910e-01
9.834024896265559645e-01
9.881422924901185345e-01
9.836065573770491621e-01
7.890295358649789259e-01
9.798387096774193727e-01
9.879999999999999893e-01
9.871794871794872250e-01
9.462809917355371470e-01
9.749999999999999778e-01
9.647577092511012697e-01
9.793388429752065694e-01
9.753086419753086433e-01
9.748953974895397945e-01
9.791666666666666297e-01
9.959514170040485448e-01
9.917695473251029181e-01
9.554655870445344368e-01
9.788135593220338437e-01
9.958847736625514591e-01
9.745762711864406347e-01
9.535864978902953704e-01
9.867841409691630039e-01
9.699570815450643257e-01
8.016194331983805821e-01
9.747899159663865332e-01
9.835390946502057252e-01
9.745762711864406347e-01
8.902439024390244038e-01
9.840637450199203329e-01
9.662447257383965926e-01
9.749999999999999778e-01
9.558232931726907688e-01
9.749999999999999778e-01
9.792531120331949834e-01
9.871794871794872250e-01
9.958506224066390189e-01
9.870689655172413257e-01
9.829787234042552946e-01
9.791666666666666297e-01
9.709543568464730212e-01
9.365079365079365115e-01
9.795918367346938549e-01
9.829059829059828557e-01
9.632653061224489832e-01
9.588477366255143686e-01
9.707112970711296862e-01
9.623430962343095807e-01
8.257261410788381273e-01
9.662447257383965926e-01
9.834024896265559645e-01
9.832635983263597890e-01
9.958158995815900028e-01
9.756097560975609539e-01
9.828326180257510591e-01
9.663865546218487479e-01
9.913419913419913021e-01
9.958847736625514591e-01
9.798387096774193727e-01
9.958158995815900028e-01
9.916666666666666963e-01
9.678714859437751450e-01
9.957983193277311074e-01
9.758064516129032473e-01
9.704641350210970741e-01
9.872340425531914709e-01
9.834710743801653443e-01
9.867841409691630039e-01
9.912663755458515080e-01
9.872881355932203729e-01
9.793388429752065694e-01
9.833333333333332815e-01
8.286852589641434674e-01
9.740259740259740173e-01
9.877049180327869271e-01
7.624999999999999556e-01
9.749999999999999778e-01
9.705882352941176405e-01
9.836065573770491621e-01
9.756097560975609539e-01
9.918032786885245811e-01
9.699570815450643257e-01
9.692982456140351033e-01
8.677685950413223104e-01
9.625000000000000222e-01
9.873417721518987777e-01
9.559999999999999609e-01
9.959016393442623460e-01
9.871794871794872250e-01
9.754098360655737432e-01
9.593495934959349603e-01
9.914893617021276473e-01
9.794238683127571843e-01
9.830508474576271638e-01
9.832635983263597890e-01
9.749999999999999778e-01
9.713114754098360892e-01
9.871244635193132666e-01
9.668049792531120401e-01
9.875000000000000444e-01
7.029288702928869759e-01
9.789029535864979259e-01
9.626556016597510590e-01
9.919354838709677491e-01
9.631147540983606703e-01
9.699570815450643257e-01
9.699570815450643257e-01
9.576271186440677985e-01
9.829059829059828557e-01
9.787234042553191182e-01
9.791666666666666297e-01
9.833333333333332815e-01
9.666666666666666741e-01
9.838709677419354982e-01
9.873417721518987777e-01
9.728506787330316596e-01
9.873949579831933221e-01
9.918032786885245811e-01
9.710743801652892415e-01
9.840637450199203329e-01
9.749999999999999778e-01
9.878048780487804770e-01
9.917695473251029181e-01
9.827586206896551380e-01
9.751037344398340023e-01
9.838709677419354982e-01
7.773109243697479132e-01
9.718875502008031964e-01
9.663865546218487479e-01
9.789029535864979259e-01
8.109243697478991653e-01
8.851063829787233495e-01
9.482758620689655249e-01
9.790794979079497917e-01
1.000000000000000000e+00
6.900826446280992066e-01
9.873417721518987777e-01
9.484978540772531774e-01
9.708333333333333259e-01
9.799196787148594101e-01
9.914893617021276473e-01
9.710743801652892415e-01
9.877049180327869271e-01
9.676113360323886914e-01
9.715447154471544833e-01
7.689243027888446047e-01
9.834710743801653443e-01
9.790794979079497917e-01
9.703389830508474256e-01
9.605263157894736725e-01
9.703389830508474256e-01
9.744680851063829419e-01
9.879032258064516236e-01
9.794238683127571843e-01
9.789029535864979259e-01
9.831223628691982963e-01
9.590163934426229053e-01
9.661016949152542166e-01
9.710743801652892415e-01
9.918699186991869476e-01
9.741379310344827624e-01
9.747899159663865332e-01
9.451476793248945185e-01
9.748953974895397945e-01
9.836734693877551283e-01
9.756097560975609539e-01
9.579831932773109626e-01
9.714285714285714191e-01
9.800796812749004161e-01
9.918367346938775642e-01
9.873949579831933221e-01
9.711934156378601024e-01
9.875000000000000444e-01
9.696969696969697239e-01
9.714285714285714191e-01
9.958506224066390189e-01
9.917695473251029181e-01
9.836065573770491621e-01
9.916317991631798945e-01
9.628099173553719137e-01
9.449152542372881713e-01
9.721115537848605825e-01
9.748953974895397945e-01
8.025210084033613800e-01
9.838056680161942902e-01
9.793388429752065694e-01
9.831932773109243184e-01
9.743589743589743390e-01
7.377049180327869271e-01
9.791666666666666297e-01
9.957264957264957417e-01
9.877049180327869271e-01
9.795081967213115082e-01
9.828326180257510591e-01
9.913419913419913021e-01
9.956521739130435034e-01
9.789915966386554258e-01
9.836065573770491621e-01
9.834710743801653443e-01
9.707112970711296862e-01
9.873417721518987777e-01
9.656652360515021183e-01
7.768240343347639909e-01
9.873417721518987777e-01
9.672131147540983243e-01
9.744680851063829419e-01
9.754098360655737432e-01
9.919678714859437862e-01
9.840637450199203329e-01
9.676113360323886914e-01
9.631147540983606703e-01
9.705882352941176405e-01
9.837398373983740063e-01
9.958506224066390189e-01
9.829059829059828557e-01
9.834710743801653443e-01
9.716599190283400356e-01
9.791666666666666297e-01
9.920318725099601664e-01
9.878542510121457454e-01
9.914529914529914834e-01
9.749999999999999778e-01
9.838056680161942902e-01
9.071729957805907407e-01
8.771186440677966045e-01
9.759036144578313587e-01
9.835390946502057252e-01
9.878542510121457454e-01
9.959016393442623460e-01
9.834710743801653443e-01
9.752066115702479054e-01
9.752066115702479054e-01
9.787234042553191182e-01
9.549180327868852514e-01
9.955752212389380462e-01
9.866666666666666918e-01
8.541666666666666297e-01
9.628099173553719137e-01
9.663865546218487479e-01
9.916666666666666963e-01
9.798387096774193727e-01
9.669421487603305776e-01
9.700854700854700807e-01
7.078189300411522611e-01
9.841269841269840724e-01
9.687500000000000000e-01
9.875518672199170567e-01
9.790794979079497917e-01
9.797570850202429460e-01
7.166666666666666741e-01
9.746835443037974445e-01
9.759999999999999787e-01
9.792531120331949834e-01
9.669421487603305776e-01
9.790794979079497917e-01
9.881889763779527769e-01
9.629629629629629095e-01
9.831932773109243184e-01
9.877049180327869271e-01
9.918367346938775642e-01
9.716599190283400356e-01
9.669421487603305776e-01
9.782608695652174058e-01
9.674796747967480126e-01
9.839999999999999858e-01
9.874476987447698972e-01
9.915966386554622147e-01
9.837398373983740063e-01
9.705882352941176405e-01
9.608695652173913082e-01
9.877551020408162907e-01
9.840637450199203329e-01
9.875518672199170567e-01
9.665271966527196890e-01
9.836065573770491621e-01
9.716599190283400356e-01
9.876543209876542662e-01
9.790794979079497917e-01
9.668049792531120401e-01
7.439024390243902385e-01
9.793388429752065694e-01
9.709543568464730212e-01
9.751037344398340023e-01
9.745762711864406347e-01
9.918032786885245811e-01
9.639999999999999680e-01
9.687500000000000000e-01
9.914529914529914834e-01
9.784482758620689502e-01
9.875000000000000444e-01
9.711934156378601024e-01
9.755102040816326925e-01
9.875518672199170567e-01
9.795081967213115082e-01
9.871794871794872250e-01
9.632653061224489832e-01
9.798387096774193727e-01
9.877049180327869271e-01
9.641434262948207490e-01
8.152610441767068616e-01
9.535864978902953704e-01
7.991803278688525136e-01
9.791666666666666297e-01
9.740259740259740173e-01
9.708333333333333259e-01
9.666666666666666741e-01
9.875518672199170567e-01
9.713114754098360892e-01
9.753086419753086433e-01
9.748953974895397945e-01
9.875000000000000444e-01
9.871244635193132666e-01
9.659574468085105892e-01
9.915966386554622147e-01
9.749999999999999778e-01
9.837398373983740063e-01
9.874476987447698972e-01
9.830508474576271638e-01
9.659574468085105892e-01
9.871244635193132666e-01
9.453781512605041737e-01
9.832635983263597890e-01
9.920318725099601664e-01
9.915966386554622147e-01
9.711934156378601024e-01
9.914893617021276473e-01
9.625000000000000222e-01
9.836065573770491621e-01
9.723320158102767286e-01
9.957805907172996296e-01
9.916666666666666963e-01
9.668049792531120401e-01
9.918699186991869476e-01
9.717741935483871218e-01
9.617021276595744128e-01
8.489795918367346594e-01
9.835390946502057252e-01
9.796747967479674246e-01
9.635627530364372362e-01
9.915966386554622147e-01
9.638554216867469826e-01
9.626556016597510590e-01
9.795918367346938549e-01
9.783549783549783108e-01
9.707112970711296862e-01
9.194915254237288060e-01
8.785425101214574539e-01
9.499999999999999556e-01
9.708333333333333259e-01
9.668049792531120401e-01
9.606299212598424786e-01
9.795081967213115082e-01
9.593495934959349603e-01
9.707112970711296862e-01
9.715447154471544833e-01
9.795918367346938549e-01
9.836734693877551283e-01
9.629629629629629095e-01
9.670781893004115615e-01
9.716599190283400356e-01
9.795081967213115082e-01
9.831932773109243184e-01
9.705882352941176405e-01
9.834710743801653443e-01
9.834710743801653443e-01
9.645669291338582196e-01
9.751037344398340023e-01
9.521739130434783149e-01
9.678714859437751450e-01
9.677419354838709964e-01
9.918032786885245811e-01
9.875000000000000444e-01
9.878542510121457454e-01
9.714285714285714191e-01
9.877551020408162907e-01
9.753086419753086433e-01
9.875000000000000444e-01
9.717741935483871218e-01
9.752066115702479054e-01
9.700854700854700807e-01
9.835390946502057252e-01
9.825327510917030160e-01
9.704641350210970741e-01
7.637130801687763704e-01
9.915966386554622147e-01
9.678714859437751450e-01
9.710743801652892415e-01
9.794238683127571843e-01
9.797570850202429460e-01
9.516129032258064946e-01
9.702127659574467655e-01
9.579831932773109626e-01
9.751037344398340023e-01
9.716599190283400356e-01
9.916317991631798945e-01
9.803149606299212948e-01
9.958333333333333481e-01
9.871244635193132666e-01
9.916666666666666963e-01
1.000000000000000000e+00
9.746835443037974445e-01
9.759999999999999787e-01
9.786324786324785974e-01
9.919028340080972006e-01
9.874476987447698972e-01
9.759036144578313587e-01
9.797570850202429460e-01
8.739837398373984101e-01
9.674796747967480126e-01
9.873417721518987777e-01
7.976190476190476719e-01
9.514170040485829816e-01
8.589211618257260872e-01
1.000000000000000000e+00
9.919028340080972006e-01
9.873949579831933221e-01
9.827586206896551380e-01
9.502262443438913575e-01
9.791666666666666297e-01
9.875518672199170567e-01
9.875000000000000444e-01
9.872340425531914709e-01
9.796747967479674246e-01
