8.401639344262294973e-01
8.425531914893616969e-01
7.755102040816326259e-01
8.215767634854771462e-01
8.512396694214876547e-01
8.547717842323651061e-01
8.471074380165288797e-01
8.491379310344827624e-01
7.845528455284552782e-01
8.791666666666666519e-01
8.925619834710744049e-01
8.395061728395061262e-01
8.212765957446808152e-01
7.786885245901639108e-01
7.824267782426778117e-01
8.436213991769547782e-01
8.577405857740585393e-01
7.666666666666667185e-01
8.362068965517240882e-01
8.432203389830508211e-01
8.418803418803418870e-01
8.381742738589211816e-01
8.313253012048192891e-01
8.448979591836734970e-01
8.278688524590164244e-01
8.523206751054852592e-01
8.297872340425531679e-01
8.060344827586206629e-01
8.813559322033898136e-01
8.292682926829267887e-01
8.423236514522821627e-01
7.922077922077922496e-01
8.367346938775510612e-01
8.016194331983805821e-01
8.666666666666666963e-01
8.196721311475410054e-01
7.745901639344262568e-01
7.672413793103448620e-01
8.104838709677418818e-01
8.049792531120332217e-01
8.193277310924369505e-01
8.764940239043824688e-01
7.975708502024291269e-01
7.817460317460317443e-01
8.461538461538461453e-01
7.836734693877550617e-01
8.366533864541833010e-01
8.632478632478632896e-01
8.178137651821861809e-01
8.199999999999999512e-01
7.663934426229508379e-01
8.255319148936169915e-01
8.025210084033613800e-01
8.408163265306122236e-01
7.854251012145748723e-01
7.880000000000000338e-01
8.577235772357723054e-01
8.032786885245901676e-01
8.663967611336031993e-01
7.795918367346938993e-01
8.291666666666667185e-01
8.649789029535864815e-01
8.081632653061224802e-01
8.059071729957806296e-01
8.553719008264463186e-01
8.135593220338983578e-01
7.918367346938774975e-01
8.558951965065502154e-01
8.167330677290837171e-01
7.890295358649789259e-01
7.791666666666666741e-01
8.467741935483871218e-01
8.262711864406779849e-01
8.185654008438818519e-01
8.177966101694915668e-01
8.081632653061224802e-01
7.983193277310924874e-01
8.073770491803278215e-01
8.158995815899581228e-01
8.373983739837398410e-01
8.093220338983050377e-01
8.471074380165288797e-01
8.158995815899581228e-01
8.292682926829267887e-01
8.536585365853658347e-01
8.801652892561983021e-01
7.773109243697479132e-01
8.089430894308943243e-01
7.942386831275720649e-01
8.166666666666666519e-01
7.860082304526748720e-01
8.744939271255061097e-01
8.641975308641974829e-01
8.595041322314049825e-01
8.473895582329317167e-01
8.007812500000000000e-01
8.048780487804878536e-01
8.393574297188755029e-01
8.458333333333333259e-01
8.375000000000000222e-01
8.589743589743589203e-01
7.773109243697479132e-01
8.429752066115702158e-01
8.299595141700404355e-01
8.278688524590164244e-01
8.146551724137931494e-01
7.744680851063829863e-01
8.495934959349593640e-01
8.162393162393162260e-01
8.577586206896551380e-01
7.619047619047618625e-01
8.451882845188284366e-01
8.683127572016461349e-01
7.750000000000000222e-01
8.106995884773662286e-01
8.559322033898305593e-01
7.791666666666666741e-01
8.333333333333333703e-01
8.340080971659918907e-01
8.266129032258064946e-01
8.000000000000000444e-01
7.824267782426778117e-01
7.966101694915254106e-01
8.075313807531381283e-01
8.359999999999999654e-01
8.755186721991701226e-01
8.313253012048192891e-01
8.174273858921161651e-01
8.290598290598291120e-01
8.416666666666666741e-01
8.333333333333333703e-01
8.410041841004184393e-01
8.888888888888888395e-01
8.708333333333333481e-01
8.032128514056224855e-01
8.464730290456431439e-01
8.244897959183673519e-01
8.367346938775510612e-01
8.955823293172691102e-01
7.540322580645161255e-01
8.499999999999999778e-01
8.305785123966942241e-01
8.262711864406779849e-01
8.813559322033898136e-01
8.606557377049179891e-01
8.225806451612903691e-01
8.048780487804878536e-01
8.645418326693227185e-01
8.619246861924686476e-01
8.252032520325203180e-01
8.056680161943320373e-01
8.785425101214574539e-01
8.305785123966942241e-01
8.034188034188034511e-01
8.340248962655602005e-01
7.542372881355932090e-01
8.516949152542372392e-01
8.723404255319149314e-01
8.122448979591836427e-01
8.111587982832617616e-01
8.083333333333333481e-01
8.416666666666666741e-01
8.185483870967742437e-01
8.305785123966942241e-01
8.264462809917355601e-01
8.483606557377049162e-01
8.148148148148147696e-01
8.024193548387096309e-01
8.362831858407079322e-01
8.483606557377049162e-01
8.075313807531381283e-01
7.952755905511811330e-01
8.542510121457489447e-01
8.559670781893004010e-01
8.286852589641434674e-01
8.589743589743589203e-01
7.929515418502202095e-01
8.227848101265823333e-01
8.060344827586206629e-01
8.050847457627118287e-01
8.305084745762711940e-01
8.347457627118644030e-01
7.689075630252101279e-01
8.474576271186440302e-01
8.299595141700404355e-01
8.510638297872340496e-01
8.270042194092827037e-01
8.106995884773662286e-01
8.189300411522634215e-01
8.095238095238095344e-01
8.232758620689655249e-01
7.894736842105263275e-01
8.429752066115702158e-01
8.691983122362869629e-01
8.389830508474576121e-01
8.414634146341463117e-01
8.133333333333333526e-01
7.773109243697479132e-01
8.284518828451883365e-01
8.177966101694915668e-01
7.949790794979079145e-01
8.312757201646090444e-01
8.162393162393162260e-01
7.854251012145748723e-01
8.577405857740585393e-01
8.791666666666666519e-01
8.008474576271186196e-01
7.479338842975206125e-01
8.553719008264463186e-01
7.786885245901639108e-01
7.983193277310924874e-01
8.252032520325203180e-01
7.448559670781893516e-01
8.242677824267782283e-01
8.299595141700404355e-01
8.270042194092827037e-01
8.073770491803278215e-01
7.731092436974790205e-01
8.644067796610169774e-01
8.104838709677418818e-01
8.271604938271605034e-01
7.787234042553191626e-01
8.724279835390946758e-01
8.666666666666666963e-01
8.166666666666666519e-01
8.271604938271605034e-01
8.181818181818182323e-01
8.739495798319327768e-01
8.388429752066115519e-01
8.524590163934425702e-01
8.589211618257260872e-01
8.487394957983193100e-01
8.451327433628318397e-01
7.704918032786884918e-01
8.135593220338983578e-01
8.112449799196786993e-01
8.257261410788381273e-01
8.277310924369747358e-01
8.339920948616600382e-01
8.410041841004184393e-01
8.270042194092827037e-01
8.247863247863247427e-01
8.373983739837398410e-01
8.138528138528138278e-01
8.483606557377049162e-01
8.791666666666666519e-01
8.130081300813007950e-01
7.851239669421488099e-01
8.410041841004184393e-01
7.958333333333332815e-01
8.235294117647058432e-01
8.483606557377049162e-01
8.486055776892430513e-01
7.983870967741935054e-01
8.185654008438818519e-01
8.464730290456431439e-01
8.220338983050847759e-01
8.403361344537815247e-01
8.249999999999999556e-01
8.382978723404255206e-01
8.253275109170306045e-01
8.353909465020575853e-01
8.305084745762711940e-01
8.376068376068376287e-01
8.382978723404255206e-01
8.264462809917355601e-01
8.056680161943320373e-01
8.120000000000000551e-01
7.905982905982905651e-01
7.795918367346938993e-01
7.936507936507936067e-01
8.273092369477911268e-01
7.975206611570248016e-01
7.663934426229508379e-01
8.373015873015873245e-01
8.279999999999999583e-01
8.412017167381974359e-01
8.445378151260504174e-01
8.056680161943320373e-01
8.666666666666666963e-01
8.285714285714286254e-01
8.093220338983050377e-01
7.634854771784231886e-01
8.617886178861788871e-01
8.312757201646090444e-01
8.042553191489362208e-01
8.512396694214876547e-01
7.974683544303797778e-01
8.432203389830508211e-01
7.892561983471074738e-01
8.347107438016528880e-01
7.901234567901234129e-01
7.682926829268292845e-01
7.361702127659573991e-01
8.506224066390041250e-01
8.122448979591836427e-01
8.214285714285713969e-01
8.193277310924369505e-01
8.297872340425531679e-01
8.192771084337349130e-01
