8.442622950819672623e-01
9.191489361702127603e-01
9.387755102040816757e-01
9.460580912863070235e-01
8.677685950413223104e-01
9.419087136929460424e-01
8.677685950413223104e-01
9.525862068965517127e-01
8.252032520325203180e-01
9.541666666666667185e-01
9.586776859504132497e-01
9.588477366255143686e-01
7.872340425531915153e-01
9.344262295081967595e-01
7.907949790794979172e-01
9.794238683127571843e-01
9.623430962343095807e-01
9.250000000000000444e-01
9.482758620689655249e-01
9.449152542372881713e-01
9.658119658119658224e-01
9.502074688796680046e-01
9.156626506024095891e-01
9.387755102040816757e-01
9.385245901639344135e-01
9.367088607594936667e-01
9.659574468085105892e-01
9.482758620689655249e-01
9.618644067796610075e-01
9.349593495934959142e-01
9.419087136929460424e-01
9.610389610389610260e-01
9.224489795918366930e-01
9.716599190283400356e-01
9.372549019607843146e-01
7.581967213114754189e-01
8.729508196721311730e-01
9.612068965517240882e-01
9.758064516129032473e-01
9.502074688796680046e-01
8.361344537815126321e-01
8.047808764940238557e-01
9.473684210526315264e-01
9.484126984126983739e-01
9.358974358974359031e-01
9.469387755102041115e-01
9.641434262948207490e-01
9.615384615384615641e-01
9.595141700404857810e-01
9.679999999999999716e-01
7.786885245901639108e-01
8.553191489361702260e-01
9.369747899159663884e-01
8.122448979591836427e-01
9.109311740890688736e-01
9.160000000000000364e-01
9.390243902439023849e-01
9.426229508196721785e-01
9.433198380566801822e-01
9.306122448979591288e-01
6.875000000000000000e-01
9.746835443037974445e-01
9.959183673469387266e-01
9.578059071729957408e-01
9.090909090909090606e-01
9.661016949152542166e-01
9.510204081632652739e-01
9.737991266375546351e-01
9.163346613545816366e-01
9.746835443037974445e-01
9.499999999999999556e-01
7.782258064516128782e-01
9.576271186440677985e-01
9.704641350210970741e-01
9.533898305084745894e-01
9.387755102040816757e-01
7.773109243697479132e-01
9.590163934426229053e-01
9.372384937238493752e-01
8.495934959349593640e-01
9.491525423728813804e-01
9.380165289256198191e-01
9.497907949790794779e-01
9.512195121951219079e-01
7.926829268292683306e-01
8.016528925619834656e-01
9.327731092436974958e-01
9.430894308943089666e-01
9.218106995884773891e-01
9.416666666666666519e-01
9.176954732510288482e-01
9.311740890688259276e-01
8.847736625514402986e-01
9.049586776859503967e-01
9.678714859437751450e-01
9.570312500000000000e-01
9.593495934959349603e-01
8.192771084337349130e-01
9.708333333333333259e-01
9.583333333333333703e-01
8.632478632478632896e-01
9.663865546218487479e-01
9.297520661157024913e-01
9.311740890688259276e-01
8.032786885245901676e-01
9.482758620689655249e-01
9.702127659574467655e-01
9.430894308943089666e-01
9.572649572649573058e-01
9.310344827586206629e-01
8.225108225108225257e-01
9.623430962343095807e-01
9.629629629629629095e-01
8.791666666666666519e-01
8.065843621399176877e-01
9.025423728813559698e-01
9.666666666666666741e-01
9.572649572649573058e-01
9.514170040485829816e-01
7.983870967741935054e-01
9.531914893617021711e-01
9.623430962343095807e-01
9.533898305084745894e-01
9.414225941422593724e-01
9.320000000000000506e-01
8.423236514522821627e-01
7.429718875502008268e-01
8.423236514522821627e-01
9.401709401709401615e-01
9.041666666666666741e-01
9.625000000000000222e-01
8.786610878661087476e-01
9.711934156378601024e-01
8.416666666666666741e-01
9.317269076305221276e-01
7.800829875518672241e-01
8.448979591836734970e-01
8.489795918367346594e-01
9.437751004016063927e-01
9.435483870967742437e-01
8.791666666666666519e-01
8.925619834710744049e-01
9.618644067796610075e-01
9.661016949152542166e-01
8.442622950819672623e-01
8.387096774193548709e-01
9.634146341463414309e-01
9.561752988047809154e-01
9.623430962343095807e-01
8.902439024390244038e-01
9.757085020242914908e-01
9.311740890688259276e-01
9.462809917355371470e-01
9.444444444444444198e-01
9.543568464730290968e-01
9.449152542372881713e-01
8.135593220338983578e-01
8.212765957446808152e-01
8.163265306122449161e-01
9.399141630901287625e-01
9.124999999999999778e-01
9.499999999999999556e-01
8.629032258064516236e-01
9.380165289256198191e-01
9.421487603305784830e-01
8.319672131147540783e-01
8.683127572016461349e-01
9.717741935483871218e-01
8.230088495575220708e-01
8.360655737704918433e-01
9.330543933054393779e-01
9.133858267716535861e-01
9.473684210526315264e-01
9.711934156378601024e-01
9.402390438247012483e-01
9.316239316239316448e-01
9.295154185022026505e-01
9.367088607594936667e-01
9.267241379310344751e-01
9.449152542372881713e-01
9.661016949152542166e-01
9.618644067796610075e-01
9.495798319327730663e-01
9.576271186440677985e-01
9.352226720647773828e-01
7.957446808510638681e-01
9.704641350210970741e-01
9.053497942386831143e-01
9.218106995884773891e-01
9.325396825396825573e-01
9.525862068965517127e-01
9.514170040485829816e-01
9.504132231404959219e-01
8.016877637130801482e-01
9.703389830508474256e-01
9.308943089430894435e-01
9.377777777777778212e-01
9.621848739495798553e-01
9.581589958158995834e-01
9.449152542372881713e-01
9.665271966527196890e-01
9.465020576131687458e-01
9.188034188034187588e-01
9.473684210526315264e-01
9.330543933054393779e-01
9.291666666666666963e-01
9.533898305084745894e-01
7.603305785123967153e-01
7.520661157024793875e-01
7.786885245901639108e-01
9.453781512605041737e-01
7.276422764227642448e-01
9.547325102880658276e-01
9.539748953974895862e-01
8.218623481781376361e-01
9.451476793248945185e-01
9.344262295081967595e-01
9.663865546218487479e-01
9.661016949152542166e-01
9.314516129032257563e-01
9.176954732510288482e-01
9.404255319148936421e-01
9.670781893004115615e-01
8.916666666666667185e-01
9.583333333333333703e-01
9.382716049382715529e-01
8.223140495867768962e-01
9.579831932773109626e-01
9.752066115702479054e-01
9.672131147540983243e-01
9.543568464730290968e-01
9.495798319327730663e-01
9.336283185840708043e-01
8.524590163934425702e-01
8.771186440677966045e-01
7.751004016064256819e-01
9.626556016597510590e-01
9.579831932773109626e-01
9.446640316205533461e-01
9.414225941422593724e-01
9.367088607594936667e-01
8.290598290598291120e-01
9.349593495934959142e-01
9.350649350649350433e-01
9.180327868852459217e-01
8.583333333333332815e-01
9.837398373983740063e-01
9.462809917355371470e-01
9.372384937238493752e-01
9.458333333333333037e-01
9.453781512605041737e-01
9.590163934426229053e-01
8.127490039840638003e-01
7.862903225806451291e-01
9.451476793248945185e-01
9.502074688796680046e-01
9.194915254237288060e-01
8.865546218487394547e-01
9.541666666666667185e-01
9.531914893617021711e-01
9.781659388646287701e-01
9.218106995884773891e-01
9.449152542372881713e-01
7.777777777777777901e-01
9.276595744680851130e-01
9.132231404958677246e-01
9.595141700404857810e-01
9.479999999999999538e-01
9.529914529914529364e-01
9.510204081632652739e-01
9.484126984126983739e-01
8.313253012048192891e-01
9.421487603305784830e-01
9.590163934426229053e-01
7.777777777777777901e-01
9.320000000000000506e-01
8.326180257510729099e-01
9.411764705882352811e-01
9.352226720647773828e-01
9.625000000000000222e-01
9.510204081632652739e-01
9.576271186440677985e-01
9.087136929460580825e-01
9.593495934959349603e-01
9.300411522633744710e-01
9.617021276595744128e-01
8.181818181818182323e-01
7.383966244725738148e-01
9.576271186440677985e-01
7.975206611570248016e-01
8.636363636363636465e-01
7.325102880658436177e-01
9.512195121951219079e-01
9.531914893617021711e-01
9.709543568464730212e-01
9.551020408163265474e-01
9.330357142857143016e-01
9.705882352941176405e-01
9.234042553191489366e-01
9.595141700404857810e-01
9.478260869565217073e-01
9.502074688796680046e-01
9.451476793248945185e-01
9.759036144578313587e-01
7.656903765690377117e-01
8.473895582329317167e-01
9.656652360515021183e-01
8.589743589743589203e-01
9.635627530364372362e-01
9.715447154471544833e-01
9.497907949790794779e-01
9.543568464730290968e-01
8.016877637130801482e-01
9.545454545454545858e-01
9.170124481327800448e-01
8.553719008264463186e-01
8.691983122362869629e-01
9.543568464730290968e-01
9.626556016597510590e-01
9.711934156378601024e-01
9.620253164556962222e-01
9.533898305084745894e-01
9.482071713147410819e-01
9.673469387755102566e-01
9.672131147540983243e-01
9.533898305084745894e-01
9.625000000000000222e-01
9.356223175965665551e-01
8.645418326693227185e-01
9.549180327868852514e-01
9.665271966527196890e-01
9.288702928870292697e-01
9.703389830508474256e-01
9.458333333333333037e-01
9.792531120331949834e-01
9.449152542372881713e-01
9.510204081632652739e-01
9.595141700404857810e-01
8.760683760683760646e-01
9.676113360323886914e-01
9.506172839506172867e-01
9.508196721311474864e-01
9.338842975206611552e-01
9.572649572649573058e-01
9.666666666666666741e-01
8.312236286919830741e-01
9.593495934959349603e-01
9.746835443037974445e-01
9.593495934959349603e-01
9.510204081632652739e-01
9.233870967741935054e-01
9.583333333333333703e-01
9.631147540983606703e-01
9.617021276595744128e-01
9.270386266094420291e-01
9.676113360323886914e-01
9.753086419753086433e-01
9.681274900398406658e-01
9.268292682926829729e-01
9.324894514767932963e-01
9.674796747967480126e-01
8.326359832635983338e-01
9.673469387755102566e-01
9.460580912863070235e-01
7.827868852459016757e-01
9.484978540772531774e-01
8.143459915611814814e-01
9.395161290322581182e-01
9.572649572649573058e-01
9.416666666666666519e-01
9.626556016597510590e-01
9.834024896265559645e-01
9.625000000000000222e-01
9.612068965517240882e-01
9.310344827586206629e-01
9.083333333333333259e-01
9.792531120331949834e-01
9.710743801652892415e-01
9.835390946502057252e-01
9.795918367346938549e-01
9.698275862068965747e-01
8.348214285714286031e-01
8.389830508474576121e-01
9.673469387755102566e-01
8.595041322314049825e-01
9.628099173553719137e-01
9.176954732510288482e-01
9.596774193548387455e-01
9.449152542372881713e-01
9.414225941422593724e-01
9.700854700854700807e-01
9.181034482758620996e-01
9.655172413793103869e-01
8.912133891213389614e-01
9.008620689655172376e-01
7.909836065573770947e-01
8.658536585365853577e-01
8.547008547008546619e-01
9.554655870445344368e-01
9.364406779661016422e-01
9.590163934426229053e-01
8.093220338983050377e-01
9.631147540983606703e-01
9.409282700421941481e-01
9.264069264069264564e-01
9.539748953974895862e-01
9.618644067796610075e-01
9.752066115702479054e-01
8.979591836734693855e-01
9.539748953974895862e-01
9.444444444444444198e-01
9.749999999999999778e-01
7.008196721311474864e-01
9.419087136929460424e-01
9.601593625498008322e-01
8.734693877551020780e-01
9.495798319327730663e-01
9.668049792531120401e-01
9.502074688796680046e-01
8.305785123966942241e-01
9.662447257383965926e-01
8.273092369477911268e-01
9.588477366255143686e-01
9.469387755102041115e-01
9.596774193548387455e-01
8.416666666666666741e-01
9.448818897637795144e-01
9.759036144578313587e-01
9.623430962343095807e-01
7.736625514403292492e-01
9.629629629629629095e-01
9.430894308943089666e-01
9.344262295081967595e-01
9.668049792531120401e-01
9.478260869565217073e-01
9.369747899159663884e-01
9.539748953974895862e-01
8.577405857740585393e-01
9.515418502202642737e-01
9.346938775510204023e-01
8.284518828451883365e-01
9.477911646586345551e-01
9.585062240663900779e-01
9.512195121951219079e-01
9.246861924686192724e-01
8.461538461538461453e-01
9.625000000000000222e-01
9.504132231404959219e-01
9.181034482758620996e-01
9.516129032258064946e-01
9.711934156378601024e-01
9.782608695652174058e-01
9.711934156378601024e-01
9.435483870967742437e-01
9.541666666666667185e-01
9.377593360995850613e-01
9.558232931726907688e-01
9.141630901287554067e-01
9.502074688796680046e-01
8.207171314741036339e-01
9.462809917355371470e-01
9.833333333333332815e-01
9.460580912863070235e-01
9.512195121951219079e-01
9.426229508196721785e-01
8.541666666666666297e-01
8.838174273858920849e-01
9.121338912133891696e-01
8.728813559322033955e-01
9.599999999999999645e-01
9.475806451612903691e-01
9.707112970711296862e-01
9.523809523809523281e-01
9.543568464730290968e-01
9.791666666666666297e-01
9.460580912863070235e-01
9.679999999999999716e-01
9.700854700854700807e-01
9.224489795918366930e-01
9.079497907949790614e-01
9.661016949152542166e-01
9.502074688796680046e-01
9.655172413793103869e-01
9.531914893617021711e-01
7.942386831275720649e-01
9.240506329113924444e-01
8.410041841004184393e-01
9.581589958158995834e-01
9.579831932773109626e-01
9.475806451612903691e-01
9.753086419753086433e-01
9.358974358974359031e-01
9.433198380566801822e-01
9.094827586206896131e-01
8.601694915254237683e-01
8.625000000000000444e-01
9.578059071729957408e-01
9.170124481327800448e-01
8.536585365853658347e-01
9.537815126050420700e-01
7.818930041152263311e-01
8.414634146341463117e-01
9.224489795918366930e-01
9.591836734693877098e-01
9.583333333333333703e-01
9.364406779661016422e-01
9.449152542372881713e-01
9.372384937238493752e-01
9.198312236286919630e-01
9.710743801652892415e-01
9.677419354838709964e-01
9.672131147540983243e-01
7.968127490039840222e-01
9.409448818897637734e-01
9.656652360515021183e-01
9.311740890688259276e-01
9.313304721030042366e-01
9.300411522633744710e-01
8.893617021276595258e-01
9.288702928870292697e-01
9.545454545454545858e-01
9.458333333333333037e-01
9.581589958158995834e-01
8.389830508474576121e-01
8.060344827586206629e-01
9.549180327868852514e-01
9.914893617021276473e-01
9.367088607594936667e-01
8.073770491803278215e-01
9.333333333333333481e-01
9.833333333333332815e-01
8.166666666666666519e-01
9.574468085106383475e-01
9.300411522633744710e-01
8.530612244897959329e-01
8.474576271186440302e-01
9.647577092511012697e-01
9.159663865546218142e-01
9.270386266094420291e-01
9.467213114754098324e-01
9.353448275862068506e-01
9.662447257383965926e-01
9.421487603305784830e-01
8.189300411522634215e-01
9.603524229074890117e-01
8.706896551724138122e-01
9.740259740259740173e-01
7.892561983471074738e-01
9.268292682926829729e-01
8.291666666666667185e-01
9.789915966386554258e-01
9.787234042553191182e-01
9.399141630901287625e-01
9.752066115702479054e-01
9.401709401709401615e-01
9.547325102880658276e-01
8.828451882845188559e-01
9.752066115702479054e-01
9.786324786324785974e-01
8.617886178861788871e-01
7.424892703862661092e-01
9.583333333333333703e-01
9.361702127659574657e-01
8.059071729957806296e-01
9.395161290322581182e-01
9.673469387755102566e-01
9.451476793248945185e-01
9.545454545454545858e-01
9.710743801652892415e-01
9.625000000000000222e-01
9.743589743589743390e-01
9.484978540772531774e-01
9.380165289256198191e-01
9.308943089430894435e-01
9.349593495934959142e-01
9.613733905579399108e-01
8.000000000000000444e-01
9.369747899159663884e-01
8.713692946058091415e-01
8.448979591836734970e-01
9.529914529914529364e-01
8.237704918032786594e-01
9.495798319327730663e-01
8.439999999999999725e-01
9.473684210526315264e-01
9.518072289156626065e-01
9.486166007905137976e-01
9.502074688796680046e-01
9.279661016949152241e-01
9.303278688524589946e-01
7.848605577689242718e-01
7.808764940239043550e-01
9.444444444444444198e-01
9.338842975206611552e-01
8.811475409836065920e-01
9.477911646586345551e-01
9.708333333333333259e-01
9.570815450643777034e-01
9.392712550607287270e-01
9.121338912133891696e-01
9.746835443037974445e-01
9.539748953974895862e-01
7.829787234042553390e-01
9.535864978902953704e-01
7.670682730923694681e-01
9.433198380566801822e-01
9.758064516129032473e-01
7.991967871485943231e-01
9.416666666666666519e-01
9.699570815450643257e-01
9.358974358974359031e-01
9.372384937238493752e-01
9.426229508196721785e-01
9.333333333333333481e-01
9.834710743801653443e-01
8.270042194092827037e-01
7.868852459016393297e-01
9.581589958158995834e-01
7.948717948717948234e-01
7.901234567901234129e-01
9.419087136929460424e-01
9.669421487603305776e-01
8.937007874015747699e-01
9.396551724137931494e-01
9.708333333333333259e-01
9.482758620689655249e-01
8.117154811715481255e-01
9.473684210526315264e-01
9.437229437229437412e-01
9.623430962343095807e-01
9.537815126050420700e-01
9.499999999999999556e-01
8.814229249011857892e-01
9.344262295081967595e-01
8.423236514522821627e-01
9.469387755102041115e-01
9.668049792531120401e-01
9.628099173553719137e-01
9.224489795918366930e-01
9.793388429752065694e-01
9.543568464730290968e-01
8.442622950819672623e-01
9.475806451612903691e-01
7.510729613733905241e-01
9.128630705394190636e-01
8.319672131147540783e-01
9.790794979079497917e-01
9.297520661157024913e-01
9.834710743801653443e-01
9.419087136929460424e-01
9.439655172413793371e-01
7.777777777777777901e-01
9.593495934959349603e-01
9.372384937238493752e-01
9.479999999999999538e-01
8.553719008264463186e-01
9.545454545454545858e-01
9.531914893617021711e-01
9.658119658119658224e-01
9.354838709677418818e-01
9.709543568464730212e-01
9.514170040485829816e-01
9.790794979079497917e-01
9.240506329113924444e-01
8.612244897959183687e-01
9.504132231404959219e-01
9.304347826086956097e-01
9.535864978902953704e-01
9.793388429752065694e-01
9.709543568464730212e-01
8.068669527896995541e-01
9.794238683127571843e-01
9.789915966386554258e-01
7.736625514403292492e-01
9.610389610389610260e-01
9.416666666666666519e-01
8.680851063829787551e-01
9.341563786008230119e-01
9.527896995708154959e-01
9.661016949152542166e-01
8.729508196721311730e-01
9.460580912863070235e-01
9.711934156378601024e-01
9.414225941422593724e-01
9.205020920502091641e-01
9.346938775510204023e-01
8.148148148148147696e-01
9.253112033195021180e-01
9.670781893004115615e-01
9.527896995708154959e-01
9.704641350210970741e-01
8.312236286919830741e-01
9.419087136929460424e-01
9.423868312757202048e-01
9.634146341463414309e-01
9.518072289156626065e-01
8.318965517241379004e-01
9.344262295081967595e-01
9.599999999999999645e-01
9.752066115702479054e-01
8.140495867768594573e-01
8.410041841004184393e-01
9.080000000000000293e-01
9.574468085106383475e-01
9.451476793248945185e-01
9.133858267716535861e-01
9.504132231404959219e-01
9.673469387755102566e-01
9.662447257383965926e-01
9.437229437229437412e-01
8.499999999999999778e-01
9.527559055118109965e-01
8.995633187772925643e-01
9.043824701195218863e-01
7.991452991452991927e-01
9.382716049382715529e-01
8.649789029535864815e-01
9.354838709677418818e-01
9.314516129032257563e-01
9.349593495934959142e-01
9.330543933054393779e-01
9.620253164556962222e-01
9.543568464730290968e-01
9.576271186440677985e-01
9.549180327868852514e-01
9.674796747967480126e-01
9.437751004016063927e-01
9.637096774193548709e-01
9.716599190283400356e-01
9.568965517241379004e-01
9.277108433734939652e-01
9.475982532751091592e-01
9.621848739495798553e-01
9.205020920502091641e-01
9.236947791164659138e-01
8.497854077253218508e-01
9.839357429718875725e-01
9.626556016597510590e-01
9.514170040485829816e-01
9.631147540983606703e-01
9.390243902439023849e-01
7.842323651452282052e-01
9.344262295081967595e-01
9.037656903765690641e-01
8.969957081545064659e-01
9.079497907949790614e-01
9.433198380566801822e-01
8.277310924369747358e-01
9.708333333333333259e-01
9.288702928870292697e-01
9.713114754098360892e-01
9.327731092436974958e-01
9.563318777292576511e-01
9.435483870967742437e-01
8.252032520325203180e-01
9.508196721311474864e-01
9.579831932773109626e-01
8.847736625514402986e-01
9.502074688796680046e-01
8.166666666666666519e-01
9.554655870445344368e-01
9.705882352941176405e-01
9.497907949790794779e-01
8.242677824267782283e-01
9.456066945606694807e-01
9.477911646586345551e-01
9.535864978902953704e-01
9.549180327868852514e-01
9.409282700421941481e-01
9.308943089430894435e-01
9.375000000000000000e-01
7.685950413223140432e-01
9.297520661157024913e-01
9.741379310344827624e-01
8.636363636363636465e-01
9.446808510638298184e-01
9.460580912863070235e-01
9.313304721030042366e-01
7.983870967741935054e-01
9.435483870967742437e-01
9.419087136929460424e-01
9.336099585062240802e-01
8.616600790513834207e-01
7.118644067796610075e-01
8.146551724137931494e-01
9.662447257383965926e-01
9.341563786008230119e-01
8.776371308016878148e-01
7.851239669421488099e-01
9.495798319327730663e-01
7.857142857142856984e-01
9.451476793248945185e-01
8.464730290456431439e-01
9.681274900398406658e-01
9.504132231404959219e-01
9.747899159663865332e-01
8.491379310344827624e-01
9.590163934426229053e-01
8.577235772357723054e-01
9.341563786008230119e-01
9.617021276595744128e-01
9.749999999999999778e-01
9.465020576131687458e-01
8.106995884773662286e-01
9.644268774703557146e-01
9.377593360995850613e-01
8.278688524590164244e-01
9.598393574297188202e-01
8.925619834710744049e-01
9.300411522633744710e-01
8.958333333333333703e-01
9.221311475409835756e-01
9.311740890688259276e-01
9.467213114754098324e-01
8.599999999999999867e-01
9.596774193548387455e-01
9.401709401709401615e-01
9.330543933054393779e-01
9.230769230769231282e-01
9.294605809128630991e-01
7.928286852589641054e-01
9.529914529914529364e-01
9.663865546218487479e-01
9.670781893004115615e-01
8.319327731092437395e-01
9.493670886075948889e-01
9.451476793248945185e-01
9.480519480519480346e-01
9.748953974895397945e-01
7.926829268292683306e-01
9.442060085836909700e-01
9.539748953974895862e-01
9.314516129032257563e-01
9.336099585062240802e-01
8.111587982832617616e-01
9.644444444444444375e-01
8.953974895397489586e-01
9.353448275862068506e-01
8.971193415637860324e-01
9.493670886075948889e-01
9.028340080971659631e-01
8.249999999999999556e-01
9.656652360515021183e-01
9.740259740259740173e-01
8.445378151260504174e-01
9.467213114754098324e-01
9.833333333333332815e-01
9.259259259259259300e-01
9.130434782608695121e-01
9.543568464730290968e-01
9.341563786008230119e-01
9.718875502008031964e-01
9.514170040485829816e-01
9.243697478991597105e-01
8.493723849372385448e-01
9.713114754098360892e-01
9.419087136929460424e-01
9.319148936170212894e-01
9.460580912863070235e-01
9.543568464730290968e-01
9.361702127659574657e-01
8.235294117647058432e-01
9.623430962343095807e-01
9.416666666666666519e-01
8.601694915254237683e-01
9.385245901639344135e-01
9.574468085106383475e-01
8.000000000000000444e-01
9.426229508196721785e-01
9.628099173553719137e-01
9.449152542372881713e-01
9.658119658119658224e-01
9.581589958158995834e-01
9.525862068965517127e-01
9.586776859504132497e-01
9.214876033057851634e-01
9.491525423728813804e-01
7.907949790794979172e-01
8.181818181818182323e-01
8.724279835390946758e-01
9.214876033057851634e-01
9.401709401709401615e-01
9.543568464730290968e-01
9.797570850202429460e-01
9.502074688796680046e-01
9.650655021834061431e-01
9.190283400809716730e-01
9.160000000000000364e-01
9.020408163265306589e-01
9.838056680161942902e-01
9.504132231404959219e-01
8.143459915611814814e-01
9.674796747967480126e-01
7.991631799163180228e-01
9.508196721311474864e-01
9.646017699115043698e-01
9.460580912863070235e-01
9.583333333333333703e-01
7.909836065573770947e-01
9.493670886075948889e-01
9.596774193548387455e-01
9.361702127659574657e-01
9.421487603305784830e-01
7.809917355371900349e-01
9.322033898305084332e-01
9.629629629629629095e-01
8.135593220338983578e-01
8.218623481781376361e-01
9.462809917355371470e-01
9.325396825396825573e-01
9.579831932773109626e-01
9.453781512605041737e-01
9.336099585062240802e-01
9.460580912863070235e-01
9.523809523809523281e-01
9.423868312757202048e-01
9.437229437229437412e-01
9.446808510638298184e-01
9.676113360323886914e-01
7.872340425531915153e-01
9.578059071729957408e-01
9.635627530364372362e-01
9.446808510638298184e-01
9.220779220779220520e-01
9.369747899159663884e-01
8.223140495867768962e-01
9.551020408163265474e-01
9.632653061224489832e-01
9.545454545454545858e-01
9.460580912863070235e-01
9.744680851063829419e-01
9.434782608695652106e-01
9.717741935483871218e-01
9.456066945606694807e-01
7.520000000000000018e-01
9.525691699604743601e-01
9.541666666666667185e-01
9.487179487179486781e-01
9.444444444444444198e-01
8.442622950819672623e-01
9.484126984126983739e-01
8.534482758620689502e-01
7.563025210084033390e-01
9.053497942386831143e-01
9.469387755102041115e-01
9.288702928870292697e-01
9.516129032258064946e-01
9.350649350649350433e-01
9.746835443037974445e-01
9.583333333333333703e-01
9.380165289256198191e-01
9.545454545454545858e-01
9.333333333333333481e-01
9.579831932773109626e-01
8.122448979591836427e-01
9.453781512605041737e-01
9.433198380566801822e-01
9.792531120331949834e-01
8.140495867768594573e-01
9.518072289156626065e-01
9.300411522633744710e-01
9.674796747967480126e-01
8.840000000000000080e-01
9.291338582677165503e-01
9.629629629629629095e-01
9.590163934426229053e-01
9.578059071729957408e-01
8.368200836820083310e-01
9.623430962343095807e-01
9.294605809128630991e-01
9.288702928870292697e-01
8.861788617886179331e-01
8.319327731092437395e-01
9.484126984126983739e-01
8.534482758620689502e-01
9.533898305084745894e-01
9.596774193548387455e-01
9.617021276595744128e-01
9.504132231404959219e-01
9.529914529914529364e-01
9.502074688796680046e-01
9.626556016597510590e-01
9.539748953974895862e-01
9.377593360995850613e-01
9.499999999999999556e-01
9.539748953974895862e-01
8.781512605042016695e-01
9.307359307359307499e-01
9.570815450643777034e-01
8.312236286919830741e-01
7.836734693877550617e-01
9.679999999999999716e-01
9.267241379310344751e-01
9.469387755102041115e-01
9.377593360995850613e-01
8.776371308016878148e-01
9.279661016949152241e-01
9.279661016949152241e-01
7.991967871485943231e-01
9.668049792531120401e-01
9.489361702127659948e-01
9.555555555555556024e-01
8.395061728395061262e-01
9.499999999999999556e-01
8.483606557377049162e-01
8.068669527896995541e-01
9.404255319148936421e-01
9.748953974895397945e-01
9.644268774703557146e-01
8.477366255144033191e-01
8.536585365853658347e-01
9.661016949152542166e-01
9.658119658119658224e-01
9.416666666666666519e-01
9.303278688524589946e-01
9.426229508196721785e-01
9.665271966527196890e-01
9.715447154471544833e-01
9.444444444444444198e-01
8.048780487804878536e-01
9.382716049382715529e-01
9.397590361445783413e-01
9.518072289156626065e-01
9.552845528455284896e-01
8.375000000000000222e-01
9.395161290322581182e-01
9.631147540983606703e-01
9.504132231404959219e-01
9.753086419753086433e-01
9.451476793248945185e-01
8.043478260869565410e-01
9.128630705394190636e-01
9.591836734693877098e-01
9.639999999999999680e-01
9.506172839506172867e-01
9.755102040816326925e-01
8.439999999999999725e-01
9.748953974895397945e-01
9.121338912133891696e-01
9.451476793248945185e-01
7.881355932203389925e-01
9.591836734693877098e-01
8.661417322834645827e-01
9.451476793248945185e-01
9.341563786008230119e-01
9.596774193548387455e-01
9.105691056910568681e-01
8.486055776892430513e-01
9.710743801652892415e-01
9.336099585062240802e-01
9.759036144578313587e-01
8.865546218487394547e-01
9.135802469135801962e-01
9.344978165938864212e-01
9.618644067796610075e-01
8.680851063829787551e-01
8.734693877551020780e-01
8.902439024390244038e-01
9.745762711864406347e-01
8.125000000000000000e-01
8.347107438016528880e-01
9.282700421940928148e-01
9.469387755102041115e-01
9.327731092436974958e-01
9.303278688524589946e-01
9.672131147540983243e-01
9.707112970711296862e-01
9.537815126050420700e-01
9.913793103448276245e-01
9.497907949790794779e-01
9.676113360323886914e-01
8.630705394190871793e-01
9.632653061224489832e-01
7.649572649572649041e-01
9.347826086956522174e-01
8.589211618257260872e-01
9.304347826086956097e-01
9.621848739495798553e-01
9.590163934426229053e-01
9.593495934959349603e-01
9.563492063492063933e-01
8.185654008438818519e-01
8.619246861924686476e-01
9.361702127659574657e-01
9.510204081632652739e-01
9.547325102880658276e-01
9.518072289156626065e-01
9.527896995708154959e-01
9.330543933054393779e-01
9.506172839506172867e-01
9.710743801652892415e-01
9.677419354838709964e-01
9.375000000000000000e-01
9.306122448979591288e-01
9.568965517241379004e-01
9.372549019607843146e-01
9.480519480519480346e-01
9.439655172413793371e-01
9.662447257383965926e-01
9.593495934959349603e-01
8.445378151260504174e-01
9.499999999999999556e-01
9.434782608695652106e-01
9.581589958158995834e-01
9.256198347107438273e-01
8.898678414096916622e-01
8.600823045267489420e-01
9.588477366255143686e-01
9.625000000000000222e-01
9.414225941422593724e-01
9.604743083003952631e-01
9.475806451612903691e-01
9.456066945606694807e-01
9.475982532751091592e-01
9.742489270386266442e-01
8.000000000000000444e-01
8.499999999999999778e-01
8.215767634854771462e-01
9.300411522633744710e-01
8.512396694214876547e-01
9.705882352941176405e-01
8.577235772357723054e-01
7.295081967213115082e-01
9.369747899159663884e-01
9.670781893004115615e-01
9.669421487603305776e-01
9.599999999999999645e-01
9.462809917355371470e-01
9.411764705882352811e-01
8.432203389830508211e-01
9.618644067796610075e-01
9.369747899159663884e-01
9.491525423728813804e-01
9.713114754098360892e-01
9.613733905579399108e-01
9.576271186440677985e-01
9.297520661157024913e-01
9.568965517241379004e-01
9.390243902439023849e-01
9.504132231404959219e-01
9.000000000000000222e-01
9.661016949152542166e-01
8.173913043478261420e-01
8.583333333333332815e-01
9.338842975206611552e-01
9.462809917355371470e-01
8.381742738589211816e-01
8.506224066390041250e-01
8.368200836820083310e-01
9.499999999999999556e-01
9.626556016597510590e-01
8.510638297872340496e-01
9.625000000000000222e-01
9.324894514767932963e-01
8.875502008032128964e-01
9.437751004016063927e-01
9.836734693877551283e-01
9.411764705882352811e-01
9.513274336283186194e-01
9.537815126050420700e-01
9.170124481327800448e-01
9.568965517241379004e-01
8.708333333333333481e-01
9.556451612903226200e-01
9.506172839506172867e-01
9.484126984126983739e-01
9.449152542372881713e-01
9.341563786008230119e-01
8.000000000000000444e-01
9.365079365079365115e-01
9.539748953974895862e-01
8.655462184873949916e-01
9.590163934426229053e-01
9.224137931034482873e-01
9.581589958158995834e-01
9.397590361445783413e-01
9.385245901639344135e-01
8.085106382978722861e-01
8.091286307053942028e-01
9.512195121951219079e-01
9.711934156378601024e-01
9.632653061224489832e-01
9.377593360995850613e-01
9.663865546218487479e-01
9.516129032258064946e-01
9.372384937238493752e-01
8.025210084033613800e-01
9.224137931034482873e-01
9.180327868852459217e-01
8.125000000000000000e-01
8.697478991596638842e-01
9.703389830508474256e-01
9.717741935483871218e-01
9.146341463414634498e-01
9.375000000000000000e-01
9.396551724137931494e-01
9.628099173553719137e-01
9.789915966386554258e-01
9.460580912863070235e-01
9.297520661157024913e-01
9.319148936170212894e-01
9.173553719008264995e-01
9.533898305084745894e-01
8.471074380165288797e-01
8.510638297872340496e-01
9.377593360995850613e-01
9.705882352941176405e-01
9.098360655737705027e-01
9.583333333333333703e-01
9.487179487179486781e-01
9.586776859504132497e-01
9.473684210526315264e-01
9.446808510638298184e-01
9.304347826086956097e-01
9.234042553191489366e-01
9.521912350597609986e-01
9.572649572649573058e-01
8.060344827586206629e-01
9.113924050632911111e-01
9.588477366255143686e-01
9.586776859504132497e-01
9.543568464730290968e-01
9.685039370078739607e-01
8.016528925619834656e-01
9.471365638766520156e-01
9.709543568464730212e-01
8.353909465020575853e-01
9.576271186440677985e-01
9.193548387096773800e-01
9.320000000000000506e-01
9.504132231404959219e-01
9.620253164556962222e-01
9.615384615384615641e-01
9.277108433734939652e-01
8.333333333333333703e-01
9.406779661016949623e-01
9.506172839506172867e-01
9.541666666666667185e-01
9.541666666666667185e-01
9.539748953974895862e-01
9.152542372881355970e-01
9.539748953974895862e-01
9.641434262948207490e-01
9.246861924686192724e-01
9.467213114754098324e-01
9.638554216867469826e-01
9.218106995884773891e-01
9.354838709677418818e-01
8.382978723404255206e-01
8.412017167381974359e-01
9.124999999999999778e-01
8.559670781893004010e-01
9.319148936170212894e-01
9.588477366255143686e-01
9.629629629629629095e-01
9.372384937238493752e-01
9.421487603305784830e-01
7.190082644628099651e-01
8.893442622950820109e-01
9.747899159663865332e-01
9.253112033195021180e-01
9.669421487603305776e-01
9.479999999999999538e-01
9.423868312757202048e-01
9.567099567099567325e-01
9.745762711864406347e-01
9.567099567099567325e-01
9.053497942386831143e-01
9.634146341463414309e-01
9.456066945606694807e-01
9.310344827586206629e-01
7.787234042553191626e-01
9.519999999999999574e-01
9.446808510638298184e-01
9.519999999999999574e-01
9.306122448979591288e-01
9.595141700404857810e-01
9.404255319148936421e-01
9.645669291338582196e-01
9.141630901287554067e-01
8.103448275862068506e-01
9.634146341463414309e-01
9.352226720647773828e-01
9.736842105263158187e-01
9.497907949790794779e-01
9.713114754098360892e-01
8.170731707317072656e-01
7.932489451476792963e-01
9.404255319148936421e-01
8.514056224899598790e-01
9.495798319327730663e-01
9.458333333333333037e-01
9.480519480519480346e-01
9.655172413793103869e-01
9.442231075697211651e-01
9.306122448979591288e-01
9.552845528455284896e-01
9.497907949790794779e-01
9.554655870445344368e-01
8.000000000000000444e-01
9.552845528455284896e-01
9.475806451612903691e-01
9.711934156378601024e-01
9.188034188034187588e-01
9.754098360655737432e-01
8.208333333333333037e-01
9.246031746031746490e-01
9.475806451612903691e-01
8.870292887029288531e-01
8.271604938271605034e-01
9.662447257383965926e-01
9.460580912863070235e-01
8.085106382978722861e-01
9.551020408163265474e-01
9.497907949790794779e-01
9.067796610169491789e-01
9.430894308943089666e-01
9.451476793248945185e-01
9.591836734693877098e-01
9.285714285714286031e-01
9.670781893004115615e-01
8.181818181818182323e-01
8.347107438016528880e-01
9.535864978902953704e-01
8.452380952380952328e-01
9.749999999999999778e-01
9.152542372881355970e-01
8.163265306122449161e-01
8.387096774193548709e-01
9.714285714285714191e-01
7.909836065573770947e-01
9.493670886075948889e-01
9.514170040485829816e-01
9.751037344398340023e-01
9.435483870967742437e-01
9.663865546218487479e-01
7.565217391304347450e-01
8.830645161290322509e-01
9.591836734693877098e-01
8.151260504201680579e-01
9.531914893617021711e-01
9.581589958158995834e-01
9.176954732510288482e-01
9.502074688796680046e-01
9.341563786008230119e-01
9.333333333333333481e-01
8.220338983050847759e-01
9.183673469387755306e-01
9.572649572649573058e-01
8.680851063829787551e-01
8.298755186721992194e-01
9.306122448979591288e-01
9.087136929460580825e-01
9.677419354838709964e-01
9.250000000000000444e-01
7.066666666666666652e-01
9.458333333333333037e-01
9.702127659574467655e-01
9.793388429752065694e-01
9.316239316239316448e-01
8.897959183673469497e-01
8.764940239043824688e-01
9.433198380566801822e-01
9.695652173913043015e-01
8.333333333333333703e-01
9.344262295081967595e-01
9.581589958158995834e-01
9.183673469387755306e-01
8.991228070175438791e-01
9.409282700421941481e-01
9.484978540772531774e-01
8.395061728395061262e-01
8.073770491803278215e-01
8.906882591093117085e-01
7.521008403361344463e-01
9.297520661157024913e-01
8.995815899581589559e-01
8.192771084337349130e-01
9.429824561403509220e-01
9.493670886075948889e-01
9.703389830508474256e-01
8.865546218487394547e-01
9.117647058823529216e-01
7.161016949152542166e-01
8.653061224489796421e-01
9.392712550607287270e-01
9.676113360323886914e-01
8.765957446808511078e-01
7.716535433070865757e-01
9.209486166007905261e-01
9.576271186440677985e-01
8.506224066390041250e-01
9.462809917355371470e-01
8.247863247863247427e-01
9.300411522633744710e-01
9.319148936170212894e-01
9.535864978902953704e-01
9.713114754098360892e-01
7.890295358649789259e-01
7.983539094650206058e-01
9.453781512605041737e-01
9.311740890688259276e-01
9.416666666666666519e-01
8.299595141700404355e-01
9.586776859504132497e-01
9.423868312757202048e-01
9.556451612903226200e-01
9.434782608695652106e-01
9.578059071729957408e-01
9.397590361445783413e-01
9.561752988047809154e-01
9.576271186440677985e-01
8.510638297872340496e-01
9.449152542372881713e-01
9.297520661157024913e-01
9.604743083003952631e-01
8.076923076923077094e-01
9.547325102880658276e-01
9.473684210526315264e-01
9.639999999999999680e-01
9.543568464730290968e-01
9.469387755102041115e-01
9.362549800796812205e-01
8.232758620689655249e-01
9.637096774193548709e-01
9.243027888446214702e-01
8.594377510040160928e-01
8.146551724137931494e-01
9.537815126050420700e-01
9.350649350649350433e-01
9.236947791164659138e-01
9.585062240663900779e-01
9.484978540772531774e-01
9.583333333333333703e-01
8.776371308016878148e-01
8.230452674897119625e-01
9.612068965517240882e-01
9.451476793248945185e-01
9.523809523809523281e-01
9.793388429752065694e-01
9.234042553191489366e-01
9.288702928870292697e-01
9.798387096774193727e-01
9.230769230769231282e-01
9.574468085106383475e-01
7.773109243697479132e-01
9.493670886075948889e-01
9.634146341463414309e-01
9.375000000000000000e-01
9.545454545454545858e-01
8.032786885245901676e-01
9.593495934959349603e-01
9.375000000000000000e-01
9.201680672268907069e-01
8.271604938271605034e-01
9.367088607594936667e-01
9.558232931726907688e-01
9.416666666666666519e-01
8.215767634854771462e-01
8.780487804878048808e-01
8.669527896995707916e-01
9.583333333333333703e-01
9.508196721311474864e-01
9.475806451612903691e-01
9.475806451612903691e-01
9.591836734693877098e-01
9.456066945606694807e-01
9.364406779661016422e-01
9.831223628691982963e-01
9.581589958158995834e-01
7.764705882352941346e-01
9.416666666666666519e-01
9.375000000000000000e-01
9.141630901287554067e-01
9.828326180257510591e-01
8.275862068965517127e-01
9.516129032258064946e-01
9.141630901287554067e-01
8.024691358024691468e-01
8.354430379746835555e-01
9.392712550607287270e-01
9.702127659574467655e-01
9.196787148594377514e-01
9.435483870967742437e-01
8.264462809917355601e-01
8.135593220338983578e-01
8.702928870292887531e-01
9.499999999999999556e-01
9.628099173553719137e-01
8.455284552845528934e-01
9.221311475409835756e-01
9.264069264069264564e-01
9.615384615384615641e-01
9.529914529914529364e-01
9.146341463414634498e-01
9.308943089430894435e-01
8.259109311740890913e-01
9.282700421940928148e-01
9.753086419753086433e-01
7.801724137931034253e-01
