9.221311475409835756e-01
9.191489361702127603e-01
8.653061224489796421e-01
8.464730290456431439e-01
8.636363636363636465e-01
9.294605809128630991e-01
8.636363636363636465e-01
9.094827586206896131e-01
8.414634146341463117e-01
8.916666666666667185e-01
9.049586776859503967e-01
8.930041152263374915e-01
8.638297872340425787e-01
9.098360655737705027e-01
8.870292887029288531e-01
9.012345679012345734e-01
8.577405857740585393e-01
8.499999999999999778e-01
7.974137931034482873e-01
8.940677966101694407e-01
9.017094017094017255e-01
7.966804979253111485e-01
8.674698795180723065e-01
7.795918367346938993e-01
9.221311475409835756e-01
8.565400843881856296e-01
8.765957446808511078e-01
8.534482758620689502e-01
9.110169491525423879e-01
9.186991869918699205e-01
9.128630705394190636e-01
8.961038961038960693e-01
8.816326530612245138e-01
8.582995951417003999e-01
8.862745098039215286e-01
8.319672131147540783e-01
8.606557377049179891e-01
9.051724137931034253e-01
8.709677419354838745e-01
9.004149377593361203e-01
8.697478991596638842e-01
8.764940239043824688e-01
8.947368421052631637e-01
8.769841269841269771e-01
9.059829059829059839e-01
9.142857142857142572e-01
8.167330677290837171e-01
8.632478632478632896e-01
8.947368421052631637e-01
9.080000000000000293e-01
9.098360655737705027e-01
8.425531914893616969e-01
9.285714285714286031e-01
8.163265306122449161e-01
8.663967611336031993e-01
8.800000000000000044e-01
9.065040650406503975e-01
8.770491803278688270e-01
8.785425101214574539e-01
8.244897959183673519e-01
8.625000000000000444e-01
8.396624472573839260e-01
9.061224489795918213e-01
8.987341772151898889e-01
9.297520661157024913e-01
8.644067796610169774e-01
8.448979591836734970e-01
8.384279475982532315e-01
9.003984063745019695e-01
8.227848101265823333e-01
8.874999999999999556e-01
9.193548387096773800e-01
9.025423728813559698e-01
8.818565400843881852e-01
9.194915254237288060e-01
9.265306122448979664e-01
8.991596638655462437e-01
8.893442622950820109e-01
8.828451882845188559e-01
9.024390243902439268e-01
9.237288135593220151e-01
8.388429752066115519e-01
8.284518828451883365e-01
8.252032520325203180e-01
8.536585365853658347e-01
9.173553719008264995e-01
8.445378151260504174e-01
8.821138211382113514e-01
9.135802469135801962e-01
8.833333333333333037e-01
8.930041152263374915e-01
9.068825910931174183e-01
8.930041152263374915e-01
9.297520661157024913e-01
8.714859437751003579e-01
8.242187500000000000e-01
8.617886178861788871e-01
8.514056224899598790e-01
9.291666666666666963e-01
9.000000000000000222e-01
9.017094017094017255e-01
9.075630252100840289e-01
8.553719008264463186e-01
8.623481781376518551e-01
9.098360655737705027e-01
8.663793103448276245e-01
9.191489361702127603e-01
8.943089430894308745e-01
9.145299145299145005e-01
8.663793103448276245e-01
8.961038961038960693e-01
9.163179916317991669e-01
8.765432098765432167e-01
9.208333333333332815e-01
9.012345679012345734e-01
8.898305084745762317e-01
8.499999999999999778e-01
9.273504273504273865e-01
8.825910931174089091e-01
8.669354838709677491e-01
8.425531914893616969e-01
7.782426778242678145e-01
9.025423728813559698e-01
9.163179916317991669e-01
8.960000000000000187e-01
8.672199170124481604e-01
8.995983935742971616e-01
8.962655601659751392e-01
9.017094017094017255e-01
8.000000000000000444e-01
8.874999999999999556e-01
9.414225941422593724e-01
9.094650205761316553e-01
8.833333333333333037e-01
8.714859437751003579e-01
8.547717842323651061e-01
8.693877551020408045e-01
9.102040816326530948e-01
8.955823293172691102e-01
8.911290322580645018e-01
8.583333333333332815e-01
8.719008264462809743e-01
8.855932203389830226e-01
8.983050847457627608e-01
8.483606557377049162e-01
8.145161290322581182e-01
8.658536585365853577e-01
8.366533864541833010e-01
8.535564853556485421e-01
8.008130081300812719e-01
8.987854251012146189e-01
8.299595141700404355e-01
8.842975206611570771e-01
9.358974358974359031e-01
8.962655601659751392e-01
8.898305084745762317e-01
8.516949152542372392e-01
9.021276595744680549e-01
8.816326530612245138e-01
8.326180257510729099e-01
8.625000000000000444e-01
8.958333333333333703e-01
8.669354838709677491e-01
9.008264462809917328e-01
8.388429752066115519e-01
8.729508196721311730e-01
9.012345679012345734e-01
8.951612903225806273e-01
8.451327433628318397e-01
8.934426229508196649e-01
8.744769874476987503e-01
8.976377952755905110e-01
8.987854251012146189e-01
7.860082304526748720e-01
8.964143426294820527e-01
8.931623931623932089e-01
9.074889867841409163e-01
8.481012658227847778e-01
8.362068965517240882e-01
8.898305084745762317e-01
7.669491525423728362e-01
8.940677966101694407e-01
8.823529411764705621e-01
8.262711864406779849e-01
9.109311740890688736e-01
8.638297872340425787e-01
8.818565400843881852e-01
8.559670781893004010e-01
7.613168724279835153e-01
8.809523809523809312e-01
9.051724137931034253e-01
8.866396761133603643e-01
8.925619834710744049e-01
8.902953586497890370e-01
9.279661016949152241e-01
8.292682926829267887e-01
9.022222222222222587e-01
8.739495798319327768e-01
8.451882845188284366e-01
8.983050847457627608e-01
8.953974895397489586e-01
8.806584362139917577e-01
8.632478632478632896e-01
9.149797570850202177e-01
9.288702928870292697e-01
8.791666666666666519e-01
8.644067796610169774e-01
8.842975206611570771e-01
8.595041322314049825e-01
8.401639344262294973e-01
8.865546218487394547e-01
8.617886178861788871e-01
8.806584362139917577e-01
8.410041841004184393e-01
8.744939271255061097e-01
9.071729957805907407e-01
8.852459016393442459e-01
8.445378151260504174e-01
9.025423728813559698e-01
8.588709677419354982e-01
8.477366255144033191e-01
9.404255319148936421e-01
8.971193415637860324e-01
8.833333333333333037e-01
9.083333333333333259e-01
8.312757201646090444e-01
8.884297520661157410e-01
8.739495798319327768e-01
8.925619834710744049e-01
8.360655737704918433e-01
9.419087136929460424e-01
8.781512605042016695e-01
8.849557522123894238e-01
9.098360655737705027e-01
8.940677966101694407e-01
9.116465863453815377e-01
8.672199170124481604e-01
7.815126050420168058e-01
8.932806324110671437e-01
8.912133891213389614e-01
8.734177215189873333e-01
8.888888888888888395e-01
9.024390243902439268e-01
9.047619047619047672e-01
9.221311475409835756e-01
9.124999999999999778e-01
8.495934959349593640e-01
8.760330578512396382e-01
8.702928870292887531e-01
8.750000000000000000e-01
9.159663865546218142e-01
9.221311475409835756e-01
8.844621513944223024e-01
8.588709677419354982e-01
8.649789029535864815e-01
8.921161825726141581e-01
8.728813559322033955e-01
8.823529411764705621e-01
8.750000000000000000e-01
8.851063829787233495e-01
9.213973799126637942e-01
8.600823045267489420e-01
8.516949152542372392e-01
8.247863247863247427e-01
8.638297872340425787e-01
9.049586776859503967e-01
8.582995951417003999e-01
8.960000000000000187e-01
7.905982905982905651e-01
8.489795918367346594e-01
8.928571428571429047e-01
8.634538152610441442e-01
9.008264462809917328e-01
8.893442622950820109e-01
8.928571428571429047e-01
9.120000000000000329e-01
8.927038626609442584e-01
8.907563025210084584e-01
8.380566801619433459e-01
9.000000000000000222e-01
9.061224489795918213e-01
9.067796610169491789e-01
8.298755186721992194e-01
9.268292682926829729e-01
8.559670781893004010e-01
9.148936170212765839e-01
8.719008264462809743e-01
9.240506329113924444e-01
8.347457627118644030e-01
9.049586776859503967e-01
8.181818181818182323e-01
8.847736625514402986e-01
8.536585365853658347e-01
8.340425531914893442e-01
8.008298755186722406e-01
8.693877551020408045e-01
9.017857142857143016e-01
8.571428571428570953e-01
8.723404255319149314e-01
9.392712550607287270e-01
8.652173913043478271e-01
8.672199170124481604e-01
8.734177215189873333e-01
8.674698795180723065e-01
8.619246861924686476e-01
8.473895582329317167e-01
8.798283261802575250e-01
8.717948717948718063e-01
8.299595141700404355e-01
8.495934959349593640e-01
8.786610878661087476e-01
9.045643153526971014e-01
8.312236286919830741e-01
8.471074380165288797e-01
9.004149377593361203e-01
8.512396694214876547e-01
8.945147679324894074e-01
8.464730290456431439e-01
9.087136929460580825e-01
8.641975308641974829e-01
8.734177215189873333e-01
8.601694915254237683e-01
8.525896414342629681e-01
8.734693877551020780e-01
8.770491803278688270e-01
8.686440677966101864e-01
8.708333333333333481e-01
8.412017167381974359e-01
9.083665338645418030e-01
8.278688524590164244e-01
8.535564853556485421e-01
9.330543933054393779e-01
8.008474576271186196e-01
7.958333333333332815e-01
8.506224066390041250e-01
8.940677966101694407e-01
8.857142857142856762e-01
8.947368421052631637e-01
8.888888888888888395e-01
9.109311740890688736e-01
8.847736625514402986e-01
8.893442622950820109e-01
8.760330578512396382e-01
8.803418803418803229e-01
8.583333333333332815e-01
8.902953586497890370e-01
9.227642276422763912e-01
8.438818565400844074e-01
9.065040650406503975e-01
7.836734693877550617e-01
8.104838709677418818e-01
8.916666666666667185e-01
8.565573770491803351e-01
8.723404255319149314e-01
8.755364806866953176e-01
8.502024291497976005e-01
9.094650205761316553e-01
9.243027888446214702e-01
8.536585365853658347e-01
8.860759493670885556e-01
8.699186991869918284e-01
8.535564853556485421e-01
8.653061224489796421e-01
8.589211618257260872e-01
9.016393442622950838e-01
9.484978540772531774e-01
8.649789029535864815e-01
8.951612903225806273e-01
8.846153846153845812e-01
8.958333333333333703e-01
9.336099585062240802e-01
9.004149377593361203e-01
9.083333333333333259e-01
8.577586206896551380e-01
8.879310344827586743e-01
8.333333333333333703e-01
9.045643153526971014e-01
8.388429752066115519e-01
9.218106995884773891e-01
8.938775510204081121e-01
8.750000000000000000e-01
9.464285714285713969e-01
8.644067796610169774e-01
8.653061224489796421e-01
9.173553719008264995e-01
9.256198347107438273e-01
8.395061728395061262e-01
9.153225806451612545e-01
8.940677966101694407e-01
8.995815899581589559e-01
9.145299145299145005e-01
8.965517241379310498e-01
8.922413793103448620e-01
9.205020920502091641e-01
8.965517241379310498e-01
8.975409836065574298e-01
8.821138211382113514e-01
9.059829059829059839e-01
8.542510121457489447e-01
8.559322033898305593e-01
8.934426229508196649e-01
8.855932203389830226e-01
9.180327868852459217e-01
9.029535864978902593e-01
8.571428571428570953e-01
8.828451882845188559e-01
9.491525423728813804e-01
8.677685950413223104e-01
9.306122448979591288e-01
8.577405857740585393e-01
8.974358974358974672e-01
8.833333333333333037e-01
8.975409836065574298e-01
8.589211618257260872e-01
8.565737051792828849e-01
8.000000000000000444e-01
9.285714285714286031e-01
8.381742738589211816e-01
9.004149377593361203e-01
9.090909090909090606e-01
8.818565400843881852e-01
8.795180722891565717e-01
9.465020576131687458e-01
8.693877551020408045e-01
8.387096774193548709e-01
8.458333333333333259e-01
8.740157480314960647e-01
8.875502008032128964e-01
9.205020920502091641e-01
8.230452674897119625e-01
8.312757201646090444e-01
8.455284552845528934e-01
9.016393442622950838e-01
8.630705394190871793e-01
8.913043478260869179e-01
8.907563025210084584e-01
8.786610878661087476e-01
9.163179916317991669e-01
8.502202643171805629e-01
8.448979591836734970e-01
8.200836820083682310e-01
9.156626506024095891e-01
9.004149377593361203e-01
8.211382113821138473e-01
9.079497907949790614e-01
7.773279352226720729e-01
8.000000000000000444e-01
8.884297520661157410e-01
8.706896551724138122e-01
8.830645161290322509e-01
8.395061728395061262e-01
8.608695652173913304e-01
9.094650205761316553e-01
9.354838709677418818e-01
9.083333333333333259e-01
8.962655601659751392e-01
8.232931726907630754e-01
8.283261802575107025e-01
9.004149377593361203e-01
8.924302788844621359e-01
8.966942148760330689e-01
8.375000000000000222e-01
8.257261410788381273e-01
8.577235772357723054e-01
8.606557377049179891e-01
8.708333333333333481e-01
8.755186721991701226e-01
8.242677824267782283e-01
9.110169491525423879e-01
8.519999999999999796e-01
8.629032258064516236e-01
9.079497907949790614e-01
8.961038961038960693e-01
8.796680497925311037e-01
8.874999999999999556e-01
9.045643153526971014e-01
9.360000000000000542e-01
8.974358974358974672e-01
9.265306122448979664e-01
8.368200836820083310e-01
8.728813559322033955e-01
8.672199170124481604e-01
9.396551724137931494e-01
8.085106382978722861e-01
9.053497942386831143e-01
8.565400843881856296e-01
8.702928870292887531e-01
9.205020920502091641e-01
9.117647058823529216e-01
8.870967741935483764e-01
9.012345679012345734e-01
9.188034188034187588e-01
9.230769230769231282e-01
8.879310344827586743e-01
8.940677966101694407e-01
8.666666666666666963e-01
8.270042194092827037e-01
8.755186721991701226e-01
7.804878048780488076e-01
9.327731092436974958e-01
8.518518518518518601e-01
8.983739837398373451e-01
8.612244897959183687e-01
9.061224489795918213e-01
8.833333333333333037e-01
8.813559322033898136e-01
8.474576271186440302e-01
8.828451882845188559e-01
8.987341772151898889e-01
9.008264462809917328e-01
8.790322580645161255e-01
8.401639344262294973e-01
8.725099601593625520e-01
9.015748031496062520e-01
9.356223175965665551e-01
8.987854251012146189e-01
8.154506437768240801e-01
8.930041152263374915e-01
9.021276595744680549e-01
8.535564853556485421e-01
9.132231404958677246e-01
9.250000000000000444e-01
8.953974895397489586e-01
8.771186440677966045e-01
8.922413793103448620e-01
8.688524590163934080e-01
9.106382978723404076e-01
8.860759493670885556e-01
8.647540983606557541e-01
9.083333333333333259e-01
8.708333333333333481e-01
8.541666666666666297e-01
7.617021276595744572e-01
8.971193415637860324e-01
9.142857142857142572e-01
8.771186440677966045e-01
9.118942731277532854e-01
8.361344537815126321e-01
8.884120171673819399e-01
8.770491803278688270e-01
9.267241379310344751e-01
9.029535864978902593e-01
8.347107438016528880e-01
8.641975308641974829e-01
8.986784140969162893e-01
8.362068965517240882e-01
9.090909090909090606e-01
8.884297520661157410e-01
9.024390243902439268e-01
9.166666666666666297e-01
8.445378151260504174e-01
8.765957446808511078e-01
8.154506437768240801e-01
9.090909090909090606e-01
8.247863247863247427e-01
9.053497942386831143e-01
8.117154811715481255e-01
9.256198347107438273e-01
8.418803418803418870e-01
9.105691056910568681e-01
8.669527896995707916e-01
9.166666666666666297e-01
8.680851063829787551e-01
9.113924050632911111e-01
8.669354838709677491e-01
8.693877551020408045e-01
7.974683544303797778e-01
8.512396694214876547e-01
7.933884297520661377e-01
8.958333333333333703e-01
8.632478632478632896e-01
8.927038626609442584e-01
9.132231404958677246e-01
9.186991869918699205e-01
9.186991869918699205e-01
8.111587982832617616e-01
8.808510638297872841e-01
8.739495798319327768e-01
8.464730290456431439e-01
8.775510204081632404e-01
8.034188034188034511e-01
8.524590163934425702e-01
8.319327731092437395e-01
8.439999999999999725e-01
8.623481781376518551e-01
7.751004016064256819e-01
8.695652173913043237e-01
9.004149377593361203e-01
8.347457627118644030e-01
8.360655737704918433e-01
8.685258964143426352e-01
8.007968127490039389e-01
9.017094017094017255e-01
8.471074380165288797e-01
8.852459016393442459e-01
9.116465863453815377e-01
9.000000000000000222e-01
8.412017167381974359e-01
9.028340080971659631e-01
8.661087866108786448e-01
8.902953586497890370e-01
7.405857740585773952e-01
9.063829787234042312e-01
8.987341772151898889e-01
9.076305220883533753e-01
8.825910931174089091e-01
9.072580645161290036e-01
9.036144578313253239e-01
9.166666666666666297e-01
8.712446351931329991e-01
8.888888888888888395e-01
9.246861924686192724e-01
8.811475409836065920e-01
8.375000000000000222e-01
9.090909090909090606e-01
8.312236286919830741e-01
8.032786885245901676e-01
8.995815899581589559e-01
9.102564102564102422e-01
8.888888888888888395e-01
7.925311203319501674e-01
9.008264462809917328e-01
8.425196850393700254e-01
8.879310344827586743e-01
8.708333333333333481e-01
8.965517241379310498e-01
8.158995815899581228e-01
9.190283400809716730e-01
9.004329004329004738e-01
9.121338912133891696e-01
8.739495798319327768e-01
9.333333333333333481e-01
8.458498023715415037e-01
8.688524590163934080e-01
8.838174273858920849e-01
8.244897959183673519e-01
9.004149377593361203e-01
8.553719008264463186e-01
8.979591836734693855e-01
9.214876033057851634e-01
9.170124481327800448e-01
8.565573770491803351e-01
8.951612903225806273e-01
9.270386266094420291e-01
8.506224066390041250e-01
8.401639344262294973e-01
9.163179916317991669e-01
9.297520661157024913e-01
8.842975206611570771e-01
9.004149377593361203e-01
8.405172413793103869e-01
8.724279835390946758e-01
9.186991869918699205e-01
9.037656903765690641e-01
8.880000000000000115e-01
8.099173553719007934e-01
8.347107438016528880e-01
9.404255319148936421e-01
9.230769230769231282e-01
9.112903225806451291e-01
8.340248962655602005e-01
8.947368421052631637e-01
8.744769874476987503e-01
8.691983122362869629e-01
8.734693877551020780e-01
8.760330578512396382e-01
9.043478260869565188e-01
8.860759493670885556e-01
8.966942148760330689e-01
8.796680497925311037e-01
8.927038626609442584e-01
9.053497942386831143e-01
8.949579831932773510e-01
9.012345679012345734e-01
9.047619047619047672e-01
9.083333333333333259e-01
8.425531914893616969e-01
8.765432098765432167e-01
9.356223175965665551e-01
9.025423728813559698e-01
8.319672131147540783e-01
9.087136929460580825e-01
8.971193415637860324e-01
8.786610878661087476e-01
9.163179916317991669e-01
8.938775510204081121e-01
9.012345679012345734e-01
9.004149377593361203e-01
8.683127572016461349e-01
8.540772532188841693e-01
9.240506329113924444e-01
8.987341772151898889e-01
9.128630705394190636e-01
9.012345679012345734e-01
8.902439024390244038e-01
8.032128514056224855e-01
9.181034482758620996e-01
8.647540983606557541e-01
9.040000000000000258e-01
8.719008264462809743e-01
8.636363636363636465e-01
7.866108786610879200e-01
8.960000000000000187e-01
8.851063829787233495e-01
8.902953586497890370e-01
8.818897637795275468e-01
8.140495867768594573e-01
8.897959183673469497e-01
9.240506329113924444e-01
8.961038961038960693e-01
9.166666666666666297e-01
8.937007874015747699e-01
8.384279475982532315e-01
9.003984063745019695e-01
8.888888888888888395e-01
8.806584362139917577e-01
8.818565400843881852e-01
8.951612903225806273e-01
8.870967741935483764e-01
8.943089430894308745e-01
9.079497907949790614e-01
8.945147679324894074e-01
8.879668049792530660e-01
8.898305084745762317e-01
9.139344262295081567e-01
7.560975609756097615e-01
8.875502008032128964e-01
8.588709677419354982e-01
8.259109311740890913e-01
9.094827586206896131e-01
8.473895582329317167e-01
8.995633187772925643e-01
8.865546218487394547e-01
8.451882845188284366e-01
9.317269076305221276e-01
8.755364806866953176e-01
8.875502008032128964e-01
9.211618257261410259e-01
9.068825910931174183e-01
9.139344262295081567e-01
9.471544715447154372e-01
9.045643153526971014e-01
8.893442622950820109e-01
8.870292887029288531e-01
9.356223175965665551e-01
8.828451882845188559e-01
8.906882591093117085e-01
8.697478991596638842e-01
9.083333333333333259e-01
8.493723849372385448e-01
8.647540983606557541e-01
8.697478991596638842e-01
8.602620087336244614e-01
8.830645161290322509e-01
8.739837398373984101e-01
8.934426229508196649e-01
8.487394957983193100e-01
7.942386831275720649e-01
8.838174273858920849e-01
8.916666666666667185e-01
8.906882591093117085e-01
8.697478991596638842e-01
8.702928870292887531e-01
8.702928870292887531e-01
8.619246861924686476e-01
8.714859437751003579e-01
8.987341772151898889e-01
9.221311475409835756e-01
8.902953586497890370e-01
8.821138211382113514e-01
8.375000000000000222e-01
9.049586776859503967e-01
8.966942148760330689e-01
8.965517241379310498e-01
8.925619834710744049e-01
8.638297872340425787e-01
8.257261410788381273e-01
9.356223175965665551e-01
9.072580645161290036e-01
8.951612903225806273e-01
8.630705394190871793e-01
9.211618257261410259e-01
9.288537549407114291e-01
9.237288135593220151e-01
8.534482758620689502e-01
8.987341772151898889e-01
8.148148148148147696e-01
8.481012658227847778e-01
9.297520661157024913e-01
8.235294117647058432e-01
8.907563025210084584e-01
8.776371308016878148e-01
8.630705394190871793e-01
8.764940239043824688e-01
7.809917355371900349e-01
8.823529411764705621e-01
8.750000000000000000e-01
9.098360655737705027e-01
8.943089430894308745e-01
8.847736625514402986e-01
8.765957446808511078e-01
8.750000000000000000e-01
8.724279835390946758e-01
8.724279835390946758e-01
9.051383399209486091e-01
8.340248962655602005e-01
9.344262295081967595e-01
9.196787148594377514e-01
8.966942148760330689e-01
8.353909465020575853e-01
8.791666666666666519e-01
8.811475409836065920e-01
9.149797570850202177e-01
9.426229508196721785e-01
8.960000000000000187e-01
8.870967741935483764e-01
8.717948717948718063e-01
8.577405857740585393e-01
9.109311740890688736e-01
9.045643153526971014e-01
8.964143426294820527e-01
8.675213675213675479e-01
8.109243697478991653e-01
8.106995884773662286e-01
7.899159663865545911e-01
8.607594936708861111e-01
9.029535864978902593e-01
9.090909090909090606e-01
8.577405857740585393e-01
9.024390243902439268e-01
8.497854077253218508e-01
8.661087866108786448e-01
8.709677419354838745e-01
8.630705394190871793e-01
8.454935622317596433e-01
8.399999999999999689e-01
8.744769874476987503e-01
8.836206896551723755e-01
8.641975308641974829e-01
8.818565400843881852e-01
8.259109311740890913e-01
8.375000000000000222e-01
9.141630901287554067e-01
8.831168831168830780e-01
8.235294117647058432e-01
8.893442622950820109e-01
9.124999999999999778e-01
8.683127572016461349e-01
9.130434782608695121e-01
8.464730290456431439e-01
9.053497942386831143e-01
8.875502008032128964e-01
8.380566801619433459e-01
9.243697478991597105e-01
9.121338912133891696e-01
9.180327868852459217e-01
9.004149377593361203e-01
9.063829787234042312e-01
8.423236514522821627e-01
8.962655601659751392e-01
8.255319148936169915e-01
9.159663865546218142e-01
8.786610878661087476e-01
8.791666666666666519e-01
8.644067796610169774e-01
8.278688524590164244e-01
8.212765957446808152e-01
8.478260869565217295e-01
8.606557377049179891e-01
8.595041322314049825e-01
8.898305084745762317e-01
8.846153846153845812e-01
8.870292887029288531e-01
8.750000000000000000e-01
8.966942148760330689e-01
8.842975206611570771e-01
8.516949152542372392e-01
9.372384937238493752e-01
9.049586776859503967e-01
8.847736625514402986e-01
9.297520661157024913e-01
8.547008547008546619e-01
8.547717842323651061e-01
8.137651821862348367e-01
8.921161825726141581e-01
8.995633187772925643e-01
9.109311740890688736e-01
9.120000000000000329e-01
8.897959183673469497e-01
8.380566801619433459e-01
9.173553719008264995e-01
8.860759493670885556e-01
8.943089430894308745e-01
8.870292887029288531e-01
7.868852459016393297e-01
8.938053097345132203e-01
8.547717842323651061e-01
8.750000000000000000e-01
8.934426229508196649e-01
8.607594936708861111e-01
8.870967741935483764e-01
8.723404255319149314e-01
9.132231404958677246e-01
9.008264462809917328e-01
8.644067796610169774e-01
9.012345679012345734e-01
8.855932203389830226e-01
9.271255060728744724e-01
9.008264462809917328e-01
9.206349206349205838e-01
8.697478991596638842e-01
8.655462184873949916e-01
9.170124481327800448e-01
9.128630705394190636e-01
8.452380952380952328e-01
9.053497942386831143e-01
9.220779220779220520e-01
9.191489361702127603e-01
8.704453441295546545e-01
8.638297872340425787e-01
8.312236286919830741e-01
9.311740890688259276e-01
8.510638297872340496e-01
8.831168831168830780e-01
8.697478991596638842e-01
8.223140495867768962e-01
8.857142857142856762e-01
8.734693877551020780e-01
9.256198347107438273e-01
8.381742738589211816e-01
9.148936170212765839e-01
8.652173913043478271e-01
9.233870967741935054e-01
8.828451882845188559e-01
9.120000000000000329e-01
8.458498023715415037e-01
8.916666666666667185e-01
9.059829059829059839e-01
8.589743589743589203e-01
8.729508196721311730e-01
9.047619047619047672e-01
8.706896551724138122e-01
9.243697478991597105e-01
9.218106995884773891e-01
8.734693877551020780e-01
7.991631799163180228e-01
8.750000000000000000e-01
8.917748917748917759e-01
9.198312236286919630e-01
8.791666666666666519e-01
9.049586776859503967e-01
9.173553719008264995e-01
8.958333333333333703e-01
8.613445378151260989e-01
9.183673469387755306e-01
8.949579831932773510e-01
8.947368421052631637e-01
9.128630705394190636e-01
9.132231404958677246e-01
9.277108433734939652e-01
8.559670781893004010e-01
8.658536585365853577e-01
8.800000000000000044e-01
8.818897637795275468e-01
8.806584362139917577e-01
9.303278688524589946e-01
9.113924050632911111e-01
9.163179916317991669e-01
9.079497907949790614e-01
8.962655601659751392e-01
9.079497907949790614e-01
8.983739837398373451e-01
9.033613445378151363e-01
8.928571428571429047e-01
8.663793103448276245e-01
8.728813559322033955e-01
8.024193548387096309e-01
8.425531914893616969e-01
9.132231404958677246e-01
8.418803418803418870e-01
8.298755186721992194e-01
8.879668049792530660e-01
9.205020920502091641e-01
9.377593360995850613e-01
8.666666666666666963e-01
8.995815899581589559e-01
9.159663865546218142e-01
8.571428571428570953e-01
8.712446351931329991e-01
8.565400843881856296e-01
9.183673469387755306e-01
9.040000000000000258e-01
8.448275862068965747e-01
9.020408163265306589e-01
9.045643153526971014e-01
8.734177215189873333e-01
9.067796610169491789e-01
8.771186440677966045e-01
8.915662650602409478e-01
8.713692946058091415e-01
8.468085106382978733e-01
9.155555555555555669e-01
8.477366255144033191e-01
8.791666666666666519e-01
8.893442622950820109e-01
8.884120171673819399e-01
8.808510638297872841e-01
8.870292887029288531e-01
9.011857707509881577e-01
8.436213991769547782e-01
8.739837398373984101e-01
9.025423728813559698e-01
8.760683760683760646e-01
8.208333333333333037e-01
9.057377049180327377e-01
8.770491803278688270e-01
9.079497907949790614e-01
8.780487804878048808e-01
8.760683760683760646e-01
8.658536585365853577e-01
8.806584362139917577e-01
8.072289156626506479e-01
8.473895582329317167e-01
8.861788617886179331e-01
8.916666666666667185e-01
8.830645161290322509e-01
8.729508196721311730e-01
9.214876033057851634e-01
8.271604938271605034e-01
8.902953586497890370e-01
8.130434782608695343e-01
8.962655601659751392e-01
9.102040816326530948e-01
8.880000000000000115e-01
9.218106995884773891e-01
9.102040816326530948e-01
8.599999999999999867e-01
8.451882845188284366e-01
8.535564853556485421e-01
8.776371308016878148e-01
8.855932203389830226e-01
8.775510204081632404e-01
9.015748031496062520e-01
9.029535864978902593e-01
9.094650205761316553e-01
8.588709677419354982e-01
8.943089430894308745e-01
8.525896414342629681e-01
8.636363636363636465e-01
8.340248962655602005e-01
9.277108433734939652e-01
8.361344537815126321e-01
8.971193415637860324e-01
8.034934497816593746e-01
8.855932203389830226e-01
8.808510638297872841e-01
8.571428571428570953e-01
9.024390243902439268e-01
8.855932203389830226e-01
8.458333333333333259e-01
8.842975206611570771e-01
8.860759493670885556e-01
8.000000000000000444e-01
9.159663865546218142e-01
9.016393442622950838e-01
8.975409836065574298e-01
8.995815899581589559e-01
8.781512605042016695e-01
8.750000000000000000e-01
8.200836820083682310e-01
9.068825910931174183e-01
8.547717842323651061e-01
9.142857142857142572e-01
9.059829059829059839e-01
9.043478260869565188e-01
8.589211618257260872e-01
8.347826086956521285e-01
8.739495798319327768e-01
9.057377049180327377e-01
8.943089430894308745e-01
8.611111111111111605e-01
8.860759493670885556e-01
8.451882845188284366e-01
8.978723404255318785e-01
8.122448979591836427e-01
8.847736625514402986e-01
8.714859437751003579e-01
8.969957081545064659e-01
8.410041841004184393e-01
8.971193415637860324e-01
7.851239669421488099e-01
8.870967741935483764e-01
8.333333333333333703e-01
8.897959183673469497e-01
9.094827586206896131e-01
9.098039215686274384e-01
8.441558441558441039e-01
9.267241379310344751e-01
8.776371308016878148e-01
9.024390243902439268e-01
8.529411764705882026e-01
8.708333333333333481e-01
8.521739130434782261e-01
8.619246861924686476e-01
9.380165289256198191e-01
8.854625550660792932e-01
8.806584362139917577e-01
8.971193415637860324e-01
8.958333333333333703e-01
8.242677824267782283e-01
8.418972332015810522e-01
8.467741935483871218e-01
8.535564853556485421e-01
8.777292576419214454e-01
8.669527896995707916e-01
8.760000000000000009e-01
8.750000000000000000e-01
9.211618257261410259e-01
9.341563786008230119e-01
8.884297520661157410e-01
9.201680672268907069e-01
8.699186991869918284e-01
9.139344262295081567e-01
8.571428571428570953e-01
8.971193415637860324e-01
8.677685950413223104e-01
8.599999999999999867e-01
8.471074380165288797e-01
8.949579831932773510e-01
8.983050847457627608e-01
8.813559322033898136e-01
7.983193277310924874e-01
8.220338983050847759e-01
8.647540983606557541e-01
8.969957081545064659e-01
8.686440677966101864e-01
8.719008264462809743e-01
8.922413793103448620e-01
8.821138211382113514e-01
8.925619834710744049e-01
8.874999999999999556e-01
8.728813559322033955e-01
9.391304347826087140e-01
8.458333333333333259e-01
8.884297520661157410e-01
9.049586776859503967e-01
8.049792531120332217e-01
8.921161825726141581e-01
8.577405857740585393e-01
8.708333333333333481e-01
8.796680497925311037e-01
8.936170212765957022e-01
8.499999999999999778e-01
8.523206751054852592e-01
8.875502008032128964e-01
9.036144578313253239e-01
8.612244897959183687e-01
8.277310924369747358e-01
8.362831858407079322e-01
8.823529411764705621e-01
8.423236514522821627e-01
9.008620689655172376e-01
8.708333333333333481e-01
8.709677419354838745e-01
9.259259259259259300e-01
8.611111111111111605e-01
8.474576271186440302e-01
9.053497942386831143e-01
8.244897959183673519e-01
9.126984126984126755e-01
8.410041841004184393e-01
8.739495798319327768e-01
9.016393442622950838e-01
8.836206896551723755e-01
9.288702928870292697e-01
8.835341365461847341e-01
8.893442622950820109e-01
9.063829787234042312e-01
9.128630705394190636e-01
8.739837398373984101e-01
8.600823045267489420e-01
8.734693877551020780e-01
8.838174273858920849e-01
8.949579831932773510e-01
9.193548387096773800e-01
9.246861924686192724e-01
8.739495798319327768e-01
9.137931034482759118e-01
9.262295081967213406e-01
8.375000000000000222e-01
8.739495798319327768e-01
8.813559322033898136e-01
8.387096774193548709e-01
9.024390243902439268e-01
7.833333333333333259e-01
8.750000000000000000e-01
9.049586776859503967e-01
8.445378151260504174e-01
9.128630705394190636e-01
8.842975206611570771e-01
8.382978723404255206e-01
8.305785123966942241e-01
9.025423728813559698e-01
9.132231404958677246e-01
8.638297872340425787e-01
8.547717842323651061e-01
9.369747899159663884e-01
8.606557377049179891e-01
9.166666666666666297e-01
9.102564102564102422e-01
9.173553719008264995e-01
8.987854251012146189e-01
8.765957446808511078e-01
8.913043478260869179e-01
8.425531914893616969e-01
8.685258964143426352e-01
9.487179487179486781e-01
8.275862068965517127e-01
9.324894514767932963e-01
9.094650205761316553e-01
8.760330578512396382e-01
9.211618257261410259e-01
9.133858267716535861e-01
8.057851239669421295e-01
8.281938325991189398e-01
8.838174273858920849e-01
8.765432098765432167e-01
8.262711864406779849e-01
9.032258064516128782e-01
9.240000000000000435e-01
8.595041322314049825e-01
8.987341772151898889e-01
8.931623931623932089e-01
8.674698795180723065e-01
8.780487804878048808e-01
8.644067796610169774e-01
9.135802469135801962e-01
9.083333333333333259e-01
8.916666666666667185e-01
8.786610878661087476e-01
9.067796610169491789e-01
8.953974895397489586e-01
9.123505976095617198e-01
8.702928870292887531e-01
9.385245901639344135e-01
9.116465863453815377e-01
9.012345679012345734e-01
8.790322580645161255e-01
8.382978723404255206e-01
8.669527896995707916e-01
9.124999999999999778e-01
8.683127572016461349e-01
8.808510638297872841e-01
8.683127572016461349e-01
8.518518518518518601e-01
7.949790794979079145e-01
8.884297520661157410e-01
8.842975206611570771e-01
8.606557377049179891e-01
8.823529411764705621e-01
8.506224066390041250e-01
9.008264462809917328e-01
9.360000000000000542e-01
8.683127572016461349e-01
9.307359307359307499e-01
8.559322033898305593e-01
8.917748917748917759e-01
8.806584362139917577e-01
9.268292682926829729e-01
8.995815899581589559e-01
9.439655172413793371e-01
9.361702127659574657e-01
9.040000000000000258e-01
8.765957446808511078e-01
9.000000000000000222e-01
9.061224489795918213e-01
8.906882591093117085e-01
9.148936170212765839e-01
8.425196850393700254e-01
8.755364806866953176e-01
9.051724137931034253e-01
8.658536585365853577e-01
9.028340080971659631e-01
9.298245614035087758e-01
9.205020920502091641e-01
9.303278688524589946e-01
8.780487804878048808e-01
8.607594936708861111e-01
9.063829787234042312e-01
9.196787148594377514e-01
9.033613445378151363e-01
8.791666666666666519e-01
8.008658008658008365e-01
9.094827586206896131e-01
9.043824701195218863e-01
8.612244897959183687e-01
9.105691056910568681e-01
9.121338912133891696e-01
9.028340080971659631e-01
8.956521739130435256e-01
8.821138211382113514e-01
8.790322580645161255e-01
9.135802469135801962e-01
8.974358974358974672e-01
8.032786885245901676e-01
8.750000000000000000e-01
9.007936507936508130e-01
8.588709677419354982e-01
8.744769874476987503e-01
9.053497942386831143e-01
9.156118143459915926e-01
8.506224066390041250e-01
8.978723404255318785e-01
8.244897959183673519e-01
8.786610878661087476e-01
9.279661016949152241e-01
8.983739837398373451e-01
9.451476793248945185e-01
8.571428571428570953e-01
9.075630252100840289e-01
9.012345679012345734e-01
9.545454545454545858e-01
9.049586776859503967e-01
8.312236286919830741e-01
8.809523809523809312e-01
9.375000000000000000e-01
8.644067796610169774e-01
8.734693877551020780e-01
9.032258064516128782e-01
8.489795918367346594e-01
7.622950819672130729e-01
8.987341772151898889e-01
8.825910931174089091e-01
9.128630705394190636e-01
9.072580645161290036e-01
9.075630252100840289e-01
8.782608695652174280e-01
8.467741935483871218e-01
9.183673469387755306e-01
8.319327731092437395e-01
8.936170212765957022e-01
8.953974895397489586e-01
8.271604938271605034e-01
8.672199170124481604e-01
8.765432098765432167e-01
9.166666666666666297e-01
8.898305084745762317e-01
8.734693877551020780e-01
8.247863247863247427e-01
8.936170212765957022e-01
9.045643153526971014e-01
9.224489795918366930e-01
9.377593360995850613e-01
8.911290322580645018e-01
8.541666666666666297e-01
8.800000000000000044e-01
8.791666666666666519e-01
9.063829787234042312e-01
8.966942148760330689e-01
8.632478632478632896e-01
9.142857142857142572e-01
8.366533864541833010e-01
8.623481781376518551e-01
8.739130434782608203e-01
9.017094017094017255e-01
8.278688524590164244e-01
7.698744769874477090e-01
8.979591836734693855e-01
8.377192982456140857e-01
8.691983122362869629e-01
8.798283261802575250e-01
8.888888888888888395e-01
8.811475409836065920e-01
8.785425101214574539e-01
9.201680672268907069e-01
8.842975206611570771e-01
8.912133891213389614e-01
8.473895582329317167e-01
9.078947368421053099e-01
8.902953586497890370e-01
8.644067796610169774e-01
8.445378151260504174e-01
9.117647058823529216e-01
7.415254237288135819e-01
8.897959183673469497e-01
8.502024291497976005e-01
8.704453441295546545e-01
9.063829787234042312e-01
8.779527559055118058e-01
8.853754940711462407e-01
9.025423728813559698e-01
8.547717842323651061e-01
8.801652892561983021e-01
9.145299145299145005e-01
8.847736625514402986e-01
9.021276595744680549e-01
9.071729957805907407e-01
8.319672131147540783e-01
9.282700421940928148e-01
8.189300411522634215e-01
8.739495798319327768e-01
8.744939271255061097e-01
8.625000000000000444e-01
9.109311740890688736e-01
9.256198347107438273e-01
8.930041152263374915e-01
8.709677419354838745e-01
9.391304347826087140e-01
9.282700421940928148e-01
7.871485943775100580e-01
8.446215139442231346e-01
9.279661016949152241e-01
8.808510638297872841e-01
8.305084745762711940e-01
9.049586776859503967e-01
8.735177865612647752e-01
9.059829059829059839e-01
8.641975308641974829e-01
9.230769230769231282e-01
9.240000000000000435e-01
8.423236514522821627e-01
8.775510204081632404e-01
8.247011952191235507e-01
9.094827586206896131e-01
9.153225806451612545e-01
9.003984063745019695e-01
8.594377510040160928e-01
8.448275862068965747e-01
8.949579831932773510e-01
8.831168831168830780e-01
9.196787148594377514e-01
8.962655601659751392e-01
9.012875536480686733e-01
8.958333333333333703e-01
8.987341772151898889e-01
8.971193415637860324e-01
8.663793103448276245e-01
9.071729957805907407e-01
9.126984126984126755e-01
8.347107438016528880e-01
8.808510638297872841e-01
8.870292887029288531e-01
8.911290322580645018e-01
8.931623931623932089e-01
8.680851063829787551e-01
8.865546218487394547e-01
8.649789029535864815e-01
8.902439024390244038e-01
9.166666666666666297e-01
9.173553719008264995e-01
8.442622950819672623e-01
9.105691056910568681e-01
8.750000000000000000e-01
8.907563025210084584e-01
8.930041152263374915e-01
8.734177215189873333e-01
8.795180722891565717e-01
8.708333333333333481e-01
8.547717842323651061e-01
8.861788617886179331e-01
9.098712446351930883e-01
8.833333333333333037e-01
8.647540983606557541e-01
8.346774193548387455e-01
8.185483870967742437e-01
9.020408163265306589e-01
9.205020920502091641e-01
8.728813559322033955e-01
8.902953586497890370e-01
8.326359832635983338e-01
8.196078431372548767e-01
8.916666666666667185e-01
9.291666666666666963e-01
9.055793991416308808e-01
9.313304721030042366e-01
8.534482758620689502e-01
8.669354838709677491e-01
8.927038626609442584e-01
9.053497942386831143e-01
8.818565400843881852e-01
8.785425101214574539e-01
9.276595744680851130e-01
8.955823293172691102e-01
8.830645161290322509e-01
9.049586776859503967e-01
8.432203389830508211e-01
9.372384937238493752e-01
8.791666666666666519e-01
9.173553719008264995e-01
8.495934959349593640e-01
8.032786885245901676e-01
9.004329004329004738e-01
8.290598290598291120e-01
8.675213675213675479e-01
8.943089430894308745e-01
8.983739837398373451e-01
8.582995951417003999e-01
8.143459915611814814e-01
8.971193415637860324e-01
7.949790794979079145e-01
8.595744680851064023e-01
9.102564102564102422e-01
8.791666666666666519e-01
8.983050847457627608e-01
9.148936170212765839e-01
9.017094017094017255e-01
9.061224489795918213e-01
8.931623931623932089e-01
8.313253012048192891e-01
8.771186440677966045e-01
8.396624472573839260e-01
8.382978723404255206e-01
8.170731707317072656e-01
8.041666666666666963e-01
8.836206896551723755e-01
8.855932203389830226e-01
8.114754098360655865e-01
8.902953586497890370e-01
8.524590163934425702e-01
9.043478260869565188e-01
8.333333333333333703e-01
8.828451882845188559e-01
8.884120171673819399e-01
8.938775510204081121e-01
9.282700421940928148e-01
8.776371308016878148e-01
9.078947368421053099e-01
8.874458874458874824e-01
9.322709163346613037e-01
9.291666666666666963e-01
8.270042194092827037e-01
8.861788617886179331e-01
8.185483870967742437e-01
8.559322033898305593e-01
9.106382978723404076e-01
8.571428571428570953e-01
8.181818181818182323e-01
8.583690987124463767e-01
8.755020080321285203e-01
8.398268398268398105e-01
8.787878787878787845e-01
9.106382978723404076e-01
7.916666666666666297e-01
8.931623931623932089e-01
8.583333333333332815e-01
8.833333333333333037e-01
8.237704918032786594e-01
8.943089430894308745e-01
8.608695652173913304e-01
9.098712446351930883e-01
9.055793991416308808e-01
8.661087866108786448e-01
9.163346613545816366e-01
8.712446351931329991e-01
8.583690987124463767e-01
7.903225806451612545e-01
8.897959183673469497e-01
8.658008658008657932e-01
7.916666666666666297e-01
8.930041152263374915e-01
8.680851063829787551e-01
8.846153846153845812e-01
8.120000000000000551e-01
9.110169491525423879e-01
8.499999999999999778e-01
8.663967611336031993e-01
8.583333333333332815e-01
8.943089430894308745e-01
8.803418803418803229e-01
9.159663865546218142e-01
8.796680497925311037e-01
9.105691056910568681e-01
8.956521739130435256e-01
9.049586776859503967e-01
8.931623931623932089e-01
8.612244897959183687e-01
8.455284552845528934e-01
8.940677966101694407e-01
9.045643153526971014e-01
8.498023715415019552e-01
8.442622950819672623e-01
9.156118143459915926e-01
8.467741935483871218e-01
8.399999999999999689e-01
8.632478632478632896e-01
8.595041322314049825e-01
8.625000000000000444e-01
8.810572687224669242e-01
9.462809917355371470e-01
8.271604938271605034e-01
8.953974895397489586e-01
8.791666666666666519e-01
8.663967611336031993e-01
8.641975308641974829e-01
8.704453441295546545e-01
8.855932203389830226e-01
8.724279835390946758e-01
8.898305084745762317e-01
8.607594936708861111e-01
9.207048458149780235e-01
8.412017167381974359e-01
8.987854251012146189e-01
8.487394957983193100e-01
8.683127572016461349e-01
7.881355932203389925e-01
8.414634146341463117e-01
9.282868525896413869e-01
9.156118143459915926e-01
7.833333333333333259e-01
8.835341365461847341e-01
9.333333333333333481e-01
9.004149377593361203e-01
8.803418803418803229e-01
8.713692946058091415e-01
8.491379310344827624e-01
8.042553191489362208e-01
8.708333333333333481e-01
8.838174273858920849e-01
7.579365079365079083e-01
9.020408163265306589e-01
9.059829059829059839e-01
8.857142857142856762e-01
8.765432098765432167e-01
8.075313807531381283e-01
8.619246861924686476e-01
9.087136929460580825e-01
9.071729957805907407e-01
8.589211618257260872e-01
8.577405857740585393e-01
8.744769874476987503e-01
8.455284552845528934e-01
8.927038626609442584e-01
8.949579831932773510e-01
9.004329004329004738e-01
9.053497942386831143e-01
8.991935483870967527e-01
9.121338912133891696e-01
9.124999999999999778e-01
8.674698795180723065e-01
8.949579831932773510e-01
9.072580645161290036e-01
8.649789029535864815e-01
8.680851063829787551e-01
8.677685950413223104e-01
8.502202643171805629e-01
9.082969432314410563e-01
9.152542372881355970e-01
8.677685950413223104e-01
8.708333333333333481e-01
8.565737051792828849e-01
9.134199134199134651e-01
8.360655737704918433e-01
9.000000000000000222e-01
8.791666666666666519e-01
8.823529411764705621e-01
9.057377049180327377e-01
9.227642276422763912e-01
9.057377049180327377e-01
9.012875536480686733e-01
8.815789473684210176e-01
9.049586776859503967e-01
8.916666666666667185e-01
8.987341772151898889e-01
9.240000000000000435e-01
9.221311475409835756e-01
9.188034188034187588e-01
9.303278688524589946e-01
9.227642276422763912e-01
9.404255319148936421e-01
9.053497942386831143e-01
8.389830508474576121e-01
8.661087866108786448e-01
9.208333333333332815e-01
8.934426229508196649e-01
9.012875536480686733e-01
8.713692946058091415e-01
8.625000000000000444e-01
8.493723849372385448e-01
8.143459915611814814e-01
8.921161825726141581e-01
8.669354838709677491e-01
8.360655737704918433e-01
8.669527896995707916e-01
8.755364806866953176e-01
8.983050847457627608e-01
8.290598290598291120e-01
8.893617021276595258e-01
9.208333333333332815e-01
8.874999999999999556e-01
8.541666666666666297e-01
8.467741935483871218e-01
7.637130801687763704e-01
8.099547511312217285e-01
9.117647058823529216e-01
8.401639344262294973e-01
9.297520661157024913e-01
8.804780876494023856e-01
9.000000000000000222e-01
9.024390243902439268e-01
9.135802469135801962e-01
8.405172413793103869e-01
8.630705394190871793e-01
8.588709677419354982e-01
8.487394957983193100e-01
9.397590361445783413e-01
8.067226890756302726e-01
8.860759493670885556e-01
8.823529411764705621e-01
7.957446808510638681e-01
9.051724137931034253e-01
8.786610878661087476e-01
8.414634146341463117e-01
8.925619834710744049e-01
8.987341772151898889e-01
9.012875536480686733e-01
8.791666666666666519e-01
8.674698795180723065e-01
8.042553191489362208e-01
9.214876033057851634e-01
8.852459016393442459e-01
8.502024291497976005e-01
8.617886178861788871e-01
8.764940239043824688e-01
7.479338842975206125e-01
8.493723849372385448e-01
8.940677966101694407e-01
8.903508771929824483e-01
8.389830508474576121e-01
9.446808510638298184e-01
8.508064516129032473e-01
8.683127572016461349e-01
8.734177215189873333e-01
8.734177215189873333e-01
8.893442622950820109e-01
9.110169491525423879e-01
8.801652892561983021e-01
8.577235772357723054e-01
8.491379310344827624e-01
8.487394957983193100e-01
8.649789029535864815e-01
9.330543933054393779e-01
8.489795918367346594e-01
8.536585365853658347e-01
8.109243697478991653e-01
9.020408163265306589e-01
9.043824701195218863e-01
8.775510204081632404e-01
8.487394957983193100e-01
8.724279835390946758e-01
8.166666666666666519e-01
7.922077922077922496e-01
9.020408163265306589e-01
9.170124481327800448e-01
8.806584362139917577e-01
8.442622950819672623e-01
8.786610878661087476e-01
9.090909090909090606e-01
9.110169491525423879e-01
8.645418326693227185e-01
8.995815899581589559e-01
8.739495798319327768e-01
9.109311740890688736e-01
8.760330578512396382e-01
8.319327731092437395e-01
8.076923076923077094e-01
8.934426229508196649e-01
9.291666666666666963e-01
8.760683760683760646e-01
8.606557377049179891e-01
8.770491803278688270e-01
9.356223175965665551e-01
8.701298701298700866e-01
8.956521739130435256e-01
8.949579831932773510e-01
9.057377049180327377e-01
8.429752066115702158e-01
8.451882845188284366e-01
9.029535864978902593e-01
8.111587982832617616e-01
9.012875536480686733e-01
8.396624472573839260e-01
9.098360655737705027e-01
8.723404255319149314e-01
8.811475409836065920e-01
8.875502008032128964e-01
8.804780876494023856e-01
8.178137651821861809e-01
9.221311475409835756e-01
8.907563025210084584e-01
8.739837398373984101e-01
7.966804979253111485e-01
9.188034188034187588e-01
8.966942148760330689e-01
9.028340080971659631e-01
9.208333333333332815e-01
9.083665338645418030e-01
8.582995951417003999e-01
8.247863247863247427e-01
9.250000000000000444e-01
8.259109311740890913e-01
8.565400843881856296e-01
9.067796610169491789e-01
8.795180722891565717e-01
9.135802469135801962e-01
8.582995951417003999e-01
9.262295081967213406e-01
8.264462809917355601e-01
8.884297520661157410e-01
8.842975206611570771e-01
8.893617021276595258e-01
9.098360655737705027e-01
8.805309734513274700e-01
9.377777777777778212e-01
9.375000000000000000e-01
9.545454545454545858e-01
8.823529411764705621e-01
9.041666666666666741e-01
8.346774193548387455e-01
8.553719008264463186e-01
8.290598290598291120e-01
8.724279835390946758e-01
9.126984126984126755e-01
8.526785714285713969e-01
8.589211618257260872e-01
9.079497907949790614e-01
8.542510121457489447e-01
8.000000000000000444e-01
9.198312236286919630e-01
9.160000000000000364e-01
7.551867219917012264e-01
9.049586776859503967e-01
8.535564853556485421e-01
9.094488188976378451e-01
8.271604938271605034e-01
8.949579831932773510e-01
8.934426229508196649e-01
8.734693877551020780e-01
8.623481781376518551e-01
8.925619834710744049e-01
8.565217391304348338e-01
9.065040650406503975e-01
8.599999999999999867e-01
9.037656903765690641e-01
8.277310924369747358e-01
8.536585365853658347e-01
7.983193277310924874e-01
9.043478260869565188e-01
8.285714285714286254e-01
8.964143426294820527e-01
8.630705394190871793e-01
8.619246861924686476e-01
8.729508196721311730e-01
8.866396761133603643e-01
8.806584362139917577e-01
7.698744769874477090e-01
8.962655601659751392e-01
8.536585365853658347e-01
9.008264462809917328e-01
8.921161825726141581e-01
8.921161825726141581e-01
8.983050847457627608e-01
8.934426229508196649e-01
8.599999999999999867e-01
7.890625000000000000e-01
8.418803418803418870e-01
8.577586206896551380e-01
8.791666666666666519e-01
8.930041152263374915e-01
8.816326530612245138e-01
8.257261410788381273e-01
9.016393442622950838e-01
9.017094017094017255e-01
8.734693877551020780e-01
8.830645161290322509e-01
9.303278688524589946e-01
8.007968127490039389e-01
8.393574297188755029e-01
8.185654008438818519e-01
8.811475409836065920e-01
8.625000000000000444e-01
8.961038961038960693e-01
9.000000000000000222e-01
8.916666666666667185e-01
8.838174273858920849e-01
8.729508196721311730e-01
8.971193415637860324e-01
8.661087866108786448e-01
8.791666666666666519e-01
8.583690987124463767e-01
8.808510638297872841e-01
9.159663865546218142e-01
8.625000000000000444e-01
8.211382113821138473e-01
8.786610878661087476e-01
8.940677966101694407e-01
8.893617021276595258e-01
8.798283261802575250e-01
9.033613445378151363e-01
8.912133891213389614e-01
8.924302788844621359e-01
8.319327731092437395e-01
9.012345679012345734e-01
9.148936170212765839e-01
8.416666666666666741e-01
9.057377049180327377e-01
8.853754940711462407e-01
8.860759493670885556e-01
8.833333333333333037e-01
9.004149377593361203e-01
9.105691056910568681e-01
8.629032258064516236e-01
8.595744680851064023e-01
8.897959183673469497e-01
9.012345679012345734e-01
8.699186991869918284e-01
8.623481781376518551e-01
8.697478991596638842e-01
8.433734939759036653e-01
8.755186721991701226e-01
8.326530612244897878e-01
9.047619047619047672e-01
9.205020920502091641e-01
8.898305084745762317e-01
9.149797570850202177e-01
9.000000000000000222e-01
9.208333333333332815e-01
8.796680497925311037e-01
8.937007874015747699e-01
9.098360655737705027e-01
9.186991869918699205e-01
9.163179916317991669e-01
8.983739837398373451e-01
8.734693877551020780e-01
8.857142857142856762e-01
9.094650205761316553e-01
8.436213991769547782e-01
9.230769230769231282e-01
8.401639344262294973e-01
8.361344537815126321e-01
9.369747899159663884e-01
8.057851239669421295e-01
8.388429752066115519e-01
8.858267716535432879e-01
9.253112033195021180e-01
8.782608695652174280e-01
9.036144578313253239e-01
8.790322580645161255e-01
8.237704918032786594e-01
8.958333333333333703e-01
9.068825910931174183e-01
8.979591836734693855e-01
9.142857142857142572e-01
8.930041152263374915e-01
9.083333333333333259e-01
8.669354838709677491e-01
8.429752066115702158e-01
9.017094017094017255e-01
8.600823045267489420e-01
9.082969432314410563e-01
8.987341772151898889e-01
8.523206751054852592e-01
8.613445378151260989e-01
8.112449799196786993e-01
8.801652892561983021e-01
8.518518518518518601e-01
9.028340080971659631e-01
8.911290322580645018e-01
8.680851063829787551e-01
8.991596638655462437e-01
8.464730290456431439e-01
9.068825910931174183e-01
9.121338912133891696e-01
8.897637795275590289e-01
8.874999999999999556e-01
9.098712446351930883e-01
9.041666666666666741e-01
9.063829787234042312e-01
9.367088607594936667e-01
9.080000000000000293e-01
9.102564102564102422e-01
8.785425101214574539e-01
8.410041841004184393e-01
8.875502008032128964e-01
9.028340080971659631e-01
9.308943089430894435e-01
8.902439024390244038e-01
8.649789029535864815e-01
8.492063492063491870e-01
8.866396761133603643e-01
9.128630705394190636e-01
8.571428571428570953e-01
8.906882591093117085e-01
9.243697478991597105e-01
8.750000000000000000e-01
9.230769230769231282e-01
8.375000000000000222e-01
9.004149377593361203e-01
8.958333333333333703e-01
8.382978723404255206e-01
9.390243902439023849e-01
