7.622950819672130729e-01
8.510638297872340496e-01
7.836734693877550617e-01
7.551867219917012264e-01
8.636363636363636465e-01
8.298755186721992194e-01
7.892561983471074738e-01
7.456896551724138122e-01
8.943089430894308745e-01
7.750000000000000222e-01
8.057851239669421295e-01
8.148148148148147696e-01
8.765957446808511078e-01
7.909836065573770947e-01
8.535564853556485421e-01
8.477366255144033191e-01
8.661087866108786448e-01
7.833333333333333259e-01
7.887931034482759118e-01
8.432203389830508211e-01
8.675213675213675479e-01
7.883817427385891863e-01
8.192771084337349130e-01
8.530612244897959329e-01
8.319672131147540783e-01
8.818565400843881852e-01
7.957446808510638681e-01
8.189655172413793371e-01
7.796610169491525744e-01
8.211382113821138473e-01
8.340248962655602005e-01
7.965367965367965430e-01
7.877551020408163351e-01
8.016194331983805821e-01
8.274509803921568096e-01
8.729508196721311730e-01
8.278688524590164244e-01
8.362068965517240882e-01
7.862903225806451291e-01
7.883817427385891863e-01
7.983193277310924874e-01
8.486055776892430513e-01
7.732793522267206177e-01
8.055555555555555802e-01
7.948717948717948234e-01
8.163265306122449161e-01
8.127490039840638003e-01
8.290598290598291120e-01
8.137651821862348367e-01
8.239999999999999547e-01
7.745901639344262568e-01
8.340425531914893442e-01
8.571428571428570953e-01
8.489795918367346594e-01
7.773279352226720729e-01
8.080000000000000515e-01
7.926829268292683306e-01
8.401639344262294973e-01
8.340080971659918907e-01
8.204081632653060785e-01
8.499999999999999778e-01
8.059071729957806296e-01
8.285714285714286254e-01
8.565400843881856296e-01
8.595041322314049825e-01
8.262711864406779849e-01
8.489795918367346594e-01
8.122270742358078666e-01
8.127490039840638003e-01
7.848101265822784445e-01
7.958333333333332815e-01
8.185483870967742437e-01
8.305084745762711940e-01
7.848101265822784445e-01
7.923728813559322015e-01
7.877551020408163351e-01
8.151260504201680579e-01
8.196721311475410054e-01
7.949790794979079145e-01
8.414634146341463117e-01
8.347457627118644030e-01
8.719008264462809743e-01
8.242677824267782283e-01
8.577235772357723054e-01
8.211382113821138473e-01
8.016528925619834656e-01
8.067226890756302726e-01
8.130081300813007950e-01
8.148148148148147696e-01
8.125000000000000000e-01
8.477366255144033191e-01
8.259109311740890913e-01
8.724279835390946758e-01
8.181818181818182323e-01
8.112449799196786993e-01
8.320312500000000000e-01
8.089430894308943243e-01
8.473895582329317167e-01
7.958333333333332815e-01
7.833333333333333259e-01
8.547008547008546619e-01
8.235294117647058432e-01
8.512396694214876547e-01
8.218623481781376361e-01
8.278688524590164244e-01
8.491379310344827624e-01
8.085106382978722861e-01
8.577235772357723054e-01
9.273504273504273865e-01
8.534482758620689502e-01
8.268398268398268192e-01
7.907949790794979172e-01
8.189300411522634215e-01
8.208333333333333037e-01
8.518518518518518601e-01
8.050847457627118287e-01
8.541666666666666297e-01
8.162393162393162260e-01
8.340080971659918907e-01
7.862903225806451291e-01
8.468085106382978733e-01
8.535564853556485421e-01
7.881355932203389925e-01
7.824267782426778117e-01
9.000000000000000222e-01
7.925311203319501674e-01
7.670682730923694681e-01
7.800829875518672241e-01
8.290598290598291120e-01
8.125000000000000000e-01
8.208333333333333037e-01
8.075313807531381283e-01
8.683127572016461349e-01
8.833333333333333037e-01
8.674698795180723065e-01
8.215767634854771462e-01
8.285714285714286254e-01
8.448979591836734970e-01
7.871485943775100580e-01
7.983870967741935054e-01
7.750000000000000222e-01
8.471074380165288797e-01
8.220338983050847759e-01
8.177966101694915668e-01
8.032786885245901676e-01
7.903225806451612545e-01
7.886178861788617489e-01
8.366533864541833010e-01
8.284518828451883365e-01
8.333333333333333703e-01
8.704453441295546545e-01
8.380566801619433459e-01
8.264462809917355601e-01
8.247863247863247427e-01
8.049792531120332217e-01
8.262711864406779849e-01
8.262711864406779849e-01
8.085106382978722861e-01
8.408163265306122236e-01
8.283261802575107025e-01
7.791666666666666741e-01
8.208333333333333037e-01
8.346774193548387455e-01
8.099173553719007934e-01
8.223140495867768962e-01
8.073770491803278215e-01
8.600823045267489420e-01
8.306451612903226200e-01
8.053097345132743667e-01
7.991803278688525136e-01
8.326359832635983338e-01
7.755905511811023167e-01
8.380566801619433459e-01
8.148148148148147696e-01
7.729083665338645215e-01
7.478632478632478708e-01
8.502202643171805629e-01
8.649789029535864815e-01
8.060344827586206629e-01
8.516949152542372392e-01
8.432203389830508211e-01
8.305084745762711940e-01
8.277310924369747358e-01
8.093220338983050377e-01
8.178137651821861809e-01
8.255319148936169915e-01
8.312236286919830741e-01
8.065843621399176877e-01
8.024691358024691468e-01
8.174603174603174427e-01
8.318965517241379004e-01
8.906882591093117085e-01
8.347107438016528880e-01
8.607594936708861111e-01
8.050847457627118287e-01
8.211382113821138473e-01
8.133333333333333526e-01
8.151260504201680579e-01
8.493723849372385448e-01
8.305084745762711940e-01
8.326359832635983338e-01
8.600823045267489420e-01
8.803418803418803229e-01
8.016194331983805821e-01
8.368200836820083310e-01
9.000000000000000222e-01
8.177966101694915668e-01
8.471074380165288797e-01
8.429752066115702158e-01
8.155737704918032405e-01
8.613445378151260989e-01
8.170731707317072656e-01
8.148148148148147696e-01
8.410041841004184393e-01
7.570850202429150189e-01
8.902953586497890370e-01
8.032786885245901676e-01
8.025210084033613800e-01
8.135593220338983578e-01
8.306451612903226200e-01
7.942386831275720649e-01
8.595744680851064023e-01
7.572016460905349744e-01
8.125000000000000000e-01
8.333333333333333703e-01
8.477366255144033191e-01
8.264462809917355601e-01
8.403361344537815247e-01
7.685950413223140432e-01
8.442622950819672623e-01
8.132780082987551840e-01
8.487394957983193100e-01
8.539823008849557473e-01
8.114754098360655865e-01
8.601694915254237683e-01
8.273092369477911268e-01
8.713692946058091415e-01
8.487394957983193100e-01
8.379446640316206008e-01
7.656903765690377117e-01
8.185654008438818519e-01
8.119658119658119677e-01
8.170731707317072656e-01
8.095238095238095344e-01
7.827868852459016757e-01
8.208333333333333037e-01
8.170731707317072656e-01
7.933884297520661377e-01
7.489539748953975007e-01
8.791666666666666519e-01
8.067226890756302726e-01
8.278688524590164244e-01
7.888446215139441886e-01
8.185483870967742437e-01
7.848101265822784445e-01
8.423236514522821627e-01
8.347457627118644030e-01
8.319327731092437395e-01
7.708333333333333703e-01
8.255319148936169915e-01
7.685589519650655177e-01
7.448559670781893516e-01
8.432203389830508211e-01
8.290598290598291120e-01
8.638297872340425787e-01
8.347107438016528880e-01
8.178137651821861809e-01
8.120000000000000551e-01
7.991452991452991927e-01
8.000000000000000444e-01
8.095238095238095344e-01
7.831325301204818956e-01
8.429752066115702158e-01
8.319672131147540783e-01
8.531746031746031411e-01
8.279999999999999583e-01
8.326180257510729099e-01
7.857142857142856984e-01
8.421052631578946901e-01
8.125000000000000000e-01
8.489795918367346594e-01
8.305084745762711940e-01
7.883817427385891863e-01
8.617886178861788871e-01
7.818930041152263311e-01
8.212765957446808152e-01
8.057851239669421295e-01
7.805907172995780741e-01
8.135593220338983578e-01
8.016528925619834656e-01
8.140495867768594573e-01
8.395061728395061262e-01
7.886178861788617489e-01
8.468085106382978733e-01
8.008298755186722406e-01
8.244897959183673519e-01
8.660714285714286031e-01
8.277310924369747358e-01
8.085106382978722861e-01
7.975708502024291269e-01
7.869565217391304435e-01
8.381742738589211816e-01
8.016877637130801482e-01
8.353413654618473405e-01
8.284518828451883365e-01
8.514056224899598790e-01
7.854077253218884058e-01
8.504273504273504036e-01
8.016194331983805821e-01
8.170731707317072656e-01
8.619246861924686476e-01
7.925311203319501674e-01
8.227848101265823333e-01
8.181818181818182323e-01
8.423236514522821627e-01
8.140495867768594573e-01
8.312236286919830741e-01
8.423236514522821627e-01
8.340248962655602005e-01
8.477366255144033191e-01
8.270042194092827037e-01
7.923728813559322015e-01
8.286852589641434674e-01
8.204081632653060785e-01
7.950819672131147486e-01
8.347457627118644030e-01
7.874999999999999778e-01
8.540772532188841693e-01
8.486055776892430513e-01
8.155737704918032405e-01
8.200836820083682310e-01
7.824267782426778117e-01
8.559322033898305593e-01
8.000000000000000444e-01
8.340248962655602005e-01
8.262711864406779849e-01
8.448979591836734970e-01
8.218623481781376361e-01
8.376068376068376287e-01
8.582995951417003999e-01
7.942386831275720649e-01
8.319672131147540783e-01
8.099173553719007934e-01
8.589743589743589203e-01
8.791666666666666519e-01
8.059071729957806296e-01
7.967479674796748013e-01
8.270042194092827037e-01
8.292682926829267887e-01
8.000000000000000444e-01
8.024193548387096309e-01
8.541666666666666297e-01
8.114754098360655865e-01
8.297872340425531679e-01
8.111587982832617616e-01
8.178137651821861809e-01
8.641975308641974829e-01
8.565737051792828849e-01
8.292682926829267887e-01
8.227848101265823333e-01
8.455284552845528934e-01
8.451882845188284366e-01
7.918367346938774975e-01
8.132780082987551840e-01
8.401639344262294973e-01
8.111587982832617616e-01
8.016877637130801482e-01
8.750000000000000000e-01
8.290598290598291120e-01
8.166666666666666519e-01
7.800829875518672241e-01
8.049792531120332217e-01
7.624999999999999556e-01
8.577586206896551380e-01
7.629310344827586743e-01
8.416666666666666741e-01
8.340248962655602005e-01
8.016528925619834656e-01
8.106995884773662286e-01
8.571428571428570953e-01
8.017241379310344751e-01
8.035714285714286031e-01
8.940677966101694407e-01
8.367346938775510612e-01
8.057851239669421295e-01
8.057851239669421295e-01
8.395061728395061262e-01
8.629032258064516236e-01
8.305084745762711940e-01
8.158995815899581228e-01
8.589743589743589203e-01
8.060344827586206629e-01
8.060344827586206629e-01
8.410041841004184393e-01
7.672413793103448620e-01
7.991803278688525136e-01
8.048780487804878536e-01
8.547008547008546619e-01
8.178137651821861809e-01
8.220338983050847759e-01
7.868852459016393297e-01
8.516949152542372392e-01
8.360655737704918433e-01
8.523206751054852592e-01
8.225108225108225257e-01
8.535564853556485421e-01
8.559322033898305593e-01
8.223140495867768962e-01
8.734693877551020780e-01
8.368200836820083310e-01
8.162393162393162260e-01
8.125000000000000000e-01
7.991803278688525136e-01
8.838174273858920849e-01
8.286852589641434674e-01
8.204081632653060785e-01
8.193277310924369505e-01
8.340248962655602005e-01
8.340248962655602005e-01
8.471074380165288797e-01
8.523206751054852592e-01
8.393574297188755029e-01
8.271604938271605034e-01
8.489795918367346594e-01
8.588709677419354982e-01
8.000000000000000444e-01
8.582677165354331006e-01
8.514056224899598790e-01
8.117154811715481255e-01
7.572016460905349744e-01
8.312757201646090444e-01
8.414634146341463117e-01
7.745901639344262568e-01
8.506224066390041250e-01
8.000000000000000444e-01
8.151260504201680579e-01
8.242677824267782283e-01
8.577405857740585393e-01
9.030837004405286583e-01
8.408163265306122236e-01
8.075313807531381283e-01
8.634538152610441442e-01
8.464730290456431439e-01
8.170731707317072656e-01
7.866108786610879200e-01
8.097165991902833815e-01
8.291666666666667185e-01
7.975206611570248016e-01
8.491379310344827624e-01
7.943548387096773800e-01
8.065843621399176877e-01
8.000000000000000444e-01
7.983539094650206058e-01
8.185483870967742437e-01
7.916666666666666297e-01
8.049792531120332217e-01
8.473895582329317167e-01
7.510729613733905241e-01
8.049792531120332217e-01
8.406374501992032178e-01
8.305785123966942241e-01
8.458333333333333259e-01
7.883817427385891863e-01
8.373983739837398410e-01
8.237704918032786594e-01
8.000000000000000444e-01
8.547717842323651061e-01
8.117154811715481255e-01
7.923728813559322015e-01
8.199999999999999512e-01
8.185483870967742437e-01
8.744769874476987503e-01
8.354978354978355171e-01
7.468879668049792642e-01
7.833333333333333259e-01
8.174273858921161651e-01
8.040000000000000480e-01
8.333333333333333703e-01
7.959183673469387710e-01
7.866108786610879200e-01
8.432203389830508211e-01
8.257261410788381273e-01
8.232758620689655249e-01
8.212765957446808152e-01
8.189300411522634215e-01
8.143459915611814814e-01
8.912133891213389614e-01
7.907949790794979172e-01
7.731092436974790205e-01
7.943548387096773800e-01
8.477366255144033191e-01
8.034188034188034511e-01
8.016194331983805821e-01
7.500000000000000000e-01
7.838983050847457834e-01
8.666666666666666963e-01
8.734177215189873333e-01
7.925311203319501674e-01
8.089430894308943243e-01
8.025210084033613800e-01
8.395061728395061262e-01
8.292682926829267887e-01
8.040816326530612068e-01
8.081632653061224802e-01
8.625000000000000444e-01
7.754237288135593653e-01
8.050847457627118287e-01
8.284518828451883365e-01
8.270042194092827037e-01
8.305785123966942241e-01
8.467741935483871218e-01
8.524590163934425702e-01
8.007968127490039389e-01
8.031496062992126150e-01
8.240343347639484950e-01
7.651821862348178183e-01
8.626609442060085842e-01
7.489711934156378925e-01
8.638297872340425787e-01
8.117154811715481255e-01
8.181818181818182323e-01
8.333333333333333703e-01
8.619246861924686476e-01
8.093220338983050377e-01
8.146551724137931494e-01
8.278688524590164244e-01
8.212765957446808152e-01
8.016877637130801482e-01
8.729508196721311730e-01
8.416666666666666741e-01
8.166666666666666519e-01
8.499999999999999778e-01
8.255319148936169915e-01
8.683127572016461349e-01
8.530612244897959329e-01
8.347457627118644030e-01
8.061674008810573167e-01
8.109243697478991653e-01
8.454935622317596433e-01
8.401639344262294973e-01
8.405172413793103869e-01
8.016877637130801482e-01
7.727272727272727071e-01
8.477366255144033191e-01
8.017621145374449476e-01
8.706896551724138122e-01
8.398268398268398105e-01
8.760330578512396382e-01
8.089430894308943243e-01
8.499999999999999778e-01
7.899159663865545911e-01
8.042553191489362208e-01
8.283261802575107025e-01
8.181818181818182323e-01
8.290598290598291120e-01
8.518518518518518601e-01
7.907949790794979172e-01
8.099173553719007934e-01
8.333333333333333703e-01
8.373983739837398410e-01
7.854077253218884058e-01
8.416666666666666741e-01
8.936170212765957022e-01
8.902953586497890370e-01
8.467741935483871218e-01
8.653061224489796421e-01
8.523206751054852592e-01
7.975206611570248016e-01
8.512396694214876547e-01
8.291666666666667185e-01
8.418803418803418870e-01
8.197424892703862875e-01
8.388429752066115519e-01
8.455284552845528934e-01
8.495934959349593640e-01
8.283261802575107025e-01
8.340425531914893442e-01
8.109243697478991653e-01
8.298755186721992194e-01
8.244897959183673519e-01
8.119658119658119677e-01
8.278688524590164244e-01
8.781512605042016695e-01
8.279999999999999583e-01
8.502024291497976005e-01
8.353413654618473405e-01
8.418972332015810522e-01
8.257261410788381273e-01
8.050847457627118287e-01
8.155737704918032405e-01
8.565737051792828849e-01
8.486055776892430513e-01
7.649572649572649041e-01
7.809917355371900349e-01
8.155737704918032405e-01
8.353413654618473405e-01
8.416666666666666741e-01
7.896995708154506133e-01
8.137651821862348367e-01
8.242677824267782283e-01
8.481012658227847778e-01
8.368200836820083310e-01
8.170212765957446388e-01
8.438818565400844074e-01
8.313253012048192891e-01
8.542510121457489447e-01
7.983870967741935054e-01
8.393574297188755029e-01
8.166666666666666519e-01
8.283261802575107025e-01
8.162393162393162260e-01
8.242677824267782283e-01
8.278688524590164244e-01
8.249999999999999556e-01
7.975206611570248016e-01
8.396624472573839260e-01
8.237704918032786594e-01
8.786610878661087476e-01
8.290598290598291120e-01
8.477366255144033191e-01
7.593360995850622075e-01
7.851239669421488099e-01
8.149606299212598381e-01
7.801724137931034253e-01
7.958333333333332815e-01
8.103448275862068506e-01
8.242677824267782283e-01
8.421052631578946901e-01
8.268398268398268192e-01
8.033472803347280200e-01
8.655462184873949916e-01
8.541666666666666297e-01
8.300395256916995868e-01
8.155737704918032405e-01
8.257261410788381273e-01
8.367346938775510612e-01
8.672199170124481604e-01
8.388429752066115519e-01
8.285714285714286254e-01
7.892561983471074738e-01
8.755186721991701226e-01
7.581967213114754189e-01
8.427419354838709964e-01
8.283261802575107025e-01
7.966804979253111485e-01
7.786885245901639108e-01
8.075313807531381283e-01
7.933884297520661377e-01
7.975206611570248016e-01
8.215767634854771462e-01
8.577586206896551380e-01
7.736625514403292492e-01
8.373983739837398410e-01
8.493723849372385448e-01
7.920000000000000373e-01
8.388429752066115519e-01
8.264462809917355601e-01
8.297872340425531679e-01
8.333333333333333703e-01
8.225806451612903691e-01
8.091286307053942028e-01
8.380566801619433459e-01
8.535564853556485421e-01
8.227848101265823333e-01
8.000000000000000444e-01
8.264462809917355601e-01
8.260869565217391353e-01
8.481012658227847778e-01
7.768595041322313710e-01
8.257261410788381273e-01
8.583690987124463767e-01
8.230452674897119625e-01
8.697478991596638842e-01
8.230452674897119625e-01
8.441558441558441039e-01
7.750000000000000222e-01
8.382978723404255206e-01
7.983539094650206058e-01
8.540772532188841693e-01
8.644067796610169774e-01
8.606557377049179891e-01
8.298755186721992194e-01
8.148148148148147696e-01
7.782426778242678145e-01
8.075313807531381283e-01
8.285714285714286254e-01
8.765432098765432167e-01
8.547717842323651061e-01
8.353909465020575853e-01
8.111587982832617616e-01
8.354430379746835555e-01
8.312236286919830741e-01
8.340248962655602005e-01
8.600823045267489420e-01
8.495934959349593640e-01
8.273092369477911268e-01
8.750000000000000000e-01
8.483606557377049162e-01
8.319999999999999618e-01
8.925619834710744049e-01
7.933884297520661377e-01
7.782426778242678145e-01
7.560000000000000053e-01
8.425531914893616969e-01
8.396624472573839260e-01
8.425196850393700254e-01
8.181818181818182323e-01
8.489795918367346594e-01
8.396624472573839260e-01
8.051948051948052409e-01
8.625000000000000444e-01
8.188976377952755792e-01
8.078602620087336206e-01
8.366533864541833010e-01
8.205128205128204844e-01
8.065843621399176877e-01
8.523206751054852592e-01
8.064516129032257563e-01
8.548387096774193727e-01
8.130081300813007950e-01
8.410041841004184393e-01
8.354430379746835555e-01
8.630705394190871793e-01
8.686440677966101864e-01
8.032786885245901676e-01
7.886178861788617489e-01
7.710843373493976305e-01
8.346774193548387455e-01
7.935222672064777827e-01
8.362068965517240882e-01
8.152610441767068616e-01
8.515283842794759694e-01
8.319327731092437395e-01
8.200836820083682310e-01
7.550200803212850920e-01
8.154506437768240801e-01
8.473895582329317167e-01
8.381742738589211816e-01
8.178137651821861809e-01
8.032786885245901676e-01
7.601626016260162322e-01
7.883817427385891863e-01
8.565573770491803351e-01
8.200836820083682310e-01
8.197424892703862875e-01
8.451882845188284366e-01
8.340080971659918907e-01
8.067226890756302726e-01
8.083333333333333481e-01
8.493723849372385448e-01
8.688524590163934080e-01
8.697478991596638842e-01
8.515283842794759694e-01
7.943548387096773800e-01
8.373983739837398410e-01
7.991803278688525136e-01
8.193277310924369505e-01
7.942386831275720649e-01
7.966804979253111485e-01
8.000000000000000444e-01
8.016194331983805821e-01
8.487394957983193100e-01
7.740585774058577062e-01
7.907949790794979172e-01
8.284518828451883365e-01
8.554216867469879304e-01
8.227848101265823333e-01
8.278688524590164244e-01
8.143459915611814814e-01
8.089430894308943243e-01
8.291666666666667185e-01
8.347107438016528880e-01
8.057851239669421295e-01
8.189655172413793371e-01
8.388429752066115519e-01
7.574468085106382809e-01
8.132780082987551840e-01
8.412017167381974359e-01
8.145161290322581182e-01
8.508064516129032473e-01
7.925311203319501674e-01
7.925311203319501674e-01
8.260869565217391353e-01
7.669491525423728362e-01
8.103448275862068506e-01
8.227848101265823333e-01
8.353909465020575853e-01
7.932489451476792963e-01
8.140495867768594573e-01
8.277310924369747358e-01
8.445378151260504174e-01
8.185654008438818519e-01
8.091286307053942028e-01
8.964143426294820527e-01
7.975206611570248016e-01
7.941176470588234837e-01
8.103448275862068506e-01
7.663934426229508379e-01
7.723577235772357552e-01
8.683127572016461349e-01
8.255319148936169915e-01
8.791666666666666519e-01
7.901234567901234129e-01
8.189300411522634215e-01
8.695652173913043237e-01
7.717842323651452618e-01
7.827868852459016757e-01
8.032128514056224855e-01
8.305785123966942241e-01
7.572016460905349744e-01
7.916666666666666297e-01
8.237704918032786594e-01
8.663967611336031993e-01
7.950819672131147486e-01
8.239999999999999547e-01
8.629032258064516236e-01
7.735042735042735318e-01
8.117154811715481255e-01
8.299595141700404355e-01
8.257261410788381273e-01
8.525896414342629681e-01
8.119658119658119677e-01
8.445378151260504174e-01
8.106995884773662286e-01
8.319327731092437395e-01
8.227848101265823333e-01
8.354430379746835555e-01
7.878787878787878451e-01
8.451882845188284366e-01
7.926829268292683306e-01
8.240343347639484950e-01
8.117154811715481255e-01
8.588709677419354982e-01
9.211618257261410259e-01
7.896995708154506133e-01
8.177777777777778256e-01
8.158995815899581228e-01
8.318965517241379004e-01
8.230452674897119625e-01
8.101265822784810000e-01
8.502024291497976005e-01
8.416666666666666741e-01
8.197424892703862875e-01
8.225108225108225257e-01
7.941176470588234837e-01
7.909836065573770947e-01
8.625000000000000444e-01
8.189300411522634215e-01
8.173913043478261420e-01
8.174273858921161651e-01
8.189300411522634215e-01
8.755020080321285203e-01
8.016194331983805821e-01
8.655462184873949916e-01
7.782426778242678145e-01
8.032786885245901676e-01
8.174273858921161651e-01
8.000000000000000444e-01
7.966804979253111485e-01
8.423236514522821627e-01
7.702127659574468099e-01
8.277310924369747358e-01
8.451882845188284366e-01
8.333333333333333703e-01
8.347457627118644030e-01
8.278688524590164244e-01
8.808510638297872841e-01
8.565217391304348338e-01
8.565573770491803351e-01
8.264462809917355601e-01
8.516949152542372392e-01
8.034188034188034511e-01
8.117154811715481255e-01
8.060344827586206629e-01
8.553719008264463186e-01
8.223140495867768962e-01
8.177966101694915668e-01
8.117154811715481255e-01
8.471074380165288797e-01
7.942386831275720649e-01
8.512396694214876547e-01
7.905982905982905651e-01
8.381742738589211816e-01
8.542510121457489447e-01
8.215767634854771462e-01
8.165938864628821126e-01
7.732793522267206177e-01
7.720000000000000195e-01
7.836734693877550617e-01
8.704453441295546545e-01
8.801652892561983021e-01
8.185654008438818519e-01
7.967479674796748013e-01
8.619246861924686476e-01
8.114754098360655865e-01
8.716814159292035624e-01
8.132780082987551840e-01
8.375000000000000222e-01
7.868852459016393297e-01
7.932489451476792963e-01
8.185483870967742437e-01
8.297872340425531679e-01
7.975206611570248016e-01
8.181818181818182323e-01
8.432203389830508211e-01
8.189300411522634215e-01
8.389830508474576121e-01
8.502024291497976005e-01
8.347107438016528880e-01
8.253968253968253510e-01
8.571428571428570953e-01
8.571428571428570953e-01
8.630705394190871793e-01
8.174273858921161651e-01
8.214285714285713969e-01
8.600823045267489420e-01
8.441558441558441039e-01
7.872340425531915153e-01
8.097165991902833815e-01
7.744680851063829863e-01
7.848101265822784445e-01
7.935222672064777827e-01
8.297872340425531679e-01
8.571428571428570953e-01
8.613445378151260989e-01
8.057851239669421295e-01
8.857142857142856762e-01
8.367346938775510612e-01
8.016528925619834656e-01
8.049792531120332217e-01
7.872340425531915153e-01
8.391304347826087362e-01
8.225806451612903691e-01
8.326359832635983338e-01
8.399999999999999689e-01
8.260869565217391353e-01
8.291666666666667185e-01
8.931623931623932089e-01
8.205128205128204844e-01
8.319672131147540783e-01
8.174603174603174427e-01
7.715517241379310498e-01
8.487394957983193100e-01
8.806584362139917577e-01
8.408163265306122236e-01
8.033472803347280200e-01
8.588709677419354982e-01
8.008658008658008365e-01
8.481012658227847778e-01
8.083333333333333481e-01
8.305785123966942241e-01
8.016528925619834656e-01
8.583333333333332815e-01
7.605042016806722316e-01
7.795918367346938993e-01
8.529411764705882026e-01
8.744939271255061097e-01
8.174273858921161651e-01
7.727272727272727071e-01
8.232931726907630754e-01
8.271604938271605034e-01
8.089430894308943243e-01
7.800000000000000266e-01
8.228346456692913202e-01
8.189300411522634215e-01
8.032786885245901676e-01
8.185654008438818519e-01
8.033472803347280200e-01
8.326359832635983338e-01
8.174273858921161651e-01
8.661087866108786448e-01
8.495934959349593640e-01
8.319327731092437395e-01
7.738095238095238360e-01
8.275862068965517127e-01
8.220338983050847759e-01
8.266129032258064946e-01
8.212765957446808152e-01
8.223140495867768962e-01
7.735042735042735318e-01
8.464730290456431439e-01
8.215767634854771462e-01
7.866108786610879200e-01
8.257261410788381273e-01
8.000000000000000444e-01
8.410041841004184393e-01
7.983193277310924874e-01
8.311688311688312236e-01
8.583690987124463767e-01
8.354430379746835555e-01
7.918367346938774975e-01
8.040000000000000480e-01
8.405172413793103869e-01
8.285714285714286254e-01
8.008298755186722406e-01
7.721518987341772222e-01
8.601694915254237683e-01
8.347457627118644030e-01
7.831325301204818956e-01
8.298755186721992194e-01
8.553191489361702260e-01
8.044444444444444065e-01
7.983539094650206058e-01
8.499999999999999778e-01
7.950819672131147486e-01
8.369098712446352284e-01
7.574468085106382809e-01
8.535564853556485421e-01
8.142292490118576698e-01
8.436213991769547782e-01
7.967479674796748013e-01
8.093220338983050377e-01
8.717948717948718063e-01
8.249999999999999556e-01
8.360655737704918433e-01
8.688524590163934080e-01
8.158995815899581228e-01
8.617886178861788871e-01
7.735042735042735318e-01
8.495934959349593640e-01
7.695473251028807082e-01
7.831325301204818956e-01
8.514056224899598790e-01
8.252032520325203180e-01
8.249999999999999556e-01
7.903225806451612545e-01
8.237704918032786594e-01
8.801652892561983021e-01
8.312757201646090444e-01
7.763713080168775926e-01
8.217391304347826386e-01
8.174273858921161651e-01
7.959183673469387710e-01
8.359999999999999654e-01
8.148148148148147696e-01
8.734693877551020780e-01
8.159999999999999476e-01
8.451882845188284366e-01
8.158995815899581228e-01
8.270042194092827037e-01
8.686440677966101864e-01
8.530612244897959329e-01
8.425196850393700254e-01
8.227848101265823333e-01
8.518518518518518601e-01
8.508064516129032473e-01
8.292682926829267887e-01
7.968127490039840222e-01
7.975206611570248016e-01
8.796680497925311037e-01
8.875502008032128964e-01
8.277310924369747358e-01
8.065843621399176877e-01
7.467248908296942878e-01
8.135593220338983578e-01
8.340425531914893442e-01
8.040816326530612068e-01
8.048780487804878536e-01
7.627118644067796271e-01
8.000000000000000444e-01
8.347107438016528880e-01
7.974683544303797778e-01
8.000000000000000444e-01
8.613445378151260989e-01
8.278688524590164244e-01
8.401639344262294973e-01
7.824267782426778117e-01
7.941176470588234837e-01
8.318965517241379004e-01
8.117154811715481255e-01
8.340080971659918907e-01
8.091286307053942028e-01
8.244897959183673519e-01
8.333333333333333703e-01
8.652173913043478271e-01
8.672199170124481604e-01
8.173913043478261420e-01
8.361344537815126321e-01
8.196721311475410054e-01
8.008130081300812719e-01
7.817460317460317443e-01
8.860759493670885556e-01
7.907949790794979172e-01
7.489361702127659282e-01
7.918367346938774975e-01
7.942386831275720649e-01
8.674698795180723065e-01
8.626609442060085842e-01
8.535564853556485421e-01
8.271604938271605034e-01
8.140495867768594573e-01
8.669354838709677491e-01
8.625000000000000444e-01
8.408163265306122236e-01
8.318965517241379004e-01
7.921568627450980005e-01
8.051948051948052409e-01
8.103448275862068506e-01
8.438818565400844074e-01
7.804878048780488076e-01
8.487394957983193100e-01
7.750000000000000222e-01
7.869565217391304435e-01
8.284518828451883365e-01
8.512396694214876547e-01
7.488986784140969633e-01
8.148148148148147696e-01
7.942386831275720649e-01
7.833333333333333259e-01
8.326359832635983338e-01
8.616600790513834207e-01
8.427419354838709964e-01
7.615062761506276034e-01
8.646288209606987074e-01
8.240343347639484950e-01
8.040000000000000480e-01
8.125000000000000000e-01
8.630705394190871793e-01
8.436213991769547782e-01
8.181818181818182323e-01
7.731092436974790205e-01
8.333333333333333703e-01
8.073770491803278215e-01
8.655462184873949916e-01
8.559670781893004010e-01
8.388429752066115519e-01
8.760000000000000009e-01
8.264462809917355601e-01
8.067226890756302726e-01
8.305084745762711940e-01
8.474576271186440302e-01
8.319327731092437395e-01
7.881355932203389925e-01
8.483606557377049162e-01
8.583690987124463767e-01
8.135593220338983578e-01
8.388429752066115519e-01
7.758620689655172376e-01
8.455284552845528934e-01
8.140495867768594573e-01
8.291666666666667185e-01
8.050847457627118287e-01
8.869565217391304213e-01
8.666666666666666963e-01
8.347107438016528880e-01
8.719008264462809743e-01
8.381742738589211816e-01
8.464730290456431439e-01
8.242677824267782283e-01
8.041666666666666963e-01
8.257261410788381273e-01
8.255319148936169915e-01
8.083333333333333481e-01
8.481012658227847778e-01
8.273092369477911268e-01
8.755020080321285203e-01
7.877551020408163351e-01
7.983193277310924874e-01
8.008849557522124130e-01
8.403361344537815247e-01
7.717842323651452618e-01
7.801724137931034253e-01
7.541666666666666519e-01
8.427419354838709964e-01
7.983539094650206058e-01
8.134920634920634885e-01
8.220338983050847759e-01
8.312757201646090444e-01
8.163265306122449161e-01
7.500000000000000000e-01
8.326359832635983338e-01
7.941176470588234837e-01
8.155737704918032405e-01
8.448275862068965747e-01
8.410041841004184393e-01
8.192771084337349130e-01
7.909836065573770947e-01
8.382978723404255206e-01
8.506224066390041250e-01
8.252032520325203180e-01
8.230452674897119625e-01
8.571428571428570953e-01
8.091286307053942028e-01
8.025210084033613800e-01
7.903225806451612545e-01
8.326359832635983338e-01
8.193277310924369505e-01
8.362068965517240882e-01
8.237704918032786594e-01
8.416666666666666741e-01
8.235294117647058432e-01
8.559322033898305593e-01
8.306451612903226200e-01
8.170731707317072656e-01
8.208333333333333037e-01
8.017241379310344751e-01
8.099173553719007934e-01
8.613445378151260989e-01
8.879668049792530660e-01
7.644628099173553792e-01
8.297872340425531679e-01
8.264462809917355601e-01
8.898305084745762317e-01
8.305785123966942241e-01
8.212765957446808152e-01
8.257261410788381273e-01
8.277310924369747358e-01
8.278688524590164244e-01
8.166666666666666519e-01
8.076923076923077094e-01
8.016528925619834656e-01
7.935222672064777827e-01
8.510638297872340496e-01
8.478260869565217295e-01
9.106382978723404076e-01
8.565737051792828849e-01
7.606837606837606458e-01
8.793103448275861878e-01
8.481012658227847778e-01
7.983539094650206058e-01
8.347107438016528880e-01
8.340248962655602005e-01
8.070866141732283561e-01
8.264462809917355601e-01
8.105726872246695747e-01
8.215767634854771462e-01
8.024691358024691468e-01
8.347457627118644030e-01
8.306451612903226200e-01
7.720000000000000195e-01
8.181818181818182323e-01
7.468354430379746667e-01
8.846153846153845812e-01
7.911646586345381094e-01
8.333333333333333703e-01
8.177966101694915668e-01
8.024691358024691468e-01
7.416666666666666963e-01
7.874999999999999778e-01
7.949790794979079145e-01
7.923728813559322015e-01
8.577405857740585393e-01
8.804780876494023856e-01
8.702928870292887531e-01
8.770491803278688270e-01
8.192771084337349130e-01
8.436213991769547782e-01
8.185483870967742437e-01
8.340425531914893442e-01
8.497854077253218508e-01
7.874999999999999778e-01
7.983539094650206058e-01
8.382978723404255206e-01
8.518518518518518601e-01
8.641975308641974829e-01
8.242677824267782283e-01
8.305785123966942241e-01
7.685950413223140432e-01
8.196721311475410054e-01
7.899159663865545911e-01
8.132780082987551840e-01
8.140495867768594573e-01
8.239999999999999547e-01
8.106995884773662286e-01
8.354978354978355171e-01
8.177966101694915668e-01
8.181818181818182323e-01
8.065843621399176877e-01
7.804878048780488076e-01
8.117154811715481255e-01
8.362068965517240882e-01
8.808510638297872841e-01
8.040000000000000480e-01
8.212765957446808152e-01
8.319999999999999618e-01
8.367346938775510612e-01
7.773279352226720729e-01
7.914893617021276917e-01
8.267716535433070613e-01
8.755364806866953176e-01
8.405172413793103869e-01
8.373983739837398410e-01
8.380566801619433459e-01
7.894736842105263275e-01
7.866108786610879200e-01
8.606557377049179891e-01
8.170731707317072656e-01
8.270042194092827037e-01
8.000000000000000444e-01
8.032128514056224855e-01
8.445378151260504174e-01
8.083333333333333481e-01
8.095238095238095344e-01
8.448275862068965747e-01
8.207171314741036339e-01
8.040816326530612068e-01
8.373983739837398410e-01
8.410041841004184393e-01
8.299595141700404355e-01
8.130434782608695343e-01
8.211382113821138473e-01
8.387096774193548709e-01
8.230452674897119625e-01
8.333333333333333703e-01
8.155737704918032405e-01
8.291666666666667185e-01
7.896825396825396526e-01
8.225806451612903691e-01
8.242677824267782283e-01
7.366255144032921587e-01
8.059071729957806296e-01
8.298755186721992194e-01
8.297872340425531679e-01
8.040816326530612068e-01
8.117154811715481255e-01
7.966101694915254106e-01
8.536585365853658347e-01
8.270042194092827037e-01
8.122448979591836427e-01
8.067226890756302726e-01
7.983539094650206058e-01
7.727272727272727071e-01
7.851239669421488099e-01
8.227848101265823333e-01
8.253968253968253510e-01
8.333333333333333703e-01
8.432203389830508211e-01
7.265306122448980108e-01
8.266129032258064946e-01
8.040816326530612068e-01
7.827868852459016757e-01
8.143459915611814814e-01
7.732793522267206177e-01
8.381742738589211816e-01
7.862903225806451291e-01
8.319327731092437395e-01
7.913043478260869401e-01
8.024193548387096309e-01
8.408163265306122236e-01
8.361344537815126321e-01
8.212765957446808152e-01
8.242677824267782283e-01
7.860082304526748720e-01
8.049792531120332217e-01
8.395061728395061262e-01
8.416666666666666741e-01
8.432203389830508211e-01
8.693877551020408045e-01
7.649572649572649041e-01
8.212765957446808152e-01
7.966804979253111485e-01
7.918367346938774975e-01
8.132780082987551840e-01
8.306451612903226200e-01
7.750000000000000222e-01
8.399999999999999689e-01
8.125000000000000000e-01
8.595744680851064023e-01
8.512396694214876547e-01
7.948717948717948234e-01
8.326530612244897878e-01
8.486055776892430513e-01
8.178137651821861809e-01
8.304347826086956319e-01
8.205128205128204844e-01
7.909836065573770947e-01
8.702928870292887531e-01
8.448979591836734970e-01
8.114035087719297934e-01
8.818565400843881852e-01
7.939914163090128207e-01
8.189300411522634215e-01
8.524590163934425702e-01
8.299595141700404355e-01
8.067226890756302726e-01
8.305785123966942241e-01
7.740585774058577062e-01
8.112449799196786993e-01
7.850877192982456121e-01
8.776371308016878148e-01
8.516949152542372392e-01
8.235294117647058432e-01
7.647058823529411242e-01
8.093220338983050377e-01
8.040816326530612068e-01
7.975708502024291269e-01
7.773279352226720729e-01
8.212765957446808152e-01
8.228346456692913202e-01
7.747035573122529328e-01
7.881355932203389925e-01
8.008298755186722406e-01
8.181818181818182323e-01
8.675213675213675479e-01
8.312757201646090444e-01
8.297872340425531679e-01
8.607594936708861111e-01
8.237704918032786594e-01
8.312236286919830741e-01
8.189300411522634215e-01
8.529411764705882026e-01
8.380566801619433459e-01
8.666666666666666963e-01
8.097165991902833815e-01
7.892561983471074738e-01
8.559670781893004010e-01
8.588709677419354982e-01
8.608695652173913304e-01
8.691983122362869629e-01
8.433734939759036653e-01
8.486055776892430513e-01
8.050847457627118287e-01
8.255319148936169915e-01
7.754237288135593653e-01
8.347107438016528880e-01
8.221343873517786838e-01
8.290598290598291120e-01
8.518518518518518601e-01
9.149797570850202177e-01
8.040000000000000480e-01
8.381742738589211816e-01
8.122448979591836427e-01
8.286852589641434674e-01
7.887931034482759118e-01
8.669354838709677491e-01
8.087649402390437725e-01
8.032128514056224855e-01
8.362068965517240882e-01
8.025210084033613800e-01
8.138528138528138278e-01
8.273092369477911268e-01
8.091286307053942028e-01
8.841201716738197325e-01
8.125000000000000000e-01
7.848101265822784445e-01
7.942386831275720649e-01
8.577586206896551380e-01
8.438818565400844074e-01
7.817460317460317443e-01
8.595041322314049825e-01
8.127659574468084624e-01
8.326359832635983338e-01
8.104838709677418818e-01
8.461538461538461453e-01
8.340425531914893442e-01
8.277310924369747358e-01
8.101265822784810000e-01
8.211382113821138473e-01
8.499999999999999778e-01
8.429752066115702158e-01
8.401639344262294973e-01
8.373983739837398410e-01
7.916666666666666297e-01
8.235294117647058432e-01
8.559670781893004010e-01
8.185654008438818519e-01
8.313253012048192891e-01
8.041666666666666963e-01
8.257261410788381273e-01
7.967479674796748013e-01
8.154506437768240801e-01
8.458333333333333259e-01
7.909836065573770947e-01
8.306451612903226200e-01
8.629032258064516236e-01
8.000000000000000444e-01
8.535564853556485421e-01
8.262711864406779849e-01
8.143459915611814814e-01
7.573221757322176062e-01
8.117647058823529438e-01
8.625000000000000444e-01
8.499999999999999778e-01
8.798283261802575250e-01
8.755364806866953176e-01
8.448275862068965747e-01
8.427419354838709964e-01
8.283261802575107025e-01
8.395061728395061262e-01
7.932489451476792963e-01
8.744939271255061097e-01
8.297872340425531679e-01
8.554216867469879304e-01
8.387096774193548709e-01
8.471074380165288797e-01
7.796610169491525744e-01
8.577405857740585393e-01
8.416666666666666741e-01
8.471074380165288797e-01
8.252032520325203180e-01
8.155737704918032405e-01
8.528138528138528018e-01
8.504273504273504036e-01
8.034188034188034511e-01
8.170731707317072656e-01
8.089430894308943243e-01
8.340080971659918907e-01
7.974683544303797778e-01
8.148148148148147696e-01
8.103448275862068506e-01
