9.754098360655737432e-01
9.659574468085105892e-01
9.877551020408162907e-01
9.668049792531120401e-01
9.710743801652892415e-01
8.132780082987551840e-01
9.628099173553719137e-01
7.543103448275861878e-01
9.878048780487804770e-01
9.791666666666666297e-01
9.876033057851240082e-01
9.876543209876542662e-01
9.787234042553191182e-01
9.713114754098360892e-01
9.623430962343095807e-01
9.958847736625514591e-01
9.832635983263597890e-01
9.791666666666666297e-01
9.784482758620689502e-01
1.000000000000000000e+00
9.658119658119658224e-01
7.095435684647303232e-01
9.879518072289156239e-01
9.918367346938775642e-01
9.877049180327869271e-01
9.915611814345991482e-01
9.574468085106383475e-01
9.741379310344827624e-01
9.745762711864406347e-01
9.837398373983740063e-01
9.626556016597510590e-01
9.696969696969697239e-01
9.755102040816326925e-01
9.838056680161942902e-01
9.725490196078431238e-01
9.754098360655737432e-01
9.754098360655737432e-01
9.784482758620689502e-01
9.758064516129032473e-01
9.917012448132780378e-01
9.873949579831933221e-01
9.800796812749004161e-01
9.797570850202429460e-01
9.960317460317460458e-01
9.829059829059828557e-01
9.795918367346938549e-01
9.800796812749004161e-01
9.743589743589743390e-01
9.757085020242914908e-01
9.679999999999999716e-01
9.795081967213115082e-01
9.744680851063829419e-01
9.789915966386554258e-01
9.755102040816326925e-01
9.838056680161942902e-01
9.839999999999999858e-01
9.674796747967480126e-01
9.959016393442623460e-01
8.016194331983805821e-01
9.836734693877551283e-01
9.749999999999999778e-01
9.873417721518987777e-01
9.755102040816326925e-01
9.915611814345991482e-01
9.793388429752065694e-01
9.830508474576271638e-01
9.714285714285714191e-01
9.563318777292576511e-01
9.960159362549800832e-01
9.746835443037974445e-01
9.666666666666666741e-01
9.758064516129032473e-01
9.915254237288135819e-01
9.535864978902953704e-01
9.957627118644067910e-01
9.877551020408162907e-01
9.663865546218487479e-01
9.672131147540983243e-01
9.874476987447698972e-01
9.959349593495935293e-01
9.915254237288135819e-01
9.834710743801653443e-01
9.874476987447698972e-01
9.756097560975609539e-01
9.878048780487804770e-01
8.388429752066115519e-01
9.747899159663865332e-01
9.756097560975609539e-01
9.794238683127571843e-01
9.833333333333332815e-01
9.711934156378601024e-01
9.878542510121457454e-01
9.835390946502057252e-01
9.876033057851240082e-01
9.799196787148594101e-01
9.843750000000000000e-01
9.837398373983740063e-01
9.718875502008031964e-01
9.791666666666666297e-01
9.875000000000000444e-01
9.829059829059828557e-01
9.915966386554622147e-01
9.876033057851240082e-01
9.838056680161942902e-01
9.672131147540983243e-01
9.870689655172413257e-01
9.617021276595744128e-01
9.878048780487804770e-01
9.914529914529914834e-01
9.870689655172413257e-01
9.696969696969697239e-01
9.748953974895397945e-01
9.794238683127571843e-01
9.749999999999999778e-01
9.588477366255143686e-01
7.881355932203389925e-01
9.791666666666666297e-01
9.914529914529914834e-01
9.878542510121457454e-01
9.838709677419354982e-01
9.914893617021276473e-01
9.916317991631798945e-01
9.872881355932203729e-01
9.916317991631798945e-01
9.799999999999999822e-01
9.875518672199170567e-01
9.718875502008031964e-01
9.792531120331949834e-01
9.914529914529914834e-01
9.875000000000000444e-01
9.833333333333332815e-01
9.874476987447698972e-01
9.876543209876542662e-01
9.625000000000000222e-01
9.718875502008031964e-01
9.792531120331949834e-01
9.918367346938775642e-01
9.877551020408162907e-01
9.638554216867469826e-01
9.798387096774193727e-01
9.666666666666666741e-01
9.876033057851240082e-01
9.703389830508474256e-01
9.830508474576271638e-01
9.836065573770491621e-01
9.758064516129032473e-01
9.837398373983740063e-01
9.681274900398406658e-01
9.748953974895397945e-01
9.837398373983740063e-01
9.838056680161942902e-01
9.716599190283400356e-01
9.628099173553719137e-01
7.264957264957264682e-01
9.917012448132780378e-01
9.830508474576271638e-01
9.661016949152542166e-01
9.914893617021276473e-01
9.877551020408162907e-01
9.742489270386266442e-01
9.708333333333333259e-01
9.666666666666666741e-01
9.717741935483871218e-01
9.834710743801653443e-01
9.504132231404959219e-01
9.795081967213115082e-01
9.629629629629629095e-01
9.717741935483871218e-01
9.778761061946902311e-01
9.795081967213115082e-01
7.154811715481171897e-01
1.000000000000000000e+00
9.554655870445344368e-01
9.711934156378601024e-01
9.760956175298804993e-01
9.786324786324785974e-01
9.955947136563876310e-01
9.915611814345991482e-01
9.827586206896551380e-01
9.788135593220338437e-01
9.915254237288135819e-01
9.872881355932203729e-01
9.873949579831933221e-01
9.788135593220338437e-01
9.716599190283400356e-01
9.574468085106383475e-01
9.789029535864979259e-01
9.670781893004115615e-01
9.876543209876542662e-01
9.801587301587301182e-01
9.870689655172413257e-01
9.878542510121457454e-01
9.917355371900826722e-01
9.831223628691982963e-01
9.576271186440677985e-01
1.000000000000000000e+00
9.911111111111111649e-01
9.831932773109243184e-01
9.581589958158995834e-01
9.788135593220338437e-01
9.707112970711296862e-01
9.753086419753086433e-01
9.829059829059828557e-01
9.716599190283400356e-01
9.665271966527196890e-01
9.833333333333332815e-01
9.788135593220338437e-01
1.000000000000000000e+00
9.586776859504132497e-01
9.672131147540983243e-01
9.873949579831933221e-01
9.552845528455284896e-01
9.506172839506172867e-01
9.832635983263597890e-01
9.919028340080972006e-01
9.831223628691982963e-01
9.795081967213115082e-01
9.915966386554622147e-01
9.788135593220338437e-01
9.798387096774193727e-01
9.588477366255143686e-01
9.787234042553191182e-01
9.876543209876542662e-01
9.833333333333332815e-01
8.249999999999999556e-01
9.835390946502057252e-01
9.752066115702479054e-01
9.621848739495798553e-01
9.793388429752065694e-01
9.426229508196721785e-01
9.834024896265559645e-01
9.747899159663865332e-01
9.955752212389380462e-01
9.795081967213115082e-01
9.872881355932203729e-01
9.839357429718875725e-01
7.759336099585062430e-01
9.747899159663865332e-01
7.786561264822133843e-01
9.916317991631798945e-01
9.831223628691982963e-01
9.743589743589743390e-01
9.715447154471544833e-01
9.870129870129870087e-01
9.795081967213115082e-01
9.791666666666666297e-01
9.837398373983740063e-01
9.834710743801653443e-01
9.790794979079497917e-01
9.583333333333333703e-01
9.705882352941176405e-01
9.836065573770491621e-01
7.928286852589641054e-01
9.758064516129032473e-01
9.662447257383965926e-01
9.419087136929460424e-01
9.788135593220338437e-01
9.789915966386554258e-01
9.749999999999999778e-01
9.872340425531914709e-01
9.912663755458515080e-01
9.794238683127571843e-01
9.957627118644067910e-01
8.162393162393162260e-01
9.744680851063829419e-01
9.669421487603305776e-01
9.635627530364372362e-01
9.679999999999999716e-01
9.786324786324785974e-01
9.877551020408162907e-01
9.682539682539682557e-01
9.799196787148594101e-01
9.545454545454545858e-01
9.754098360655737432e-01
9.920634920634920917e-01
9.919999999999999929e-01
9.914163090128755851e-01
9.621848739495798553e-01
9.797570850202429460e-01
9.833333333333332815e-01
9.673469387755102566e-01
9.788135593220338437e-01
7.468879668049792642e-01
9.715447154471544833e-01
9.835390946502057252e-01
9.744680851063829419e-01
7.603305785123967153e-01
9.662447257383965926e-01
9.703389830508474256e-01
9.917355371900826722e-01
9.586776859504132497e-01
9.835390946502057252e-01
9.878048780487804770e-01
9.702127659574467655e-01
9.875518672199170567e-01
9.836734693877551283e-01
9.866071428571429047e-01
9.789915966386554258e-01
9.489361702127659948e-01
9.838056680161942902e-01
9.956521739130435034e-01
9.834024896265559645e-01
9.873417721518987777e-01
9.718875502008031964e-01
9.958158995815900028e-01
9.879518072289156239e-01
9.828326180257510591e-01
9.700854700854700807e-01
7.975708502024291269e-01
9.796747967479674246e-01
9.874476987447698972e-01
9.834024896265559645e-01
9.620253164556962222e-01
9.669421487603305776e-01
9.751037344398340023e-01
9.876033057851240082e-01
9.957805907172996296e-01
9.502074688796680046e-01
9.709543568464730212e-01
9.711934156378601024e-01
9.746835443037974445e-01
9.745762711864406347e-01
9.880478087649402497e-01
9.795918367346938549e-01
9.631147540983606703e-01
9.957627118644067910e-01
9.749999999999999778e-01
9.871244635193132666e-01
9.721115537848605825e-01
9.795081967213115082e-01
9.790794979079497917e-01
9.874476987447698972e-01
9.491525423728813804e-01
1.000000000000000000e+00
9.751037344398340023e-01
9.576271186440677985e-01
9.755102040816326925e-01
9.716599190283400356e-01
9.743589743589743390e-01
9.757085020242914908e-01
9.794238683127571843e-01
9.918032786885245811e-01
9.793388429752065694e-01
9.914529914529914834e-01
9.833333333333332815e-01
9.746835443037974445e-01
9.959349593495935293e-01
9.789029535864979259e-01
9.918699186991869476e-01
9.836734693877551283e-01
9.838709677419354982e-01
8.041666666666666963e-01
9.795081967213115082e-01
9.829787234042552946e-01
9.871244635193132666e-01
9.919028340080972006e-01
9.670781893004115615e-01
9.641434262948207490e-01
9.878048780487804770e-01
9.789029535864979259e-01
9.837398373983740063e-01
9.874476987447698972e-01
9.918367346938775642e-01
9.751037344398340023e-01
9.877049180327869271e-01
9.527896995708154959e-01
9.578059071729957408e-01
9.879032258064516236e-01
9.786324786324785974e-01
9.916666666666666963e-01
9.917012448132780378e-01
9.792531120331949834e-01
9.916666666666666963e-01
9.827586206896551380e-01
9.827586206896551380e-01
9.875000000000000444e-01
9.917012448132780378e-01
9.710743801652892415e-01
9.794238683127571843e-01
9.836734693877551283e-01
9.741379310344827624e-01
9.910714285714286031e-01
9.872881355932203729e-01
9.714285714285714191e-01
9.917355371900826722e-01
9.917355371900826722e-01
9.629629629629629095e-01
9.838709677419354982e-01
9.872881355932203729e-01
9.707112970711296862e-01
9.700854700854700807e-01
9.913793103448276245e-01
9.784482758620689502e-01
9.874476987447698972e-01
9.698275862068965747e-01
9.836065573770491621e-01
9.674796747967480126e-01
9.829059829059828557e-01
9.716599190283400356e-01
9.872881355932203729e-01
9.918032786885245811e-01
9.872881355932203729e-01
7.909836065573770947e-01
9.789029535864979259e-01
9.696969696969697239e-01
9.916317991631798945e-01
8.771186440677966045e-01
9.834710743801653443e-01
9.959183673469387266e-01
9.790794979079497917e-01
9.914529914529914834e-01
9.958333333333333481e-01
9.713114754098360892e-01
9.709543568464730212e-01
9.721115537848605825e-01
9.714285714285714191e-01
9.915966386554622147e-01
9.834024896265559645e-01
9.751037344398340023e-01
9.710743801652892415e-01
9.789029535864979259e-01
9.919678714859437862e-01
9.670781893004115615e-01
9.877551020408162907e-01
9.677419354838709964e-01
9.749999999999999778e-01
9.960629921259842590e-01
9.759036144578313587e-01
9.748953974895397945e-01
9.794238683127571843e-01
7.037037037037037202e-01
9.715447154471544833e-01
9.918032786885245811e-01
9.751037344398340023e-01
9.826086956521739024e-01
9.915966386554622147e-01
9.665271966527196890e-01
9.874476987447698972e-01
9.603524229074890117e-01
8.530612244897959329e-01
9.874476987447698972e-01
9.598393574297188202e-01
9.917012448132780378e-01
9.756097560975609539e-01
9.958158995815900028e-01
9.757085020242914908e-01
9.875000000000000444e-01
9.628099173553719137e-01
9.568965517241379004e-01
9.798387096774193727e-01
9.753086419753086433e-01
9.913043478260870067e-01
9.300411522633744710e-01
9.798387096774193727e-01
9.666666666666666741e-01
9.751037344398340023e-01
9.397590361445783413e-01
9.871244635193132666e-01
7.178423236514522854e-01
9.920318725099601664e-01
9.876033057851240082e-01
9.708333333333333259e-01
9.875518672199170567e-01
9.837398373983740063e-01
9.877049180327869271e-01
9.791666666666666297e-01
9.751037344398340023e-01
9.874476987447698972e-01
9.745762711864406347e-01
9.839999999999999858e-01
9.193548387096773800e-01
9.916317991631798945e-01
9.870129870129870087e-01
9.834024896265559645e-01
9.625000000000000222e-01
9.668049792531120401e-01
9.639999999999999680e-01
9.914529914529914834e-01
6.693877551020408490e-01
9.707112970711296862e-01
9.745762711864406347e-01
9.626556016597510590e-01
8.318965517241379004e-01
9.872340425531914709e-01
9.917695473251029181e-01
9.493670886075948889e-01
9.748953974895397945e-01
9.581589958158995834e-01
9.873949579831933221e-01
1.000000000000000000e+00
9.876543209876542662e-01
9.871794871794872250e-01
9.635627530364372362e-01
9.956896551724138122e-01
9.406779661016949623e-01
9.958333333333333481e-01
9.915611814345991482e-01
9.834024896265559645e-01
8.252032520325203180e-01
9.747899159663865332e-01
9.753086419753086433e-01
9.796747967479674246e-01
9.632653061224489832e-01
9.795918367346938549e-01
9.583333333333333703e-01
9.788135593220338437e-01
9.745762711864406347e-01
9.874476987447698972e-01
9.324894514767932963e-01
9.793388429752065694e-01
9.758064516129032473e-01
9.795081967213115082e-01
9.561752988047809154e-01
9.803149606299212948e-01
9.957081545064377925e-01
9.878542510121457454e-01
7.296137339055793758e-01
9.711934156378601024e-01
9.914893617021276473e-01
9.665271966527196890e-01
9.752066115702479054e-01
9.958333333333333481e-01
9.832635983263597890e-01
9.745762711864406347e-01
9.784482758620689502e-01
9.549180327868852514e-01
9.872340425531914709e-01
9.746835443037974445e-01
7.991803278688525136e-01
9.916666666666666963e-01
9.916666666666666963e-01
9.916666666666666963e-01
9.914893617021276473e-01
9.917695473251029181e-01
9.714285714285714191e-01
9.872881355932203729e-01
9.911894273127753729e-01
9.957983193277311074e-01
9.957081545064377925e-01
9.918032786885245811e-01
9.741379310344827624e-01
9.493670886075948889e-01
9.752066115702479054e-01
9.506172839506172867e-01
9.515418502202642737e-01
9.870689655172413257e-01
9.870129870129870087e-01
9.752066115702479054e-01
9.837398373983740063e-01
9.791666666666666297e-01
9.705882352941176405e-01
9.744680851063829419e-01
9.699570815450643257e-01
9.876033057851240082e-01
9.871794871794872250e-01
9.794238683127571843e-01
9.874476987447698972e-01
9.669421487603305776e-01
9.786324786324785974e-01
9.756097560975609539e-01
9.828326180257510591e-01
9.708333333333333259e-01
9.957446808510638236e-01
9.831223628691982963e-01
9.677419354838709964e-01
9.795918367346938549e-01
9.704641350210970741e-01
7.644628099173553792e-01
9.752066115702479054e-01
9.666666666666666741e-01
9.829059829059828557e-01
9.914163090128755851e-01
9.710743801652892415e-01
9.715447154471544833e-01
9.918699186991869476e-01
9.742489270386266442e-01
9.574468085106383475e-01
9.873949579831933221e-01
9.875518672199170567e-01
9.673469387755102566e-01
8.888888888888888395e-01
9.754098360655737432e-01
9.873949579831933221e-01
9.719999999999999751e-01
9.878542510121457454e-01
9.839357429718875725e-01
9.762845849802371800e-01
9.834024896265559645e-01
9.872881355932203729e-01
9.918032786885245811e-01
9.760956175298804993e-01
9.920318725099601664e-01
9.829059829059828557e-01
9.834710743801653443e-01
9.959016393442623460e-01
9.839357429718875725e-01
9.791666666666666297e-01
9.828326180257510591e-01
9.878542510121457454e-01
9.832635983263597890e-01
9.873417721518987777e-01
9.707112970711296862e-01
9.702127659574467655e-01
9.789029535864979259e-01
9.879518072289156239e-01
9.595141700404857810e-01
9.879032258064516236e-01
9.718875502008031964e-01
9.833333333333332815e-01
9.742489270386266442e-01
9.487179487179486781e-01
9.665271966527196890e-01
9.713114754098360892e-01
9.708333333333333259e-01
9.710743801652892415e-01
9.789029535864979259e-01
9.877049180327869271e-01
9.958158995815900028e-01
9.743589743589743390e-01
9.794238683127571843e-01
9.917012448132780378e-01
9.752066115702479054e-01
9.763779527559055538e-01
9.568965517241379004e-01
9.458333333333333037e-01
9.698275862068965747e-01
9.916317991631798945e-01
9.635627530364372362e-01
9.826839826839827152e-01
9.748953974895397945e-01
9.747899159663865332e-01
9.749999999999999778e-01
9.762845849802371800e-01
9.918032786885245811e-01
9.668049792531120401e-01
9.673469387755102566e-01
9.709543568464730212e-01
9.710743801652892415e-01
9.632653061224489832e-01
9.628099173553719137e-01
9.958506224066390189e-01
1.000000000000000000e+00
9.879032258064516236e-01
9.914163090128755851e-01
9.834024896265559645e-01
9.631147540983606703e-01
9.748953974895397945e-01
9.793388429752065694e-01
9.834710743801653443e-01
9.875518672199170567e-01
9.913793103448276245e-01
9.753086419753086433e-01
9.512195121951219079e-01
9.916317991631798945e-01
9.799999999999999822e-01
9.793388429752065694e-01
9.876033057851240082e-01
9.744680851063829419e-01
9.743589743589743390e-01
9.758064516129032473e-01
9.792531120331949834e-01
9.919028340080972006e-01
9.874476987447698972e-01
7.552742616033755185e-01
9.836734693877551283e-01
9.669421487603305776e-01
9.565217391304348116e-01
9.662447257383965926e-01
9.876033057851240082e-01
9.709543568464730212e-01
9.484978540772531774e-01
9.588477366255143686e-01
9.663865546218487479e-01
9.711934156378601024e-01
9.783549783549783108e-01
9.625000000000000222e-01
9.744680851063829419e-01
9.917695473251029181e-01
9.871244635193132666e-01
1.000000000000000000e+00
9.877049180327869271e-01
9.460580912863070235e-01
9.794238683127571843e-01
9.497907949790794779e-01
9.832635983263597890e-01
9.714285714285714191e-01
9.876543209876542662e-01
9.958506224066390189e-01
9.711934156378601024e-01
9.914163090128755851e-01
9.873417721518987777e-01
9.873417721518987777e-01
1.000000000000000000e+00
9.588477366255143686e-01
9.878048780487804770e-01
9.718875502008031964e-01
9.913793103448276245e-01
9.918032786885245811e-01
9.559999999999999609e-01
9.752066115702479054e-01
9.752066115702479054e-01
9.707112970711296862e-01
9.879999999999999893e-01
9.957446808510638236e-01
9.831223628691982963e-01
9.724409448818898127e-01
9.876033057851240082e-01
9.959183673469387266e-01
9.915611814345991482e-01
9.783549783549783108e-01
9.749999999999999778e-01
9.881889763779527769e-01
9.737991266375546351e-01
9.800796812749004161e-01
9.871794871794872250e-01
9.917695473251029181e-01
9.831223628691982963e-01
9.838709677419354982e-01
9.838709677419354982e-01
9.756097560975609539e-01
9.707112970711296862e-01
9.789029535864979259e-01
9.917012448132780378e-01
9.872881355932203729e-01
9.631147540983606703e-01
9.796747967479674246e-01
9.759036144578313587e-01
9.838709677419354982e-01
9.797570850202429460e-01
9.741379310344827624e-01
9.919678714859437862e-01
9.781659388646287701e-01
9.831932773109243184e-01
9.790794979079497917e-01
9.879518072289156239e-01
9.656652360515021183e-01
9.919678714859437862e-01
9.751037344398340023e-01
9.797570850202429460e-01
9.836065573770491621e-01
9.796747967479674246e-01
9.834024896265559645e-01
9.836065573770491621e-01
9.748953974895397945e-01
9.785407725321888517e-01
9.916317991631798945e-01
9.635627530364372362e-01
9.663865546218487479e-01
9.875000000000000444e-01
9.874476987447698972e-01
9.877049180327869271e-01
9.579831932773109626e-01
9.781659388646287701e-01
9.798387096774193727e-01
9.796747967479674246e-01
9.795081967213115082e-01
9.789915966386554258e-01
9.753086419753086433e-01
9.543568464730290968e-01
9.875000000000000444e-01
9.716599190283400356e-01
9.789915966386554258e-01
9.707112970711296862e-01
9.623430962343095807e-01
9.790794979079497917e-01
9.799196787148594101e-01
9.915611814345991482e-01
9.713114754098360892e-01
9.789029535864979259e-01
9.837398373983740063e-01
9.916666666666666963e-01
9.793388429752065694e-01
9.793388429752065694e-01
9.870689655172413257e-01
9.752066115702479054e-01
9.659574468085105892e-01
9.751037344398340023e-01
9.613733905579399108e-01
9.637096774193548709e-01
9.758064516129032473e-01
9.792531120331949834e-01
9.751037344398340023e-01
7.944664031620553013e-01
9.915254237288135819e-01
9.870689655172413257e-01
1.000000000000000000e+00
9.711934156378601024e-01
9.873417721518987777e-01
9.876033057851240082e-01
9.537815126050420700e-01
9.831932773109243184e-01
9.831223628691982963e-01
9.626556016597510590e-01
9.800796812749004161e-01
9.834710743801653443e-01
9.957983193277311074e-01
9.827586206896551380e-01
9.795081967213115082e-01
9.918699186991869476e-01
9.588477366255143686e-01
9.744680851063829419e-01
9.625000000000000222e-01
9.835390946502057252e-01
9.794238683127571843e-01
9.881422924901185345e-01
9.875518672199170567e-01
9.918032786885245811e-01
9.718875502008031964e-01
9.628099173553719137e-01
9.794238683127571843e-01
9.958333333333333481e-01
9.836065573770491621e-01
9.919028340080972006e-01
9.795081967213115082e-01
9.519999999999999574e-01
9.879032258064516236e-01
9.743589743589743390e-01
9.707112970711296862e-01
9.878542510121457454e-01
9.834024896265559645e-01
9.880478087649402497e-01
9.914529914529914834e-01
9.705882352941176405e-01
9.958847736625514591e-01
9.789915966386554258e-01
9.620253164556962222e-01
9.789029535864979259e-01
9.870129870129870087e-01
9.790794979079497917e-01
9.756097560975609539e-01
9.914163090128755851e-01
8.451882845188284366e-01
1.000000000000000000e+00
8.630705394190871793e-01
9.828326180257510591e-01
9.733333333333333837e-01
9.916317991631798945e-01
9.741379310344827624e-01
9.876543209876542662e-01
1.000000000000000000e+00
9.676113360323886914e-01
9.499999999999999556e-01
9.871244635193132666e-01
8.268398268398268192e-01
9.705882352941176405e-01
9.795081967213115082e-01
9.916666666666666963e-01
9.753086419753086433e-01
9.826086956521739024e-01
9.834024896265559645e-01
9.794238683127571843e-01
9.959839357429718376e-01
7.651821862348178183e-01
9.747899159663865332e-01
9.916317991631798945e-01
9.836065573770491621e-01
9.626556016597510590e-01
9.872340425531914709e-01
9.917012448132780378e-01
9.709543568464730212e-01
9.829787234042552946e-01
9.831932773109243184e-01
9.790794979079497917e-01
9.708333333333333259e-01
9.703389830508474256e-01
9.754098360655737432e-01
9.617021276595744128e-01
9.913043478260870067e-01
9.713114754098360892e-01
9.710743801652892415e-01
9.661016949152542166e-01
9.658119658119658224e-01
8.075313807531381283e-01
9.956896551724138122e-01
9.834710743801653443e-01
9.876033057851240082e-01
9.915254237288135819e-01
9.790794979079497917e-01
9.752066115702479054e-01
9.711934156378601024e-01
9.752066115702479054e-01
9.572649572649573058e-01
9.834024896265559645e-01
9.838056680161942902e-01
9.792531120331949834e-01
9.956331877729257540e-01
9.473684210526315264e-01
9.559999999999999609e-01
9.673469387755102566e-01
9.797570850202429460e-01
9.752066115702479054e-01
7.848101265822784445e-01
9.796747967479674246e-01
9.790794979079497917e-01
9.795081967213115082e-01
9.778761061946902311e-01
9.917012448132780378e-01
9.708333333333333259e-01
9.713114754098360892e-01
9.789029535864979259e-01
9.798387096774193727e-01
9.744680851063829419e-01
9.586776859504132497e-01
9.710743801652892415e-01
9.661016949152542166e-01
9.835390946502057252e-01
9.872881355932203729e-01
9.878542510121457454e-01
9.917355371900826722e-01
9.880952380952381375e-01
9.873949579831933221e-01
7.563025210084033390e-01
9.626556016597510590e-01
9.792531120331949834e-01
9.682539682539682557e-01
9.835390946502057252e-01
9.870129870129870087e-01
9.617021276595744128e-01
9.838056680161942902e-01
9.957446808510638236e-01
9.746835443037974445e-01
9.757085020242914908e-01
9.702127659574467655e-01
9.653679653679653194e-01
9.621848739495798553e-01
9.752066115702479054e-01
9.877551020408162907e-01
9.918367346938775642e-01
9.917355371900826722e-01
9.792531120331949834e-01
9.872340425531914709e-01
9.782608695652174058e-01
9.596774193548387455e-01
8.535564853556485421e-01
9.759999999999999787e-01
9.841897233201580830e-01
9.791666666666666297e-01
9.700854700854700807e-01
9.658119658119658224e-01
9.836065573770491621e-01
9.801587301587301182e-01
9.784482758620689502e-01
9.705882352941176405e-01
9.835390946502057252e-01
9.755102040816326925e-01
9.832635983263597890e-01
1.000000000000000000e+00
9.870129870129870087e-01
9.789029535864979259e-01
9.958333333333333481e-01
7.975206611570248016e-01
9.710743801652892415e-01
9.708333333333333259e-01
9.579831932773109626e-01
9.918367346938775642e-01
9.705882352941176405e-01
9.919028340080972006e-01
9.792531120331949834e-01
9.752066115702479054e-01
9.759036144578313587e-01
9.711934156378601024e-01
9.593495934959349603e-01
9.799999999999999822e-01
9.763779527559055538e-01
9.835390946502057252e-01
9.877049180327869271e-01
6.835443037974683334e-01
9.874476987447698972e-01
9.790794979079497917e-01
9.834024896265559645e-01
9.790794979079497917e-01
9.837398373983740063e-01
9.831932773109243184e-01
9.682539682539682557e-01
9.612068965517240882e-01
9.745762711864406347e-01
9.758064516129032473e-01
9.829787234042552946e-01
9.917355371900826722e-01
9.914529914529914834e-01
9.875518672199170567e-01
9.751037344398340023e-01
9.916317991631798945e-01
6.970954356846472688e-01
9.791666666666666297e-01
7.280334728033472924e-01
9.747899159663865332e-01
9.567099567099567325e-01
9.914163090128755851e-01
7.721518987341772222e-01
9.877551020408162907e-01
9.759999999999999787e-01
9.741379310344827624e-01
9.877551020408162907e-01
9.751037344398340023e-01
9.746835443037974445e-01
9.788135593220338437e-01
9.788135593220338437e-01
9.839357429718875725e-01
9.709543568464730212e-01
9.531914893617021711e-01
9.822222222222222188e-01
9.917695473251029181e-01
1.000000000000000000e+00
9.713114754098360892e-01
9.871244635193132666e-01
9.702127659574467655e-01
9.790794979079497917e-01
9.841897233201580830e-01
9.876543209876542662e-01
9.634146341463414309e-01
9.618644067796610075e-01
9.871794871794872250e-01
1.000000000000000000e+00
9.877049180327869271e-01
9.836065573770491621e-01
9.790794979079497917e-01
9.756097560975609539e-01
9.957264957264957417e-01
9.756097560975609539e-01
9.917695473251029181e-01
8.473895582329317167e-01
9.799196787148594101e-01
9.878048780487804770e-01
9.749999999999999778e-01
9.758064516129032473e-01
9.754098360655737432e-01
9.834710743801653443e-01
9.670781893004115615e-01
9.915611814345991482e-01
9.913043478260870067e-01
9.834024896265559645e-01
9.673469387755102566e-01
9.839999999999999858e-01
9.794238683127571843e-01
9.510204081632652739e-01
9.839999999999999858e-01
9.581589958158995834e-01
9.748953974895397945e-01
9.915611814345991482e-01
9.745762711864406347e-01
9.673469387755102566e-01
9.763779527559055538e-01
9.789029535864979259e-01
9.876543209876542662e-01
9.637096774193548709e-01
9.715447154471544833e-01
9.960159362549800832e-01
9.462809917355371470e-01
9.792531120331949834e-01
9.598393574297188202e-01
9.915966386554622147e-01
9.753086419753086433e-01
9.432314410480349132e-01
9.957627118644067910e-01
9.787234042553191182e-01
9.795918367346938549e-01
9.715447154471544833e-01
9.957627118644067910e-01
9.625000000000000222e-01
9.793388429752065694e-01
9.662447257383965926e-01
9.714285714285714191e-01
9.663865546218487479e-01
9.672131147540983243e-01
9.713114754098360892e-01
9.874476987447698972e-01
9.873949579831933221e-01
9.698275862068965747e-01
9.748953974895397945e-01
9.716599190283400356e-01
9.792531120331949834e-01
9.959183673469387266e-01
9.829059829059828557e-01
9.826086956521739024e-01
9.958506224066390189e-01
9.826086956521739024e-01
9.831932773109243184e-01
9.877049180327869271e-01
9.796747967479674246e-01
9.722222222222222099e-01
9.873417721518987777e-01
9.874476987447698972e-01
9.914893617021276473e-01
9.877551020408162907e-01
9.670781893004115615e-01
9.879518072289156239e-01
9.656652360515021183e-01
9.748953974895397945e-01
9.917695473251029181e-01
9.834710743801653443e-01
9.879032258064516236e-01
9.833333333333332815e-01
9.755102040816326925e-01
9.827586206896551380e-01
9.764705882352940902e-01
9.870129870129870087e-01
9.784482758620689502e-01
9.831223628691982963e-01
9.959349593495935293e-01
9.621848739495798553e-01
9.875000000000000444e-01
9.869565217391303991e-01
9.748953974895397945e-01
8.801652892561983021e-01
9.735682819383260078e-01
7.407407407407406996e-01
9.958847736625514591e-01
9.875000000000000444e-01
9.707112970711296862e-01
9.644268774703557146e-01
9.919354838709677491e-01
9.832635983263597890e-01
9.694323144104803891e-01
9.527896995708154959e-01
9.759999999999999787e-01
9.833333333333332815e-01
9.751037344398340023e-01
8.559670781893004010e-01
9.669421487603305776e-01
9.831932773109243184e-01
9.837398373983740063e-01
9.754098360655737432e-01
9.789915966386554258e-01
9.876543209876542662e-01
9.917355371900826722e-01
8.239999999999999547e-01
9.710743801652892415e-01
9.747899159663865332e-01
9.830508474576271638e-01
9.491525423728813804e-01
9.831932773109243184e-01
9.830508474576271638e-01
9.508196721311474864e-01
9.914163090128755851e-01
9.915254237288135819e-01
9.586776859504132497e-01
9.827586206896551380e-01
9.756097560975609539e-01
7.603305785123967153e-01
9.541666666666667185e-01
9.915254237288135819e-01
9.826086956521739024e-01
9.833333333333332815e-01
9.876033057851240082e-01
9.793388429752065694e-01
9.460580912863070235e-01
9.668049792531120401e-01
9.790794979079497917e-01
9.875000000000000444e-01
9.751037344398340023e-01
9.872340425531914709e-01
9.833333333333332815e-01
9.662447257383965926e-01
9.919678714859437862e-01
9.678714859437751450e-01
9.510204081632652739e-01
9.705882352941176405e-01
9.778761061946902311e-01
9.915966386554622147e-01
9.958506224066390189e-01
9.784482758620689502e-01
9.916666666666666963e-01
9.798387096774193727e-01
9.917695473251029181e-01
9.722222222222222099e-01
9.915254237288135819e-01
9.835390946502057252e-01
9.795918367346938549e-01
9.761904761904761640e-01
9.874476987447698972e-01
9.831932773109243184e-01
9.877049180327869271e-01
1.000000000000000000e+00
9.916317991631798945e-01
9.959839357429718376e-01
9.877049180327869271e-01
9.914893617021276473e-01
9.792531120331949834e-01
9.878048780487804770e-01
9.917695473251029181e-01
9.755102040816326925e-01
9.834024896265559645e-01
9.957983193277311074e-01
9.758064516129032473e-01
9.916317991631798945e-01
9.831932773109243184e-01
9.784482758620689502e-01
9.713114754098360892e-01
9.458333333333333037e-01
9.663865546218487479e-01
9.703389830508474256e-01
9.677419354838709964e-01
9.593495934959349603e-01
9.749999999999999778e-01
9.870689655172413257e-01
9.834710743801653443e-01
9.789915966386554258e-01
9.792531120331949834e-01
9.793388429752065694e-01
9.829787234042552946e-01
9.586776859504132497e-01
9.788135593220338437e-01
9.793388429752065694e-01
9.787234042553191182e-01
9.668049792531120401e-01
9.873949579831933221e-01
9.713114754098360892e-01
9.833333333333332815e-01
9.829059829059828557e-01
9.793388429752065694e-01
9.676113360323886914e-01
9.914893617021276473e-01
9.913043478260870067e-01
9.744680851063829419e-01
9.840637450199203329e-01
8.931623931623932089e-01
9.698275862068965747e-01
9.578059071729957408e-01
9.876543209876542662e-01
9.297520661157024913e-01
8.381742738589211816e-01
9.803149606299212948e-01
9.669421487603305776e-01
9.691629955947136388e-01
9.834024896265559645e-01
9.753086419753086433e-01
1.000000000000000000e+00
8.548387096774193727e-01
9.759999999999999787e-01
9.793388429752065694e-01
9.957805907172996296e-01
1.000000000000000000e+00
9.518072289156626065e-01
9.918699186991869476e-01
9.533898305084745894e-01
9.753086419753086433e-01
9.875000000000000444e-01
9.833333333333332815e-01
9.832635983263597890e-01
9.830508474576271638e-01
9.958158995815900028e-01
9.840637450199203329e-01
9.874476987447698972e-01
9.590163934426229053e-01
9.839357429718875725e-01
8.477366255144033191e-01
8.266129032258064946e-01
9.914893617021276473e-01
9.785407725321888517e-01
9.749999999999999778e-01
8.683127572016461349e-01
9.872340425531914709e-01
9.917695473251029181e-01
9.794238683127571843e-01
9.832635983263597890e-01
9.793388429752065694e-01
9.793388429752065694e-01
9.877049180327869271e-01
9.789915966386554258e-01
7.676348547717842807e-01
9.793388429752065694e-01
9.759999999999999787e-01
9.670781893004115615e-01
9.740259740259740173e-01
9.830508474576271638e-01
9.913419913419913021e-01
9.876543209876542662e-01
9.837398373983740063e-01
9.832635983263597890e-01
9.827586206896551380e-01
9.659574468085105892e-01
9.799999999999999822e-01
9.914893617021276473e-01
9.719999999999999751e-01
9.755102040816326925e-01
9.959514170040485448e-01
9.574468085106383475e-01
9.842519685039370358e-01
9.742489270386266442e-01
9.956896551724138122e-01
9.796747967479674246e-01
9.797570850202429460e-01
9.692982456140351033e-01
9.958158995815900028e-01
9.754098360655737432e-01
1.000000000000000000e+00
9.915611814345991482e-01
9.957446808510638236e-01
9.598393574297188202e-01
9.957983193277311074e-01
9.666666666666666741e-01
9.567099567099567325e-01
9.827586206896551380e-01
9.721115537848605825e-01
9.836734693877551283e-01
9.796747967479674246e-01
9.832635983263597890e-01
9.838056680161942902e-01
7.869565217391304435e-01
9.837398373983740063e-01
9.919354838709677491e-01
9.753086419753086433e-01
6.880341880341880323e-01
9.918032786885245811e-01
9.916666666666666963e-01
7.380952380952381375e-01
8.669354838709677491e-01
9.707112970711296862e-01
9.835390946502057252e-01
9.620253164556962222e-01
9.917012448132780378e-01
9.914893617021276473e-01
9.918367346938775642e-01
9.874476987447698972e-01
9.830508474576271638e-01
9.756097560975609539e-01
9.704641350210970741e-01
8.285714285714286254e-01
9.831932773109243184e-01
9.794238683127571843e-01
9.752066115702479054e-01
9.793388429752065694e-01
1.000000000000000000e+00
9.880952380952381375e-01
9.791666666666666297e-01
9.788135593220338437e-01
9.836734693877551283e-01
7.782258064516128782e-01
9.959183673469387266e-01
9.754098360655737432e-01
9.831223628691982963e-01
9.676113360323886914e-01
9.917012448132780378e-01
9.838709677419354982e-01
9.579831932773109626e-01
9.565217391304348116e-01
9.879032258064516236e-01
9.551020408163265474e-01
9.873949579831933221e-01
7.489361702127659282e-01
9.958158995815900028e-01
9.753086419753086433e-01
9.875518672199170567e-01
9.629629629629629095e-01
9.833333333333332815e-01
9.872881355932203729e-01
9.387755102040816757e-01
9.615384615384615641e-01
9.787234042553191182e-01
9.875518672199170567e-01
9.795918367346938549e-01
1.000000000000000000e+00
9.838709677419354982e-01
9.791666666666666297e-01
9.866666666666666918e-01
9.499999999999999556e-01
9.829787234042552946e-01
9.504132231404959219e-01
9.871794871794872250e-01
9.673469387755102566e-01
9.960159362549800832e-01
9.757085020242914908e-01
9.652173913043478048e-01
9.743589743589743390e-01
9.836065573770491621e-01
9.874476987447698972e-01
9.836734693877551283e-01
9.912280701754385692e-01
9.662447257383965926e-01
9.828326180257510591e-01
9.835390946502057252e-01
9.795081967213115082e-01
9.757085020242914908e-01
9.789915966386554258e-01
9.793388429752065694e-01
9.707112970711296862e-01
9.437751004016063927e-01
9.956140350877192846e-01
9.789029535864979259e-01
9.788135593220338437e-01
9.873949579831933221e-01
9.915966386554622147e-01
9.788135593220338437e-01
9.714285714285714191e-01
9.959514170040485448e-01
9.797570850202429460e-01
9.659574468085105892e-01
9.763779527559055538e-01
9.525691699604743601e-01
9.830508474576271638e-01
9.792531120331949834e-01
9.834710743801653443e-01
9.743589743589743390e-01
9.670781893004115615e-01
9.872340425531914709e-01
9.789029535864979259e-01
9.836065573770491621e-01
9.704641350210970741e-01
9.794238683127571843e-01
9.831932773109243184e-01
9.878542510121457454e-01
9.791666666666666297e-01
9.919028340080972006e-01
9.793388429752065694e-01
9.753086419753086433e-01
9.798387096774193727e-01
9.956521739130435034e-01
9.831223628691982963e-01
9.919678714859437862e-01
9.721115537848605825e-01
9.745762711864406347e-01
9.829787234042552946e-01
9.703389830508474256e-01
9.876033057851240082e-01
9.802371541501976315e-01
9.743589743589743390e-01
9.753086419753086433e-01
9.959514170040485448e-01
9.360000000000000542e-01
9.834024896265559645e-01
9.714285714285714191e-01
9.960159362549800832e-01
9.698275862068965747e-01
9.717741935483871218e-01
9.920318725099601664e-01
9.598393574297188202e-01
9.655172413793103869e-01
9.915966386554622147e-01
9.783549783549783108e-01
9.879518072289156239e-01
9.834024896265559645e-01
9.871244635193132666e-01
9.583333333333333703e-01
9.789029535864979259e-01
9.053497942386831143e-01
9.870689655172413257e-01
9.704641350210970741e-01
9.682539682539682557e-01
1.000000000000000000e+00
9.872340425531914709e-01
9.581589958158995834e-01
9.879032258064516236e-01
9.700854700854700807e-01
9.872340425531914709e-01
9.747899159663865332e-01
8.270042194092827037e-01
9.878048780487804770e-01
9.791666666666666297e-01
9.669421487603305776e-01
9.795081967213115082e-01
9.918699186991869476e-01
9.749999999999999778e-01
8.067226890756302726e-01
9.835390946502057252e-01
9.873417721518987777e-01
9.799196787148594101e-01
6.999999999999999556e-01
9.875518672199170567e-01
9.796747967479674246e-01
9.871244635193132666e-01
9.791666666666666297e-01
9.836065573770491621e-01
9.798387096774193727e-01
9.919354838709677491e-01
8.408163265306122236e-01
9.623430962343095807e-01
9.449152542372881713e-01
9.957805907172996296e-01
9.832635983263597890e-01
9.803921568627450567e-01
9.791666666666666297e-01
9.666666666666666741e-01
9.828326180257510591e-01
9.828326180257510591e-01
9.913793103448276245e-01
9.838709677419354982e-01
9.957081545064377925e-01
9.794238683127571843e-01
9.789029535864979259e-01
1.000000000000000000e+00
9.787234042553191182e-01
9.959839357429718376e-01
9.758064516129032473e-01
9.710743801652892415e-01
9.872881355932203729e-01
7.866108786610879200e-01
9.666666666666666741e-01
8.305785123966942241e-01
9.756097560975609539e-01
9.631147540983606703e-01
9.610389610389610260e-01
9.743589743589743390e-01
9.914529914529914834e-01
9.715447154471544833e-01
9.756097560975609539e-01
9.797570850202429460e-01
9.873417721518987777e-01
9.753086419753086433e-01
9.784482758620689502e-01
