8.852459016393442459e-01
8.468085106382978733e-01
8.734693877551020780e-01
8.423236514522821627e-01
8.512396694214876547e-01
8.713692946058091415e-01
8.264462809917355601e-01
8.922413793103448620e-01
8.617886178861788871e-01
8.583333333333332815e-01
8.512396694214876547e-01
8.436213991769547782e-01
8.680851063829787551e-01
8.688524590163934080e-01
8.158995815899581228e-01
8.683127572016461349e-01
8.828451882845188559e-01
8.791666666666666519e-01
9.137931034482759118e-01
8.389830508474576121e-01
8.675213675213675479e-01
8.298755186721992194e-01
7.510040160642570406e-01
9.020408163265306589e-01
8.401639344262294973e-01
8.691983122362869629e-01
8.680851063829787551e-01
8.577586206896551380e-01
8.771186440677966045e-01
8.495934959349593640e-01
8.630705394190871793e-01
8.874458874458874824e-01
8.122448979591836427e-01
8.299595141700404355e-01
8.509803921568627194e-01
8.032786885245901676e-01
8.319672131147540783e-01
8.362068965517240882e-01
8.588709677419354982e-01
8.796680497925311037e-01
8.613445378151260989e-01
8.406374501992032178e-01
8.582995951417003999e-01
8.968253968253968589e-01
8.376068376068376287e-01
8.448979591836734970e-01
8.167330677290837171e-01
8.974358974358974672e-01
7.732793522267206177e-01
8.080000000000000515e-01
8.565573770491803351e-01
8.510638297872340496e-01
8.445378151260504174e-01
8.775510204081632404e-01
8.340080971659918907e-01
8.120000000000000551e-01
8.414634146341463117e-01
8.278688524590164244e-01
8.461538461538461453e-01
7.714285714285714635e-01
8.000000000000000444e-01
8.143459915611814814e-01
8.448979591836734970e-01
8.143459915611814814e-01
8.925619834710744049e-01
8.983050847457627608e-01
8.285714285714286254e-01
8.908296943231440723e-01
8.605577689243028017e-01
8.734177215189873333e-01
8.249999999999999556e-01
8.588709677419354982e-01
8.940677966101694407e-01
8.396624472573839260e-01
8.389830508474576121e-01
8.489795918367346594e-01
7.983193277310924874e-01
8.483606557377049162e-01
8.410041841004184393e-01
8.536585365853658347e-01
9.067796610169491789e-01
8.760330578512396382e-01
8.410041841004184393e-01
8.211382113821138473e-01
8.983739837398373451e-01
8.223140495867768962e-01
8.235294117647058432e-01
8.252032520325203180e-01
8.930041152263374915e-01
8.249999999999999556e-01
8.888888888888888395e-01
8.785425101214574539e-01
8.847736625514402986e-01
8.553719008264463186e-01
8.313253012048192891e-01
8.085937500000000000e-01
8.658536585365853577e-01
8.634538152610441442e-01
8.625000000000000444e-01
8.874999999999999556e-01
8.974358974358974672e-01
8.361344537815126321e-01
8.553719008264463186e-01
8.582995951417003999e-01
8.606557377049179891e-01
8.491379310344827624e-01
8.680851063829787551e-01
8.617886178861788871e-01
8.717948717948718063e-01
8.534482758620689502e-01
8.225108225108225257e-01
8.117154811715481255e-01
8.683127572016461349e-01
8.333333333333333703e-01
8.436213991769547782e-01
8.093220338983050377e-01
8.874999999999999556e-01
8.205128205128204844e-01
8.380566801619433459e-01
8.951612903225806273e-01
8.638297872340425787e-01
8.702928870292887531e-01
8.389830508474576121e-01
8.326359832635983338e-01
9.000000000000000222e-01
8.215767634854771462e-01
8.433734939759036653e-01
8.630705394190871793e-01
9.017094017094017255e-01
8.458333333333333259e-01
7.916666666666666297e-01
8.828451882845188559e-01
8.683127572016461349e-01
8.916666666666667185e-01
8.433734939759036653e-01
8.340248962655602005e-01
8.326530612244897878e-01
8.897959183673469497e-01
8.795180722891565717e-01
8.951612903225806273e-01
8.833333333333333037e-01
8.842975206611570771e-01
8.432203389830508211e-01
8.898305084745762317e-01
8.729508196721311730e-01
8.467741935483871218e-01
8.495934959349593640e-01
8.047808764940238557e-01
8.619246861924686476e-01
8.292682926829267887e-01
8.502024291497976005e-01
8.137651821862348367e-01
8.595041322314049825e-01
8.589743589743589203e-01
8.630705394190871793e-01
8.516949152542372392e-01
8.601694915254237683e-01
8.765957446808511078e-01
8.653061224489796421e-01
9.313304721030042366e-01
8.416666666666666741e-01
7.833333333333333259e-01
8.467741935483871218e-01
8.512396694214876547e-01
8.595041322314049825e-01
8.360655737704918433e-01
8.148148148148147696e-01
8.346774193548387455e-01
7.876106194690265516e-01
8.770491803278688270e-01
8.368200836820083310e-01
8.582677165354331006e-01
8.461538461538461453e-01
8.395061728395061262e-01
8.565737051792828849e-01
8.803418803418803229e-01
9.074889867841409163e-01
9.029535864978902593e-01
8.922413793103448620e-01
8.177966101694915668e-01
8.050847457627118287e-01
8.474576271186440302e-01
8.781512605042016695e-01
8.771186440677966045e-01
7.894736842105263275e-01
8.680851063829787551e-01
7.763713080168775926e-01
8.888888888888888395e-01
8.600823045267489420e-01
7.976190476190476719e-01
8.793103448275861878e-01
8.502024291497976005e-01
8.264462809917355601e-01
8.185654008438818519e-01
8.347457627118644030e-01
7.764227642276422259e-01
8.488888888888889150e-01
8.109243697478991653e-01
8.451882845188284366e-01
8.559322033898305593e-01
8.368200836820083310e-01
8.847736625514402986e-01
8.675213675213675479e-01
8.866396761133603643e-01
8.953974895397489586e-01
8.208333333333333037e-01
8.305084745762711940e-01
7.975206611570248016e-01
8.801652892561983021e-01
8.442622950819672623e-01
8.571428571428570953e-01
8.739837398373984101e-01
8.847736625514402986e-01
8.493723849372385448e-01
8.785425101214574539e-01
8.312236286919830741e-01
8.565573770491803351e-01
8.277310924369747358e-01
8.305084745762711940e-01
8.588709677419354982e-01
8.353909465020575853e-01
8.680851063829787551e-01
8.559670781893004010e-01
8.541666666666666297e-01
8.791666666666666519e-01
8.683127572016461349e-01
8.388429752066115519e-01
8.571428571428570953e-01
8.636363636363636465e-01
8.360655737704918433e-01
9.087136929460580825e-01
8.865546218487394547e-01
8.584070796460177011e-01
8.565573770491803351e-01
8.305084745762711940e-01
8.152610441767068616e-01
8.589211618257260872e-01
8.319327731092437395e-01
8.695652173913043237e-01
8.577405857740585393e-01
8.607594936708861111e-01
8.333333333333333703e-01
8.739837398373984101e-01
8.398268398268398105e-01
8.934426229508196649e-01
8.708333333333333481e-01
8.617886178861788871e-01
8.760330578512396382e-01
8.242677824267782283e-01
8.874999999999999556e-01
8.781512605042016695e-01
8.729508196721311730e-01
8.605577689243028017e-01
8.548387096774193727e-01
8.312236286919830741e-01
8.713692946058091415e-01
8.686440677966101864e-01
8.025210084033613800e-01
8.541666666666666297e-01
8.340425531914893442e-01
8.122270742358078666e-01
8.641975308641974829e-01
8.474576271186440302e-01
8.418803418803418870e-01
8.510638297872340496e-01
8.925619834710744049e-01
8.461538461538461453e-01
8.719999999999999973e-01
8.418803418803418870e-01
8.244897959183673519e-01
9.007936507936508130e-01
8.433734939759036653e-01
8.264462809917355601e-01
8.278688524590164244e-01
8.174603174603174427e-01
8.479999999999999760e-01
8.412017167381974359e-01
8.235294117647058432e-01
8.137651821862348367e-01
8.916666666666667185e-01
8.734693877551020780e-01
8.940677966101694407e-01
8.381742738589211816e-01
8.780487804878048808e-01
8.477366255144033191e-01
8.468085106382978733e-01
8.057851239669421295e-01
8.354430379746835555e-01
7.881355932203389925e-01
8.760330578512396382e-01
8.512396694214876547e-01
8.353909465020575853e-01
8.292682926829267887e-01
8.638297872340425787e-01
8.340248962655602005e-01
8.571428571428570953e-01
9.062500000000000000e-01
8.319327731092437395e-01
8.808510638297872841e-01
8.634538152610441442e-01
