8.032786885245901676e-01
8.468085106382978733e-01
8.653061224489796421e-01
8.464730290456431439e-01
8.801652892561983021e-01
8.506224066390041250e-01
8.512396694214876547e-01
8.491379310344827624e-01
8.536585365853658347e-01
9.000000000000000222e-01
8.181818181818182323e-01
8.518518518518518601e-01
8.638297872340425787e-01
8.319672131147540783e-01
8.410041841004184393e-01
8.518518518518518601e-01
8.619246861924686476e-01
8.583333333333332815e-01
8.620689655172413257e-01
7.796610169491525744e-01
8.418803418803418870e-01
8.464730290456431439e-01
8.714859437751003579e-01
8.612244897959183687e-01
9.139344262295081567e-01
8.523206751054852592e-01
8.765957446808511078e-01
8.750000000000000000e-01
8.516949152542372392e-01
8.373983739837398410e-01
8.589211618257260872e-01
8.225108225108225257e-01
8.653061224489796421e-01
8.178137651821861809e-01
8.549019607843136859e-01
8.442622950819672623e-01
8.975409836065574298e-01
8.793103448275861878e-01
8.830645161290322509e-01
8.298755186721992194e-01
8.739495798319327768e-01
8.366533864541833010e-01
8.825910931174089091e-01
8.174603174603174427e-01
8.376068376068376287e-01
8.612244897959183687e-01
8.366533864541833010e-01
8.931623931623932089e-01
8.663967611336031993e-01
8.639999999999999902e-01
8.565573770491803351e-01
8.382978723404255206e-01
8.529411764705882026e-01
8.938775510204081121e-01
8.582995951417003999e-01
8.719999999999999973e-01
8.658536585365853577e-01
8.278688524590164244e-01
8.866396761133603643e-01
8.897959183673469497e-01
8.333333333333333703e-01
8.185654008438818519e-01
8.571428571428570953e-01
8.481012658227847778e-01
8.719008264462809743e-01
8.474576271186440302e-01
8.367346938775510612e-01
8.340611353711789855e-01
8.645418326693227185e-01
8.818565400843881852e-01
8.750000000000000000e-01
8.427419354838709964e-01
8.728813559322033955e-01
8.312236286919830741e-01
8.686440677966101864e-01
8.244897959183673519e-01
8.487394957983193100e-01
8.647540983606557541e-01
8.158995815899581228e-01
8.211382113821138473e-01
8.686440677966101864e-01
7.892561983471074738e-01
8.117154811715481255e-01
8.617886178861788871e-01
8.373983739837398410e-01
8.347107438016528880e-01
8.991596638655462437e-01
8.130081300813007950e-01
8.930041152263374915e-01
8.625000000000000444e-01
7.901234567901234129e-01
8.582995951417003999e-01
8.395061728395061262e-01
8.595041322314049825e-01
8.313253012048192891e-01
8.125000000000000000e-01
8.414634146341463117e-01
8.634538152610441442e-01
8.708333333333333481e-01
8.791666666666666519e-01
8.376068376068376287e-01
8.361344537815126321e-01
8.553719008264463186e-01
8.502024291497976005e-01
8.688524590163934080e-01
8.318965517241379004e-01
8.000000000000000444e-01
8.414634146341463117e-01
8.205128205128204844e-01
8.491379310344827624e-01
8.484848484848485084e-01
8.284518828451883365e-01
8.683127572016461349e-01
8.708333333333333481e-01
8.600823045267489420e-01
8.220338983050847759e-01
8.291666666666667185e-01
8.846153846153845812e-01
8.663967611336031993e-01
8.588709677419354982e-01
7.872340425531915153e-01
8.326359832635983338e-01
8.771186440677966045e-01
8.702928870292887531e-01
8.519999999999999796e-01
8.630705394190871793e-01
8.313253012048192891e-01
8.049792531120332217e-01
8.247863247863247427e-01
9.041666666666666741e-01
8.375000000000000222e-01
8.619246861924686476e-01
9.012345679012345734e-01
7.833333333333333259e-01
8.594377510040160928e-01
8.464730290456431439e-01
8.857142857142856762e-01
8.571428571428570953e-01
8.995983935742971616e-01
8.790322580645161255e-01
8.416666666666666741e-01
8.801652892561983021e-01
9.025423728813559698e-01
8.347457627118644030e-01
8.647540983606557541e-01
8.306451612903226200e-01
8.292682926829267887e-01
8.247011952191235507e-01
8.577405857740585393e-01
8.414634146341463117e-01
8.421052631578946901e-01
8.704453441295546545e-01
8.471074380165288797e-01
8.547008547008546619e-01
8.838174273858920849e-01
8.644067796610169774e-01
8.220338983050847759e-01
8.212765957446808152e-01
8.081632653061224802e-01
8.841201716738197325e-01
8.541666666666666297e-01
8.541666666666666297e-01
8.346774193548387455e-01
7.809917355371900349e-01
8.636363636363636465e-01
8.606557377049179891e-01
8.888888888888888395e-01
8.387096774193548709e-01
8.451327433628318397e-01
8.483606557377049162e-01
8.577405857740585393e-01
8.188976377952755792e-01
8.542510121457489447e-01
8.683127572016461349e-01
8.964143426294820527e-01
8.803418803418803229e-01
8.898678414096916622e-01
8.059071729957806296e-01
8.534482758620689502e-01
8.389830508474576121e-01
8.305084745762711940e-01
8.305084745762711940e-01
8.277310924369747358e-01
8.516949152542372392e-01
8.582995951417003999e-01
8.595744680851064023e-01
8.860759493670885556e-01
8.847736625514402986e-01
8.353909465020575853e-01
8.531746031746031411e-01
8.620689655172413257e-01
8.582995951417003999e-01
8.305785123966942241e-01
8.523206751054852592e-01
8.559322033898305593e-01
8.333333333333333703e-01
8.133333333333333526e-01
8.151260504201680579e-01
8.661087866108786448e-01
8.898305084745762317e-01
8.870292887029288531e-01
9.135802469135801962e-01
8.632478632478632896e-01
8.663967611336031993e-01
8.410041841004184393e-01
8.125000000000000000e-01
9.067796610169491789e-01
8.553719008264463186e-01
8.512396694214876547e-01
8.442622950819672623e-01
8.613445378151260989e-01
8.292682926829267887e-01
8.888888888888888395e-01
8.200836820083682310e-01
8.582995951417003999e-01
8.481012658227847778e-01
8.032786885245901676e-01
8.235294117647058432e-01
8.347457627118644030e-01
8.346774193548387455e-01
8.477366255144033191e-01
8.851063829787233495e-01
8.847736625514402986e-01
8.291666666666667185e-01
9.208333333333332815e-01
8.806584362139917577e-01
8.429752066115702158e-01
8.697478991596638842e-01
8.223140495867768962e-01
8.278688524590164244e-01
8.630705394190871793e-01
8.025210084033613800e-01
8.761061946902655162e-01
8.524590163934425702e-01
8.686440677966101864e-01
8.714859437751003579e-01
8.630705394190871793e-01
8.697478991596638842e-01
8.656126482213438722e-01
8.410041841004184393e-01
8.860759493670885556e-01
8.803418803418803229e-01
8.170731707317072656e-01
8.311688311688312236e-01
8.442622950819672623e-01
8.750000000000000000e-01
8.455284552845528934e-01
8.842975206611570771e-01
8.158995815899581228e-01
8.249999999999999556e-01
8.571428571428570953e-01
8.483606557377049162e-01
8.007968127490039389e-01
7.943548387096773800e-01
8.101265822784810000e-01
8.796680497925311037e-01
8.516949152542372392e-01
8.403361344537815247e-01
8.708333333333333481e-01
8.510638297872340496e-01
8.951965065502183183e-01
8.353909465020575853e-01
8.728813559322033955e-01
8.547008547008546619e-01
8.638297872340425787e-01
8.677685950413223104e-01
8.259109311740890913e-01
8.559999999999999831e-01
8.803418803418803229e-01
8.367346938775510612e-01
8.373015873015873245e-01
9.076305220883533753e-01
8.264462809917355601e-01
8.688524590163934080e-01
8.690476190476190688e-01
8.080000000000000515e-01
8.755364806866953176e-01
8.361344537815126321e-01
8.582995951417003999e-01
8.416666666666666741e-01
8.081632653061224802e-01
8.516949152542372392e-01
8.215767634854771462e-01
8.211382113821138473e-01
9.135802469135801962e-01
8.212765957446808152e-01
8.884297520661157410e-01
8.987341772151898889e-01
8.262711864406779849e-01
8.801652892561983021e-01
8.842975206611570771e-01
8.312757201646090444e-01
8.536585365853658347e-01
8.212765957446808152e-01
8.132780082987551840e-01
8.204081632653060785e-01
8.616071428571429047e-01
8.739495798319327768e-01
8.425531914893616969e-01
8.097165991902833815e-01
8.652173913043478271e-01
8.755186721991701226e-01
8.312236286919830741e-01
8.875502008032128964e-01
8.577405857740585393e-01
8.554216867469879304e-01
8.755364806866953176e-01
8.760683760683760646e-01
8.542510121457489447e-01
8.821138211382113514e-01
8.619246861924686476e-01
8.589211618257260872e-01
8.523206751054852592e-01
8.842975206611570771e-01
8.381742738589211816e-01
8.140495867768594573e-01
8.523206751054852592e-01
8.796680497925311037e-01
8.755186721991701226e-01
8.559670781893004010e-01
8.649789029535864815e-01
8.983050847457627608e-01
8.446215139442231346e-01
8.489795918367346594e-01
8.852459016393442459e-01
8.305084745762711940e-01
8.750000000000000000e-01
9.055793991416308808e-01
8.366533864541833010e-01
8.237704918032786594e-01
8.619246861924686476e-01
8.200836820083682310e-01
8.644067796610169774e-01
8.291666666666667185e-01
8.589211618257260872e-01
8.432203389830508211e-01
8.857142857142856762e-01
8.785425101214574539e-01
8.675213675213675479e-01
8.947368421052631637e-01
8.641975308641974829e-01
8.278688524590164244e-01
8.471074380165288797e-01
8.119658119658119677e-01
8.583333333333332815e-01
8.312236286919830741e-01
8.373983739837398410e-01
8.354430379746835555e-01
8.495934959349593640e-01
8.081632653061224802e-01
8.629032258064516236e-01
8.625000000000000444e-01
8.688524590163934080e-01
8.595744680851064023e-01
8.497854077253218508e-01
7.813765182186235281e-01
8.436213991769547782e-01
8.565737051792828849e-01
8.577235772357723054e-01
8.734177215189873333e-01
8.048780487804878536e-01
8.702928870292887531e-01
8.326530612244897878e-01
8.381742738589211816e-01
8.606557377049179891e-01
8.884120171673819399e-01
8.523206751054852592e-01
8.346774193548387455e-01
8.504273504273504036e-01
8.833333333333333037e-01
8.547717842323651061e-01
8.257261410788381273e-01
8.249999999999999556e-01
8.534482758620689502e-01
8.922413793103448620e-01
8.666666666666666963e-01
8.672199170124481604e-01
8.471074380165288797e-01
8.930041152263374915e-01
8.734693877551020780e-01
8.879310344827586743e-01
8.169642857142856984e-01
8.686440677966101864e-01
8.326530612244897878e-01
8.512396694214876547e-01
8.388429752066115519e-01
8.230452674897119625e-01
9.153225806451612545e-01
8.601694915254237683e-01
8.661087866108786448e-01
8.290598290598291120e-01
7.887931034482759118e-01
8.448275862068965747e-01
8.410041841004184393e-01
8.663793103448276245e-01
8.729508196721311730e-01
8.414634146341463117e-01
8.675213675213675479e-01
8.542510121457489447e-01
8.728813559322033955e-01
8.893442622950820109e-01
8.474576271186440302e-01
8.975409836065574298e-01
8.649789029535864815e-01
8.441558441558441039e-01
8.619246861924686476e-01
8.813559322033898136e-01
8.760330578512396382e-01
8.897959183673469497e-01
8.912133891213389614e-01
8.547008547008546619e-01
8.666666666666666963e-01
8.688524590163934080e-01
8.298755186721992194e-01
8.764940239043824688e-01
8.040816326530612068e-01
8.235294117647058432e-01
8.506224066390041250e-01
8.672199170124481604e-01
8.429752066115702158e-01
8.396624472573839260e-01
8.634538152610441442e-01
8.353909465020575853e-01
8.448979591836734970e-01
8.427419354838709964e-01
8.291666666666667185e-01
8.543307086614173596e-01
8.755020080321285203e-01
8.493723849372385448e-01
9.135802469135801962e-01
8.806584362139917577e-01
8.658536585365853577e-01
8.565573770491803351e-01
9.004149377593361203e-01
8.826086956521739246e-01
8.487394957983193100e-01
8.661087866108786448e-01
8.828451882845188559e-01
8.942731277533039203e-01
8.571428571428570953e-01
8.451882845188284366e-01
8.554216867469879304e-01
8.423236514522821627e-01
8.780487804878048808e-01
8.368200836820083310e-01
8.218623481781376361e-01
8.666666666666666963e-01
8.388429752066115519e-01
8.534482758620689502e-01
8.145161290322581182e-01
8.888888888888888395e-01
8.304347826086956319e-01
8.436213991769547782e-01
8.991935483870967527e-01
8.708333333333333481e-01
8.174273858921161651e-01
8.393574297188755029e-01
8.326180257510729099e-01
8.506224066390041250e-01
8.525896414342629681e-01
8.471074380165288797e-01
8.583333333333332815e-01
8.423236514522821627e-01
9.227642276422763912e-01
9.139344262295081567e-01
8.583333333333332815e-01
8.672199170124481604e-01
8.242677824267782283e-01
8.601694915254237683e-01
8.599999999999999867e-01
8.830645161290322509e-01
8.661087866108786448e-01
8.398268398268398105e-01
8.796680497925311037e-01
8.166666666666666519e-01
7.925311203319501674e-01
8.880000000000000115e-01
8.333333333333333703e-01
8.653061224489796421e-01
8.200836820083682310e-01
8.940677966101694407e-01
8.340248962655602005e-01
8.362068965517240882e-01
8.340425531914893442e-01
8.765432098765432167e-01
8.818565400843881852e-01
8.493723849372385448e-01
8.744769874476987503e-01
8.739495798319327768e-01
8.548387096774193727e-01
8.930041152263374915e-01
9.017094017094017255e-01
8.542510121457489447e-01
8.491379310344827624e-01
8.474576271186440302e-01
8.083333333333333481e-01
8.143459915611814814e-01
8.506224066390041250e-01
8.861788617886179331e-01
8.559322033898305593e-01
