8.524590163934425702e-01
9.021276595744680549e-01
8.938775510204081121e-01
8.838174273858920849e-01
8.099173553719007934e-01
9.045643153526971014e-01
8.429752066115702158e-01
8.362068965517240882e-01
9.065040650406503975e-01
9.166666666666666297e-01
8.925619834710744049e-01
8.847736625514402986e-01
9.276595744680851130e-01
7.950819672131147486e-01
8.117154811715481255e-01
9.176954732510288482e-01
9.372384937238493752e-01
8.708333333333333481e-01
8.577586206896551380e-01
8.771186440677966045e-01
9.059829059829059839e-01
9.004149377593361203e-01
8.755020080321285203e-01
8.775510204081632404e-01
8.893442622950820109e-01
8.860759493670885556e-01
8.808510638297872841e-01
8.836206896551723755e-01
8.686440677966101864e-01
9.268292682926829729e-01
9.128630705394190636e-01
8.874458874458874824e-01
8.857142857142856762e-01
8.663967611336031993e-01
7.843137254901960675e-01
8.237704918032786594e-01
8.401639344262294973e-01
8.706896551724138122e-01
8.870967741935483764e-01
9.045643153526971014e-01
9.117647058823529216e-01
8.007968127490039389e-01
8.906882591093117085e-01
8.650793650793651146e-01
9.017094017094017255e-01
8.204081632653060785e-01
8.486055776892430513e-01
8.205128205128204844e-01
8.663967611336031993e-01
8.399999999999999689e-01
8.893442622950820109e-01
8.382978723404255206e-01
8.781512605042016695e-01
8.326530612244897878e-01
8.825910931174089091e-01
9.160000000000000364e-01
8.658536585365853577e-01
9.057377049180327377e-01
9.392712550607287270e-01
9.142857142857142572e-01
8.499999999999999778e-01
9.198312236286919630e-01
9.306122448979591288e-01
8.691983122362869629e-01
9.214876033057851634e-01
9.237288135593220151e-01
9.224489795918366930e-01
9.170305676855895483e-01
9.003984063745019695e-01
8.818565400843881852e-01
8.750000000000000000e-01
8.629032258064516236e-01
7.923728813559322015e-01
8.902953586497890370e-01
8.813559322033898136e-01
8.816326530612245138e-01
7.941176470588234837e-01
8.934426229508196649e-01
9.121338912133891696e-01
8.983739837398373451e-01
9.152542372881355970e-01
8.677685950413223104e-01
9.414225941422593724e-01
8.008130081300812719e-01
8.617886178861788871e-01
8.842975206611570771e-01
9.159663865546218142e-01
8.943089430894308745e-01
8.724279835390946758e-01
8.166666666666666519e-01
8.765432098765432167e-01
8.663967611336031993e-01
8.765432098765432167e-01
8.305785123966942241e-01
8.915662650602409478e-01
8.906250000000000000e-01
8.495934959349593640e-01
8.795180722891565717e-01
8.833333333333333037e-01
9.083333333333333259e-01
8.632478632478632896e-01
8.739495798319327768e-01
8.925619834710744049e-01
9.028340080971659631e-01
8.647540983606557541e-01
8.750000000000000000e-01
7.489361702127659282e-01
8.252032520325203180e-01
8.760683760683760646e-01
8.922413793103448620e-01
7.792207792207792583e-01
9.414225941422593724e-01
8.683127572016461349e-01
8.916666666666667185e-01
8.641975308641974829e-01
8.855932203389830226e-01
8.874999999999999556e-01
9.059829059829059839e-01
9.149797570850202177e-01
8.669354838709677491e-01
8.340425531914893442e-01
8.158995815899581228e-01
8.262711864406779849e-01
9.121338912133891696e-01
8.199999999999999512e-01
8.589211618257260872e-01
9.196787148594377514e-01
8.921161825726141581e-01
9.059829059829059839e-01
8.583333333333332815e-01
8.791666666666666519e-01
9.163179916317991669e-01
9.176954732510288482e-01
9.208333333333332815e-01
9.076305220883533753e-01
9.004149377593361203e-01
8.163265306122449161e-01
8.612244897959183687e-01
8.313253012048192891e-01
9.112903225806451291e-01
8.541666666666666297e-01
9.008264462809917328e-01
8.559322033898305593e-01
8.983050847457627608e-01
8.811475409836065920e-01
9.112903225806451291e-01
9.065040650406503975e-01
8.605577689243028017e-01
8.870292887029288531e-01
9.024390243902439268e-01
8.906882591093117085e-01
8.785425101214574539e-01
8.181818181818182323e-01
9.188034188034187588e-01
8.547717842323651061e-01
9.152542372881355970e-01
8.008474576271186196e-01
9.319148936170212894e-01
8.612244897959183687e-01
8.798283261802575250e-01
8.625000000000000444e-01
8.750000000000000000e-01
8.750000000000000000e-01
8.016528925619834656e-01
9.256198347107438273e-01
8.483606557377049162e-01
8.518518518518518601e-01
8.669354838709677491e-01
8.761061946902655162e-01
8.073770491803278215e-01
9.079497907949790614e-01
9.251968503937008093e-01
9.109311740890688736e-01
8.724279835390946758e-01
8.884462151394422191e-01
8.760683760683760646e-01
8.237885462555065708e-01
8.734177215189873333e-01
9.008620689655172376e-01
9.194915254237288060e-01
8.601694915254237683e-01
9.067796610169491789e-01
8.361344537815126321e-01
8.855932203389830226e-01
9.028340080971659631e-01
8.468085106382978733e-01
9.198312236286919630e-01
9.094650205761316553e-01
8.559670781893004010e-01
8.968253968253968589e-01
9.008620689655172376e-01
8.542510121457489447e-01
8.429752066115702158e-01
9.156118143459915926e-01
8.262711864406779849e-01
8.577235772357723054e-01
8.800000000000000044e-01
9.033613445378151363e-01
8.953974895397489586e-01
8.940677966101694407e-01
8.995815899581589559e-01
8.436213991769547782e-01
8.547008547008546619e-01
8.542510121457489447e-01
9.037656903765690641e-01
9.291666666666666963e-01
8.771186440677966045e-01
8.966942148760330689e-01
8.512396694214876547e-01
8.729508196721311730e-01
8.193277310924369505e-01
9.552845528455284896e-01
9.012345679012345734e-01
8.075313807531381283e-01
9.433198380566801822e-01
9.282700421940928148e-01
8.606557377049179891e-01
8.529411764705882026e-01
8.898305084745762317e-01
8.225806451612903691e-01
8.971193415637860324e-01
8.680851063829787551e-01
9.053497942386831143e-01
8.041666666666666963e-01
8.666666666666666963e-01
8.930041152263374915e-01
8.429752066115702158e-01
8.529411764705882026e-01
8.925619834710744049e-01
8.524590163934425702e-01
8.796680497925311037e-01
9.075630252100840289e-01
8.805309734513274700e-01
8.688524590163934080e-01
8.771186440677966045e-01
8.714859437751003579e-01
8.298755186721992194e-01
9.201680672268907069e-01
8.616600790513834207e-01
8.995815899581589559e-01
8.481012658227847778e-01
9.102564102564102422e-01
8.739837398373984101e-01
8.874458874458874824e-01
8.811475409836065920e-01
8.791666666666666519e-01
8.495934959349593640e-01
8.553719008264463186e-01
8.744769874476987503e-01
8.416666666666666741e-01
8.529411764705882026e-01
8.442622950819672623e-01
8.804780876494023856e-01
8.669354838709677491e-01
9.240506329113924444e-01
9.004149377593361203e-01
9.152542372881355970e-01
9.243697478991597105e-01
8.208333333333333037e-01
8.978723404255318785e-01
8.777292576419214454e-01
8.683127572016461349e-01
8.983050847457627608e-01
9.102564102564102422e-01
9.063829787234042312e-01
9.049586776859503967e-01
9.068825910931174183e-01
8.639999999999999902e-01
8.632478632478632896e-01
8.489795918367346594e-01
8.373015873015873245e-01
8.232931726907630754e-01
8.223140495867768962e-01
8.524590163934425702e-01
8.571428571428570953e-01
8.840000000000000080e-01
8.454935622317596433e-01
8.109243697478991653e-01
8.056680161943320373e-01
8.958333333333333703e-01
8.653061224489796421e-01
8.135593220338983578e-01
8.464730290456431439e-01
8.048780487804878536e-01
8.683127572016461349e-01
9.191489361702127603e-01
8.884297520661157410e-01
9.071729957805907407e-01
9.152542372881355970e-01
8.842975206611570771e-01
9.049586776859503967e-01
9.176954732510288482e-01
9.024390243902439268e-01
9.063829787234042312e-01
8.589211618257260872e-01
9.020408163265306589e-01
9.330357142857143016e-01
9.327731092436974958e-01
8.765957446808511078e-01
9.149797570850202177e-01
9.086956521739130155e-01
8.921161825726141581e-01
8.565400843881856296e-01
8.835341365461847341e-01
8.702928870292887531e-01
8.273092369477911268e-01
8.583690987124463767e-01
8.290598290598291120e-01
8.987854251012146189e-01
9.146341463414634498e-01
8.284518828451883365e-01
9.045643153526971014e-01
8.987341772151898889e-01
9.090909090909090606e-01
9.128630705394190636e-01
8.842975206611570771e-01
8.481012658227847778e-01
8.630705394190871793e-01
8.921161825726141581e-01
8.312757201646090444e-01
9.113924050632911111e-01
9.110169491525423879e-01
8.725099601593625520e-01
8.734693877551020780e-01
8.934426229508196649e-01
8.093220338983050377e-01
8.541666666666666297e-01
8.969957081545064659e-01
8.964143426294820527e-01
9.016393442622950838e-01
8.912133891213389614e-01
8.786610878661087476e-01
8.177966101694915668e-01
8.499999999999999778e-01
8.962655601659751392e-01
8.940677966101694407e-01
8.775510204081632404e-01
8.987854251012146189e-01
7.735042735042735318e-01
8.947368421052631637e-01
8.971193415637860324e-01
8.606557377049179891e-01
8.925619834710744049e-01
8.675213675213675479e-01
8.416666666666666741e-01
8.734177215189873333e-01
8.943089430894308745e-01
9.113924050632911111e-01
9.065040650406503975e-01
8.653061224489796421e-01
8.790322580645161255e-01
8.874999999999999556e-01
9.180327868852459217e-01
8.765957446808511078e-01
8.969957081545064659e-01
9.028340080971659631e-01
8.683127572016461349e-01
8.167330677290837171e-01
9.268292682926829729e-01
8.902953586497890370e-01
8.861788617886179331e-01
9.330543933054393779e-01
8.775510204081632404e-01
9.045643153526971014e-01
8.770491803278688270e-01
9.098712446351930883e-01
9.156118143459915926e-01
8.870967741935483764e-01
8.675213675213675479e-01
9.250000000000000444e-01
9.004149377593361203e-01
8.755186721991701226e-01
9.124999999999999778e-01
8.965517241379310498e-01
9.137931034482759118e-01
9.250000000000000444e-01
8.962655601659751392e-01
9.338842975206611552e-01
9.053497942386831143e-01
8.367346938775510612e-01
8.836206896551723755e-01
8.437500000000000000e-01
9.025423728813559698e-01
9.102040816326530948e-01
8.140495867768594573e-01
9.214876033057851634e-01
8.518518518518518601e-01
8.991935483870967527e-01
8.855932203389830226e-01
8.661087866108786448e-01
8.931623931623932089e-01
9.137931034482759118e-01
7.715517241379310498e-01
8.744769874476987503e-01
8.793103448275861878e-01
9.139344262295081567e-01
8.780487804878048808e-01
8.547008547008546619e-01
8.906882591093117085e-01
9.152542372881355970e-01
8.934426229508196649e-01
9.110169491525423879e-01
8.729508196721311730e-01
8.818565400843881852e-01
8.614718614718614997e-01
9.288702928870292697e-01
8.728813559322033955e-01
8.966942148760330689e-01
8.857142857142856762e-01
9.414225941422593724e-01
9.529914529914529364e-01
9.124999999999999778e-01
8.852459016393442459e-01
9.128630705394190636e-01
8.486055776892430513e-01
8.693877551020408045e-01
8.907563025210084584e-01
8.589211618257260872e-01
9.045643153526971014e-01
9.462809917355371470e-01
8.649789029535864815e-01
8.594377510040160928e-01
9.465020576131687458e-01
9.183673469387755306e-01
8.911290322580645018e-01
8.541666666666666297e-01
9.173228346456693272e-01
9.156626506024095891e-01
8.493723849372385448e-01
8.559670781893004010e-01
8.847736625514402986e-01
9.024390243902439268e-01
9.385245901639344135e-01
8.879668049792530660e-01
8.478260869565217295e-01
8.781512605042016695e-01
9.121338912133891696e-01
8.661087866108786448e-01
8.414096916299559359e-01
8.448979591836734970e-01
9.037656903765690641e-01
8.915662650602409478e-01
8.962655601659751392e-01
8.902439024390244038e-01
7.949790794979079145e-01
9.190283400809716730e-01
9.041666666666666741e-01
8.305785123966942241e-01
9.137931034482759118e-01
8.104838709677418818e-01
8.518518518518518601e-01
8.565217391304348338e-01
8.106995884773662286e-01
9.072580645161290036e-01
8.916666666666667185e-01
8.672199170124481604e-01
9.156626506024095891e-01
8.669527896995707916e-01
8.340248962655602005e-01
8.964143426294820527e-01
8.140495867768594573e-01
9.124999999999999778e-01
9.128630705394190636e-01
8.943089430894308745e-01
9.139344262295081567e-01
8.249999999999999556e-01
8.755186721991701226e-01
8.410041841004184393e-01
8.686440677966101864e-01
8.880000000000000115e-01
9.193548387096773800e-01
8.493723849372385448e-01
8.354978354978355171e-01
8.340248962655602005e-01
8.958333333333333703e-01
8.672199170124481604e-01
9.040000000000000258e-01
8.760683760683760646e-01
8.693877551020408045e-01
8.828451882845188559e-01
8.898305084745762317e-01
9.045643153526971014e-01
8.793103448275861878e-01
7.744680851063829863e-01
8.888888888888888395e-01
8.438818565400844074e-01
9.414225941422593724e-01
9.121338912133891696e-01
8.823529411764705621e-01
8.629032258064516236e-01
8.888888888888888395e-01
8.119658119658119677e-01
7.854251012145748723e-01
9.353448275862068506e-01
8.898305084745762317e-01
8.416666666666666741e-01
8.818565400843881852e-01
7.966804979253111485e-01
8.333333333333333703e-01
8.771186440677966045e-01
