9.344262295081967595e-01
9.446808510638298184e-01
9.428571428571428381e-01
8.921161825726141581e-01
9.421487603305784830e-01
9.543568464730290968e-01
9.710743801652892415e-01
9.784482758620689502e-01
9.674796747967480126e-01
9.666666666666666741e-01
9.710743801652892415e-01
9.341563786008230119e-01
7.744680851063829863e-01
9.754098360655737432e-01
9.665271966527196890e-01
8.518518518518518601e-01
9.665271966527196890e-01
9.499999999999999556e-01
9.224137931034482873e-01
9.491525423728813804e-01
7.478632478632478708e-01
8.381742738589211816e-01
9.558232931726907688e-01
9.387755102040816757e-01
9.549180327868852514e-01
9.240506329113924444e-01
9.531914893617021711e-01
8.232758620689655249e-01
9.491525423728813804e-01
9.512195121951219079e-01
9.502074688796680046e-01
9.740259740259740173e-01
9.632653061224489832e-01
9.514170040485829816e-01
9.411764705882352811e-01
9.508196721311474864e-01
9.385245901639344135e-01
7.758620689655172376e-01
9.112903225806451291e-01
9.543568464730290968e-01
8.361344537815126321e-01
9.482071713147410819e-01
9.392712550607287270e-01
9.642857142857143016e-01
9.700854700854700807e-01
9.346938775510204023e-01
9.442231075697211651e-01
9.487179487179486781e-01
9.838056680161942902e-01
9.639999999999999680e-01
8.073770491803278215e-01
9.574468085106383475e-01
8.445378151260504174e-01
9.632653061224489832e-01
9.595141700404857810e-01
9.519999999999999574e-01
9.593495934959349603e-01
9.508196721311474864e-01
9.433198380566801822e-01
9.306122448979591288e-01
9.541666666666667185e-01
9.662447257383965926e-01
8.081632653061224802e-01
9.746835443037974445e-01
7.933884297520661377e-01
9.533898305084745894e-01
9.591836734693877098e-01
9.563318777292576511e-01
8.486055776892430513e-01
9.578059071729957408e-01
9.749999999999999778e-01
9.516129032258064946e-01
8.305084745762711940e-01
9.704641350210970741e-01
8.347457627118644030e-01
9.224489795918366930e-01
9.453781512605041737e-01
9.713114754098360892e-01
7.489539748953975007e-01
8.780487804878048808e-01
9.745762711864406347e-01
7.768595041322313710e-01
9.790794979079497917e-01
9.308943089430894435e-01
9.634146341463414309e-01
9.462809917355371470e-01
9.747899159663865332e-01
9.471544715447154372e-01
7.983539094650206058e-01
9.375000000000000000e-01
9.629629629629629095e-01
8.663967611336031993e-01
9.753086419753086433e-01
9.504132231404959219e-01
9.437751004016063927e-01
9.296875000000000000e-01
9.878048780487804770e-01
9.437751004016063927e-01
8.291666666666667185e-01
9.499999999999999556e-01
9.572649572649573058e-01
9.369747899159663884e-01
9.752066115702479054e-01
9.554655870445344368e-01
9.590163934426229053e-01
9.439655172413793371e-01
9.489361702127659948e-01
9.430894308943089666e-01
9.786324786324785974e-01
9.267241379310344751e-01
7.705627705627705604e-01
7.782426778242678145e-01
9.506172839506172867e-01
9.416666666666666519e-01
9.465020576131687458e-01
8.135593220338983578e-01
9.541666666666667185e-01
9.572649572649573058e-01
9.514170040485829816e-01
9.596774193548387455e-01
9.617021276595744128e-01
6.987447698744769786e-01
9.406779661016949623e-01
9.330543933054393779e-01
9.160000000000000364e-01
9.294605809128630991e-01
9.317269076305221276e-01
9.543568464730290968e-01
9.700854700854700807e-01
9.458333333333333037e-01
9.791666666666666297e-01
9.958158995815900028e-01
9.711934156378601024e-01
9.625000000000000222e-01
9.397590361445783413e-01
9.170124481327800448e-01
9.387755102040816757e-01
8.897959183673469497e-01
9.477911646586345551e-01
8.588709677419354982e-01
9.666666666666666741e-01
9.421487603305784830e-01
9.576271186440677985e-01
8.516949152542372392e-01
9.426229508196721785e-01
9.475806451612903691e-01
9.227642276422763912e-01
9.840637450199203329e-01
9.539748953974895862e-01
7.642276422764228139e-01
9.554655870445344368e-01
9.554655870445344368e-01
8.016528925619834656e-01
9.529914529914529364e-01
9.419087136929460424e-01
9.576271186440677985e-01
9.449152542372881713e-01
8.297872340425531679e-01
7.714285714285714635e-01
8.412017167381974359e-01
9.375000000000000000e-01
7.791666666666666741e-01
9.677419354838709964e-01
9.545454545454545858e-01
9.462809917355371470e-01
9.385245901639344135e-01
9.465020576131687458e-01
9.919354838709677491e-01
8.451327433628318397e-01
7.991803278688525136e-01
9.581589958158995834e-01
9.291338582677165503e-01
9.271255060728744724e-01
9.506172839506172867e-01
7.928286852589641054e-01
9.658119658119658224e-01
9.867841409691630039e-01
9.324894514767932963e-01
9.655172413793103869e-01
9.364406779661016422e-01
9.110169491525423879e-01
9.703389830508474256e-01
9.285714285714286031e-01
8.008474576271186196e-01
9.635627530364372362e-01
9.276595744680851130e-01
9.493670886075948889e-01
8.436213991769547782e-01
9.588477366255143686e-01
9.563492063492063933e-01
9.655172413793103869e-01
9.028340080971659631e-01
9.173553719008264995e-01
9.662447257383965926e-01
8.601694915254237683e-01
7.967479674796748013e-01
7.911111111111110983e-01
8.445378151260504174e-01
8.493723849372385448e-01
9.618644067796610075e-01
9.707112970711296862e-01
8.477366255144033191e-01
9.316239316239316448e-01
9.554655870445344368e-01
8.326359832635983338e-01
8.708333333333333481e-01
9.618644067796610075e-01
9.504132231404959219e-01
9.504132231404959219e-01
9.508196721311474864e-01
9.537815126050420700e-01
9.349593495934959142e-01
9.753086419753086433e-01
9.665271966527196890e-01
8.744939271255061097e-01
9.746835443037974445e-01
9.262295081967213406e-01
9.453781512605041737e-01
8.432203389830508211e-01
9.274193548387096309e-01
9.135802469135801962e-01
9.659574468085105892e-01
9.547325102880658276e-01
8.083333333333333481e-01
9.250000000000000444e-01
8.765432098765432167e-01
9.628099173553719137e-01
9.285714285714286031e-01
9.545454545454545858e-01
9.508196721311474864e-01
8.921161825726141581e-01
9.369747899159663884e-01
9.646017699115043698e-01
9.590163934426229053e-01
9.279661016949152241e-01
8.634538152610441442e-01
9.087136929460580825e-01
9.453781512605041737e-01
9.762845849802371800e-01
8.744769874476987503e-01
9.535864978902953704e-01
8.418803418803418870e-01
8.699186991869918284e-01
9.653679653679653194e-01
7.868852459016393297e-01
8.125000000000000000e-01
7.439024390243902385e-01
8.264462809917355601e-01
7.698744769874477090e-01
9.541666666666667185e-01
9.789915966386554258e-01
8.442622950819672623e-01
8.366533864541833010e-01
8.750000000000000000e-01
7.763713080168775926e-01
9.709543568464730212e-01
9.576271186440677985e-01
9.369747899159663884e-01
9.708333333333333259e-01
9.702127659574467655e-01
9.388646288209606672e-01
9.465020576131687458e-01
9.830508474576271638e-01
9.529914529914529364e-01
9.489361702127659948e-01
9.421487603305784830e-01
9.473684210526315264e-01
9.679999999999999716e-01
9.444444444444444198e-01
9.428571428571428381e-01
9.444444444444444198e-01
9.638554216867469826e-01
9.338842975206611552e-01
7.622950819672130729e-01
8.849206349206348854e-01
9.399999999999999467e-01
9.699570815450643257e-01
9.537815126050420700e-01
9.392712550607287270e-01
9.625000000000000222e-01
9.346938775510204023e-01
9.491525423728813804e-01
9.751037344398340023e-01
9.634146341463414309e-01
9.547325102880658276e-01
9.531914893617021711e-01
9.586776859504132497e-01
9.578059071729957408e-01
9.364406779661016422e-01
9.752066115702479054e-01
7.520661157024793875e-01
9.218106995884773891e-01
9.268292682926829729e-01
9.489361702127659948e-01
7.510373443983402453e-01
9.469387755102041115e-01
9.687500000000000000e-01
9.579831932773109626e-01
9.489361702127659948e-01
9.554655870445344368e-01
9.608695652173913082e-01
9.751037344398340023e-01
9.367088607594936667e-01
9.277108433734939652e-01
8.117154811715481255e-01
9.558232931726907688e-01
9.313304721030042366e-01
9.273504273504273865e-01
8.502024291497976005e-01
9.796747967479674246e-01
9.665271966527196890e-01
8.298755186721992194e-01
9.198312236286919630e-01
9.710743801652892415e-01
8.672199170124481604e-01
9.669421487603305776e-01
9.409282700421941481e-01
7.427385892116182831e-01
9.543568464730290968e-01
9.341563786008230119e-01
9.324894514767932963e-01
8.050847457627118287e-01
8.406374501992032178e-01
9.306122448979591288e-01
9.467213114754098324e-01
9.406779661016949623e-01
9.541666666666667185e-01
9.699570815450643257e-01
9.442231075697211651e-01
9.795081967213115082e-01
8.242677824267782283e-01
9.288702928870292697e-01
7.881355932203389925e-01
7.874999999999999778e-01
9.585062240663900779e-01
9.618644067796610075e-01
9.551020408163265474e-01
9.635627530364372362e-01
9.188034188034187588e-01
9.554655870445344368e-01
9.382716049382715529e-01
9.262295081967213406e-01
8.305785123966942241e-01
8.034188034188034511e-01
9.499999999999999556e-01
7.805907172995780741e-01
8.902439024390244038e-01
8.607594936708861111e-01
9.227642276422763912e-01
9.387755102040816757e-01
9.354838709677418818e-01
9.499999999999999556e-01
8.319672131147540783e-01
9.531914893617021711e-01
7.596566523605150500e-01
9.554655870445344368e-01
9.423868312757202048e-01
9.601593625498008322e-01
8.089430894308943243e-01
9.662447257383965926e-01
9.065040650406503975e-01
9.456066945606694807e-01
8.734693877551020780e-01
9.502074688796680046e-01
8.237704918032786594e-01
8.412017167381974359e-01
9.535864978902953704e-01
8.508064516129032473e-01
9.487179487179486781e-01
9.458333333333333037e-01
8.174273858921161651e-01
9.336099585062240802e-01
6.999999999999999556e-01
9.525862068965517127e-01
9.525862068965517127e-01
9.583333333333333703e-01
9.709543568464730212e-01
9.421487603305784830e-01
9.218106995884773891e-01
9.346938775510204023e-01
9.698275862068965747e-01
8.482142857142856984e-01
9.576271186440677985e-01
9.877551020408162907e-01
7.231404958677686290e-01
9.710743801652892415e-01
8.765432098765432167e-01
9.677419354838709964e-01
8.940677966101694407e-01
9.707112970711296862e-01
9.700854700854700807e-01
9.439655172413793371e-01
9.741379310344827624e-01
9.456066945606694807e-01
9.741379310344827624e-01
9.467213114754098324e-01
9.471544715447154372e-01
9.572649572649573058e-01
9.514170040485829816e-01
9.491525423728813804e-01
9.344262295081967595e-01
9.491525423728813804e-01
8.401639344262294973e-01
8.312236286919830741e-01
9.437229437229437412e-01
9.163179916317991669e-01
7.923728813559322015e-01
9.545454545454545858e-01
9.632653061224489832e-01
9.748953974895397945e-01
9.358974358974359031e-01
9.583333333333333703e-01
9.631147540983606703e-01
9.751037344398340023e-01
9.521912350597609986e-01
9.346938775510204023e-01
8.487394957983193100e-01
9.585062240663900779e-01
9.377593360995850613e-01
8.471074380165288797e-01
9.746835443037974445e-01
7.791164658634538442e-01
9.300411522633744710e-01
9.551020408163265474e-01
9.556451612903226200e-01
9.083333333333333259e-01
9.330708661417322913e-01
9.638554216867469826e-01
9.497907949790794779e-01
9.300411522633744710e-01
9.711934156378601024e-01
8.943089430894308745e-01
9.549180327868852514e-01
9.543568464730290968e-01
9.434782608695652106e-01
9.327731092436974958e-01
9.665271966527196890e-01
9.665271966527196890e-01
8.370044052863435668e-01
8.612244897959183687e-01
9.623430962343095807e-01
9.357429718875501790e-01
7.842323651452282052e-01
9.430894308943089666e-01
9.205020920502091641e-01
7.408906882591093090e-01
8.458333333333333259e-01
7.685950413223140432e-01
8.663793103448276245e-01
9.354838709677418818e-01
9.794238683127571843e-01
9.565217391304348116e-01
9.629629629629629095e-01
9.596774193548387455e-01
9.375000000000000000e-01
9.626556016597510590e-01
9.598393574297188202e-01
9.656652360515021183e-01
8.879668049792530660e-01
9.402390438247012483e-01
7.561983471074380514e-01
8.208333333333333037e-01
9.668049792531120401e-01
8.536585365853658347e-01
9.467213114754098324e-01
9.708333333333333259e-01
9.377593360995850613e-01
9.372384937238493752e-01
9.152542372881355970e-01
9.639999999999999680e-01
9.758064516129032473e-01
9.456066945606694807e-01
9.740259740259740173e-01
9.751037344398340023e-01
8.750000000000000000e-01
8.962655601659751392e-01
9.679999999999999716e-01
9.615384615384615641e-01
9.714285714285714191e-01
9.581589958158995834e-01
9.618644067796610075e-01
8.879668049792530660e-01
9.568965517241379004e-01
8.808510638297872841e-01
9.711934156378601024e-01
9.493670886075948889e-01
9.707112970711296862e-01
9.665271966527196890e-01
9.705882352941176405e-01
9.516129032258064946e-01
8.024691358024691468e-01
9.401709401709401615e-01
9.271255060728744724e-01
7.801724137931034253e-01
9.406779661016949623e-01
8.416666666666666741e-01
7.637130801687763704e-01
9.668049792531120401e-01
9.634146341463414309e-01
8.529411764705882026e-01
7.901234567901234129e-01
9.552845528455284896e-01
7.224489795918367374e-01
8.244897959183673519e-01
9.666666666666666741e-01
7.542372881355932090e-01
9.364406779661016422e-01
9.497907949790794779e-01
7.172995780590717407e-01
9.793388429752065694e-01
9.475806451612903691e-01
8.319672131147540783e-01
9.561752988047809154e-01
9.685039370078739607e-01
9.527896995708154959e-01
9.473684210526315264e-01
9.527896995708154959e-01
9.423868312757202048e-01
9.404255319148936421e-01
9.623430962343095807e-01
9.628099173553719137e-01
9.333333333333333481e-01
9.037656903765690641e-01
9.703389830508474256e-01
8.146551724137931494e-01
9.549180327868852514e-01
9.702127659574467655e-01
9.578059071729957408e-01
8.278688524590164244e-01
7.833333333333333259e-01
8.666666666666666963e-01
9.583333333333333703e-01
7.787234042553191626e-01
8.600823045267489420e-01
9.428571428571428381e-01
8.686440677966101864e-01
7.841409691629955825e-01
9.663865546218487479e-01
9.227467811158798217e-01
9.590163934426229053e-01
9.482758620689655249e-01
9.113924050632911111e-01
9.421487603305784830e-01
9.588477366255143686e-01
9.471365638766520156e-01
9.568965517241379004e-01
9.653679653679653194e-01
9.462809917355371470e-01
9.756097560975609539e-01
9.541666666666667185e-01
9.495798319327730663e-01
9.404255319148936421e-01
9.356223175965665551e-01
9.338842975206611552e-01
9.529914529914529364e-01
9.423868312757202048e-01
8.117154811715481255e-01
9.669421487603305776e-01
7.777777777777777901e-01
8.902439024390244038e-01
9.613733905579399108e-01
9.583333333333333703e-01
8.553191489361702260e-01
9.578059071729957408e-01
9.637096774193548709e-01
7.877551020408163351e-01
8.312236286919830741e-01
9.504132231404959219e-01
7.066115702479338623e-01
9.583333333333333703e-01
9.487179487179486781e-01
9.699570815450643257e-01
9.338842975206611552e-01
8.455284552845528934e-01
9.634146341463414309e-01
9.442060085836909700e-01
9.617021276595744128e-01
8.067226890756302726e-01
8.174273858921161651e-01
9.673469387755102566e-01
9.444444444444444198e-01
9.385245901639344135e-01
9.453781512605041737e-01
9.240000000000000435e-01
9.716599190283400356e-01
9.076305220883533753e-01
8.023715415019763153e-01
8.755186721991701226e-01
9.406779661016949623e-01
7.418032786885245811e-01
9.800796812749004161e-01
8.565737051792828849e-01
8.504273504273504036e-01
9.421487603305784830e-01
9.344262295081967595e-01
9.477911646586345551e-01
8.000000000000000444e-01
9.484978540772531774e-01
9.838056680161942902e-01
8.995815899581589559e-01
9.240506329113924444e-01
9.539748953974895862e-01
8.382978723404255206e-01
9.493670886075948889e-01
9.759036144578313587e-01
9.311740890688259276e-01
9.475806451612903691e-01
9.477911646586345551e-01
9.250000000000000444e-01
8.369098712446352284e-01
9.829059829059828557e-01
9.665271966527196890e-01
8.237704918032786594e-01
9.583333333333333703e-01
9.421487603305784830e-01
8.059071729957806296e-01
9.385245901639344135e-01
8.493723849372385448e-01
9.786324786324785974e-01
9.094650205761316553e-01
9.709543568464730212e-01
8.553719008264463186e-01
9.685039370078739607e-01
9.655172413793103869e-01
8.708333333333333481e-01
9.568965517241379004e-01
8.117154811715481255e-01
9.676113360323886914e-01
9.437229437229437412e-01
9.372384937238493752e-01
8.487394957983193100e-01
9.583333333333333703e-01
8.814229249011857892e-01
7.622950819672130729e-01
9.668049792531120401e-01
9.877551020408162907e-01
9.626556016597510590e-01
9.669421487603305776e-01
9.632653061224489832e-01
9.173553719008264995e-01
9.045643153526971014e-01
8.196721311475410054e-01
9.596774193548387455e-01
9.656652360515021183e-01
9.336099585062240802e-01
9.262295081967213406e-01
9.748953974895397945e-01
9.462809917355371470e-01
9.545454545454545858e-01
9.004149377593361203e-01
8.448275862068965747e-01
9.506172839506172867e-01
8.495934959349593640e-01
9.246861924686192724e-01
9.559999999999999609e-01
7.933884297520661377e-01
8.016528925619834656e-01
9.617021276595744128e-01
7.991452991452991927e-01
9.193548387096773800e-01
9.626556016597510590e-01
6.801619433198380360e-01
9.539748953974895862e-01
9.662447257383965926e-01
9.183673469387755306e-01
9.338842975206611552e-01
9.478260869565217073e-01
9.409282700421941481e-01
8.264462809917355601e-01
9.419087136929460424e-01
9.527896995708154959e-01
9.629629629629629095e-01
8.697478991596638842e-01
9.135802469135801962e-01
8.658008658008657932e-01
9.666666666666666741e-01
9.446808510638298184e-01
9.465020576131687458e-01
9.442060085836909700e-01
9.745762711864406347e-01
9.672131147540983243e-01
9.502074688796680046e-01
9.465020576131687458e-01
9.079497907949790614e-01
8.117154811715481255e-01
7.591836734693877542e-01
8.353909465020575853e-01
9.543568464730290968e-01
7.119341563786008020e-01
9.356223175965665551e-01
9.578059071729957408e-01
9.156118143459915926e-01
9.626556016597510590e-01
9.300411522633744710e-01
9.593495934959349603e-01
9.357429718875501790e-01
8.103448275862068506e-01
9.672131147540983243e-01
8.080000000000000515e-01
9.504132231404959219e-01
9.462809917355371470e-01
8.493723849372385448e-01
9.120000000000000329e-01
9.531914893617021711e-01
8.396624472573839260e-01
9.566929133858267376e-01
7.644628099173553792e-01
9.632653061224489832e-01
9.451476793248945185e-01
9.480519480519480346e-01
8.416666666666666741e-01
9.724409448818898127e-01
9.519650655021834051e-01
8.685258964143426352e-01
9.529914529914529364e-01
9.382716049382715529e-01
9.409282700421941481e-01
9.233870967741935054e-01
9.596774193548387455e-01
9.593495934959349603e-01
9.539748953974895862e-01
9.493670886075948889e-01
9.502074688796680046e-01
8.516949152542372392e-01
9.508196721311474864e-01
9.349593495934959142e-01
9.598393574297188202e-01
9.435483870967742437e-01
9.352226720647773828e-01
9.267241379310344751e-01
9.518072289156626065e-01
7.641921397379912717e-01
8.109243697478991653e-01
9.539748953974895862e-01
8.112449799196786993e-01
8.412017167381974359e-01
9.518072289156626065e-01
7.717842323651452618e-01
9.392712550607287270e-01
9.631147540983606703e-01
8.495934959349593640e-01
9.460580912863070235e-01
9.754098360655737432e-01
8.368200836820083310e-01
9.871244635193132666e-01
9.288702928870292697e-01
9.554655870445344368e-01
9.537815126050420700e-01
7.916666666666666297e-01
9.539748953974895862e-01
9.713114754098360892e-01
9.453781512605041737e-01
8.427947598253274775e-01
9.153225806451612545e-01
8.658536585365853577e-01
7.336065573770491621e-01
8.571428571428570953e-01
9.465020576131687458e-01
9.543568464730290968e-01
7.958333333333332815e-01
9.554655870445344368e-01
7.983193277310924874e-01
9.748953974895397945e-01
9.790794979079497917e-01
9.330543933054393779e-01
9.397590361445783413e-01
9.746835443037974445e-01
9.754098360655737432e-01
9.535864978902953704e-01
9.593495934959349603e-01
9.208333333333332815e-01
9.545454545454545858e-01
9.504132231404959219e-01
8.362068965517240882e-01
9.380165289256198191e-01
9.446808510638298184e-01
9.502074688796680046e-01
9.699570815450643257e-01
9.637096774193548709e-01
9.475806451612903691e-01
9.834024896265559645e-01
9.460580912863070235e-01
9.565217391304348116e-01
9.703389830508474256e-01
8.060344827586206629e-01
8.902953586497890370e-01
9.465020576131687458e-01
7.679324894514767408e-01
9.256198347107438273e-01
9.705882352941176405e-01
9.789915966386554258e-01
9.578059071729957408e-01
9.585062240663900779e-01
9.442231075697211651e-01
9.421487603305784830e-01
9.495798319327730663e-01
9.698275862068965747e-01
9.754098360655737432e-01
9.593495934959349603e-01
9.670781893004115615e-01
9.531914893617021711e-01
9.666666666666666741e-01
8.888888888888888395e-01
9.794238683127571843e-01
9.604743083003952631e-01
7.966804979253111485e-01
9.467213114754098324e-01
8.795180722891565717e-01
9.628099173553719137e-01
9.341563786008230119e-01
9.625000000000000222e-01
9.631147540983606703e-01
9.635627530364372362e-01
9.590163934426229053e-01
9.679999999999999716e-01
9.677419354838709964e-01
7.905982905982905651e-01
9.707112970711296862e-01
9.757085020242914908e-01
9.211618257261410259e-01
9.362549800796812205e-01
9.529914529914529364e-01
9.411764705882352811e-01
7.901234567901234129e-01
9.705882352941176405e-01
7.468354430379746667e-01
7.890295358649789259e-01
9.177489177489177585e-01
8.284518828451883365e-01
9.593495934959349603e-01
9.527896995708154959e-01
9.456066945606694807e-01
9.435483870967742437e-01
9.460580912863070235e-01
9.613733905579399108e-01
8.622222222222222232e-01
9.456066945606694807e-01
8.577586206896551380e-01
9.670781893004115615e-01
7.848101265822784445e-01
8.582995951417003999e-01
7.624999999999999556e-01
9.742489270386266442e-01
8.398268398268398105e-01
9.495798319327730663e-01
9.590163934426229053e-01
9.749999999999999778e-01
9.547325102880658276e-01
9.739130434782609091e-01
9.668049792531120401e-01
9.259259259259259300e-01
9.196787148594377514e-01
9.068825910931174183e-01
9.411764705882352811e-01
9.330543933054393779e-01
9.385245901639344135e-01
7.676348547717842807e-01
9.063829787234042312e-01
8.049792531120332217e-01
7.883817427385891863e-01
9.489361702127659948e-01
9.369747899159663884e-01
9.623430962343095807e-01
8.333333333333333703e-01
7.838983050847457834e-01
8.811475409836065920e-01
9.148936170212765839e-01
9.173913043478261198e-01
9.303278688524589946e-01
8.429752066115702158e-01
9.067796610169491789e-01
9.572649572649573058e-01
9.707112970711296862e-01
9.396551724137931494e-01
9.256198347107438273e-01
9.421487603305784830e-01
8.093220338983050377e-01
9.372384937238493752e-01
9.628099173553719137e-01
9.629629629629629095e-01
9.752066115702479054e-01
9.658119658119658224e-01
9.502074688796680046e-01
9.392712550607287270e-01
8.921161825726141581e-01
9.519650655021834051e-01
9.554655870445344368e-01
7.600000000000000089e-01
8.000000000000000444e-01
8.987854251012146189e-01
9.297520661157024913e-01
9.535864978902953704e-01
9.756097560975609539e-01
8.158995815899581228e-01
9.303278688524589946e-01
9.336283185840708043e-01
8.174273858921161651e-01
8.000000000000000444e-01
9.426229508196721785e-01
9.704641350210970741e-01
9.798387096774193727e-01
9.659574468085105892e-01
9.586776859504132497e-01
9.504132231404959219e-01
8.305084745762711940e-01
9.711934156378601024e-01
9.703389830508474256e-01
9.595141700404857810e-01
9.462809917355371470e-01
9.365079365079365115e-01
8.823529411764705621e-01
9.663865546218487479e-01
9.626556016597510590e-01
9.419087136929460424e-01
9.206349206349205838e-01
9.506172839506172867e-01
9.393939393939394478e-01
9.574468085106383475e-01
9.230769230769231282e-01
9.574468085106383475e-01
9.451476793248945185e-01
9.838056680161942902e-01
9.531914893617021711e-01
9.523809523809523281e-01
9.621848739495798553e-01
9.214876033057851634e-01
8.612244897959183687e-01
9.591836734693877098e-01
9.628099173553719137e-01
9.460580912863070235e-01
9.489361702127659948e-01
8.347826086956521285e-01
9.435483870967742437e-01
9.623430962343095807e-01
9.439999999999999503e-01
8.418972332015810522e-01
9.708333333333333259e-01
8.675213675213675479e-01
8.461538461538461453e-01
8.073770491803278215e-01
9.523809523809523281e-01
9.396551724137931494e-01
9.411764705882352811e-01
9.300411522633744710e-01
9.591836734693877098e-01
9.456066945606694807e-01
9.395161290322581182e-01
8.268398268398268192e-01
9.746835443037974445e-01
9.541666666666667185e-01
9.628099173553719137e-01
9.297520661157024913e-01
7.916666666666666297e-01
9.201680672268907069e-01
9.469387755102041115e-01
9.369747899159663884e-01
9.392712550607287270e-01
8.464730290456431439e-01
9.710743801652892415e-01
9.759036144578313587e-01
9.465020576131687458e-01
9.796747967479674246e-01
9.759999999999999787e-01
9.488188976377952555e-01
8.559670781893004010e-01
9.713114754098360892e-01
9.493670886075948889e-01
8.786610878661087476e-01
9.456066945606694807e-01
9.419087136929460424e-01
9.121338912133891696e-01
9.634146341463414309e-01
9.579831932773109626e-01
9.523809523809523281e-01
8.318965517241379004e-01
9.025423728813559698e-01
9.556451612903226200e-01
9.106382978723404076e-01
9.628099173553719137e-01
9.700854700854700807e-01
9.419087136929460424e-01
9.377593360995850613e-01
9.121338912133891696e-01
8.174273858921161651e-01
9.499999999999999556e-01
9.456066945606694807e-01
9.705882352941176405e-01
9.437229437229437412e-01
9.484978540772531774e-01
9.704641350210970741e-01
9.510204081632652739e-01
9.519999999999999574e-01
9.741379310344827624e-01
9.224489795918366930e-01
9.543568464730290968e-01
8.902953586497890370e-01
9.703389830508474256e-01
9.406779661016949623e-01
9.598393574297188202e-01
9.139344262295081567e-01
