1.000000000000000000e+00
1.000000000000000000e+00
1.000000000000000000e+00
9.833333333333332815e-01
1.000000000000000000e+00
1.000000000000000000e+00
9.661016949152542166e-01
9.855072463768116409e-01
9.454545454545454364e-01
9.836065573770491621e-01
9.661016949152542166e-01
9.655172413793103869e-01
9.848484848484848619e-01
9.473684210526315264e-01
1.000000000000000000e+00
1.000000000000000000e+00
9.838709677419354982e-01
1.000000000000000000e+00
9.855072463768116409e-01
1.000000000000000000e+00
9.850746268656715987e-01
1.000000000000000000e+00
9.615384615384615641e-01
9.642857142857143016e-01
9.824561403508771384e-01
9.843750000000000000e-01
1.000000000000000000e+00
9.855072463768116409e-01
1.000000000000000000e+00
9.818181818181818121e-01
1.000000000000000000e+00
9.571428571428571841e-01
1.000000000000000000e+00
9.814814814814815103e-01
1.000000000000000000e+00
1.000000000000000000e+00
9.824561403508771384e-01
1.000000000000000000e+00
1.000000000000000000e+00
1.000000000000000000e+00
1.000000000000000000e+00
1.000000000000000000e+00
1.000000000000000000e+00
1.000000000000000000e+00
1.000000000000000000e+00
9.821428571428570953e-01
9.799999999999999822e-01
9.701492537313433084e-01
9.814814814814815103e-01
9.803921568627450567e-01
9.649122807017543879e-01
1.000000000000000000e+00
1.000000000000000000e+00
9.821428571428570953e-01
9.814814814814815103e-01
1.000000000000000000e+00
9.818181818181818121e-01
1.000000000000000000e+00
9.814814814814815103e-01
9.821428571428570953e-01
9.672131147540983243e-01
9.531250000000000000e-01
1.000000000000000000e+00
1.000000000000000000e+00
1.000000000000000000e+00
1.000000000000000000e+00
9.821428571428570953e-01
1.000000000000000000e+00
9.799999999999999822e-01
9.843750000000000000e-01
1.000000000000000000e+00
1.000000000000000000e+00
1.000000000000000000e+00
1.000000000000000000e+00
1.000000000000000000e+00
1.000000000000000000e+00
1.000000000000000000e+00
9.649122807017543879e-01
1.000000000000000000e+00
9.818181818181818121e-01
1.000000000000000000e+00
9.830508474576271638e-01
1.000000000000000000e+00
9.818181818181818121e-01
9.636363636363636243e-01
1.000000000000000000e+00
9.841269841269840724e-01
1.000000000000000000e+00
1.000000000000000000e+00
1.000000000000000000e+00
9.827586206896551380e-01
9.814814814814815103e-01
9.827586206896551380e-01
9.830508474576271638e-01
9.807692307692307265e-01
1.000000000000000000e+00
1.000000000000000000e+00
1.000000000000000000e+00
9.672131147540983243e-01
9.672131147540983243e-01
9.701492537313433084e-01
1.000000000000000000e+00
1.000000000000000000e+00
9.814814814814815103e-01
1.000000000000000000e+00
9.710144927536231707e-01
9.848484848484848619e-01
9.818181818181818121e-01
9.850746268656715987e-01
1.000000000000000000e+00
1.000000000000000000e+00
1.000000000000000000e+00
1.000000000000000000e+00
1.000000000000000000e+00
9.482758620689655249e-01
9.692307692307692291e-01
1.000000000000000000e+00
1.000000000000000000e+00
1.000000000000000000e+00
1.000000000000000000e+00
1.000000000000000000e+00
1.000000000000000000e+00
1.000000000000000000e+00
9.354838709677418818e-01
1.000000000000000000e+00
9.833333333333332815e-01
1.000000000000000000e+00
9.833333333333332815e-01
9.850746268656715987e-01
1.000000000000000000e+00
9.836065573770491621e-01
9.677419354838709964e-01
9.827586206896551380e-01
9.672131147540983243e-01
9.807692307692307265e-01
1.000000000000000000e+00
1.000000000000000000e+00
1.000000000000000000e+00
9.807692307692307265e-01
9.811320754716981174e-01
9.672131147540983243e-01
1.000000000000000000e+00
9.692307692307692291e-01
9.846153846153846700e-01
1.000000000000000000e+00
9.622641509433962348e-01
1.000000000000000000e+00
1.000000000000000000e+00
9.838709677419354982e-01
1.000000000000000000e+00
1.000000000000000000e+00
1.000000000000000000e+00
1.000000000000000000e+00
9.850746268656715987e-01
9.833333333333332815e-01
1.000000000000000000e+00
9.846153846153846700e-01
9.848484848484848619e-01
1.000000000000000000e+00
1.000000000000000000e+00
1.000000000000000000e+00
1.000000000000000000e+00
1.000000000000000000e+00
9.830508474576271638e-01
1.000000000000000000e+00
1.000000000000000000e+00
9.827586206896551380e-01
9.811320754716981174e-01
1.000000000000000000e+00
1.000000000000000000e+00
1.000000000000000000e+00
1.000000000000000000e+00
9.629629629629629095e-01
9.827586206896551380e-01
1.000000000000000000e+00
9.850746268656715987e-01
9.729729729729730270e-01
9.843750000000000000e-01
1.000000000000000000e+00
1.000000000000000000e+00
1.000000000000000000e+00
9.538461538461538991e-01
9.841269841269840724e-01
9.692307692307692291e-01
9.629629629629629095e-01
9.848484848484848619e-01
1.000000000000000000e+00
1.000000000000000000e+00
1.000000000000000000e+00
1.000000000000000000e+00
9.710144927536231707e-01
9.814814814814815103e-01
1.000000000000000000e+00
9.687500000000000000e-01
9.846153846153846700e-01
9.818181818181818121e-01
1.000000000000000000e+00
9.841269841269840724e-01
1.000000000000000000e+00
1.000000000000000000e+00
1.000000000000000000e+00
1.000000000000000000e+00
1.000000000000000000e+00
1.000000000000000000e+00
1.000000000000000000e+00
9.836065573770491621e-01
9.846153846153846700e-01
9.661016949152542166e-01
1.000000000000000000e+00
9.824561403508771384e-01
9.841269841269840724e-01
1.000000000000000000e+00
9.827586206896551380e-01
1.000000000000000000e+00
9.814814814814815103e-01
9.843750000000000000e-01
1.000000000000000000e+00
1.000000000000000000e+00
1.000000000000000000e+00
1.000000000000000000e+00
1.000000000000000000e+00
1.000000000000000000e+00
9.655172413793103869e-01
9.836065573770491621e-01
1.000000000000000000e+00
1.000000000000000000e+00
9.661016949152542166e-01
9.841269841269840724e-01
1.000000000000000000e+00
9.824561403508771384e-01
1.000000000000000000e+00
9.841269841269840724e-01
9.866666666666666918e-01
9.649122807017543879e-01
9.692307692307692291e-01
1.000000000000000000e+00
1.000000000000000000e+00
1.000000000000000000e+00
1.000000000000000000e+00
1.000000000000000000e+00
1.000000000000000000e+00
9.850746268656715987e-01
9.818181818181818121e-01
9.857142857142857650e-01
9.824561403508771384e-01
9.836065573770491621e-01
1.000000000000000000e+00
1.000000000000000000e+00
1.000000000000000000e+00
9.836065573770491621e-01
1.000000000000000000e+00
1.000000000000000000e+00
1.000000000000000000e+00
9.811320754716981174e-01
9.843750000000000000e-01
1.000000000000000000e+00
1.000000000000000000e+00
1.000000000000000000e+00
9.836065573770491621e-01
9.848484848484848619e-01
9.722222222222222099e-01
9.827586206896551380e-01
1.000000000000000000e+00
1.000000000000000000e+00
9.696969696969697239e-01
1.000000000000000000e+00
1.000000000000000000e+00
1.000000000000000000e+00
9.701492537313433084e-01
1.000000000000000000e+00
1.000000000000000000e+00
1.000000000000000000e+00
1.000000000000000000e+00
1.000000000000000000e+00
1.000000000000000000e+00
1.000000000000000000e+00
9.852941176470588758e-01
1.000000000000000000e+00
1.000000000000000000e+00
9.836065573770491621e-01
1.000000000000000000e+00
9.846153846153846700e-01
1.000000000000000000e+00
1.000000000000000000e+00
9.827586206896551380e-01
1.000000000000000000e+00
9.661016949152542166e-01
9.687500000000000000e-01
1.000000000000000000e+00
9.830508474576271638e-01
1.000000000000000000e+00
9.827586206896551380e-01
1.000000000000000000e+00
1.000000000000000000e+00
1.000000000000000000e+00
9.821428571428570953e-01
1.000000000000000000e+00
9.682539682539682557e-01
9.848484848484848619e-01
1.000000000000000000e+00
