9.122807017543859143e-01
9.393939393939394478e-01
9.107142857142856984e-01
9.666666666666666741e-01
9.661016949152542166e-01
9.166666666666666297e-01
8.813559322033898136e-01
8.840579710144927938e-01
9.272727272727272485e-01
9.344262295081967595e-01
9.661016949152542166e-01
9.655172413793103869e-01
9.545454545454545858e-01
9.122807017543859143e-01
8.709677419354838745e-01
1.000000000000000000e+00
9.838709677419354982e-01
9.672131147540983243e-01
9.420289855072463414e-01
9.692307692307692291e-01
9.253731343283582156e-01
8.666666666666666963e-01
9.230769230769231282e-01
9.107142857142856984e-01
9.649122807017543879e-01
8.906250000000000000e-01
9.393939393939394478e-01
9.710144927536231707e-01
8.769230769230769162e-01
9.636363636363636243e-01
9.499999999999999556e-01
9.428571428571428381e-01
9.107142857142856984e-01
9.074074074074074403e-01
9.347826086956522174e-01
9.473684210526315264e-01
9.473684210526315264e-01
9.855072463768116409e-01
8.679245283018868218e-01
9.166666666666666297e-01
9.365079365079365115e-01
9.000000000000000222e-01
9.074074074074074403e-01
9.795918367346938549e-01
9.850746268656715987e-01
9.285714285714286031e-01
9.200000000000000400e-01
9.850746268656715987e-01
9.444444444444444198e-01
8.823529411764705621e-01
9.298245614035087758e-01
9.393939393939394478e-01
9.206349206349205838e-01
9.821428571428570953e-01
8.703703703703703498e-01
9.215686274509803377e-01
9.272727272727272485e-01
8.771929824561403022e-01
9.444444444444444198e-01
9.107142857142856984e-01
8.688524590163934080e-01
1.000000000000000000e+00
9.285714285714286031e-01
9.687500000000000000e-01
9.661016949152542166e-01
8.615384615384615863e-01
9.821428571428570953e-01
9.722222222222222099e-01
9.599999999999999645e-01
9.687500000000000000e-01
9.180327868852459217e-01
9.622641509433962348e-01
9.692307692307692291e-01
9.531250000000000000e-01
9.692307692307692291e-01
9.107142857142856984e-01
9.206349206349205838e-01
8.771929824561403022e-01
9.838709677419354982e-01
9.272727272727272485e-01
9.538461538461538991e-01
9.322033898305084332e-01
9.516129032258064946e-01
9.454545454545454364e-01
1.000000000000000000e+00
9.491525423728813804e-01
9.682539682539682557e-01
9.636363636363636243e-01
9.827586206896551380e-01
9.508196721311474864e-01
9.310344827586206629e-01
9.444444444444444198e-01
9.827586206896551380e-01
9.491525423728813804e-01
8.846153846153845812e-01
9.777777777777777457e-01
9.818181818181818121e-01
9.423076923076922906e-01
9.508196721311474864e-01
9.836065573770491621e-01
9.253731343283582156e-01
9.047619047619047672e-01
8.813559322033898136e-01
9.444444444444444198e-01
9.473684210526315264e-01
9.420289855072463414e-01
9.545454545454545858e-01
8.181818181818182323e-01
9.104477611940298143e-01
9.420289855072463414e-01
8.857142857142856762e-01
9.838709677419354982e-01
1.000000000000000000e+00
9.180327868852459217e-01
9.482758620689655249e-01
9.384615384615384581e-01
8.688524590163934080e-01
9.701492537313433084e-01
9.444444444444444198e-01
9.433962264150943522e-01
9.545454545454545858e-01
9.193548387096773800e-01
9.076923076923076872e-01
8.548387096774193727e-01
8.823529411764705621e-01
1.000000000000000000e+00
8.846153846153845812e-01
9.499999999999999556e-01
8.656716417910447214e-01
8.852459016393442459e-01
9.672131147540983243e-01
9.516129032258064946e-01
9.827586206896551380e-01
9.672131147540983243e-01
9.038461538461538547e-01
9.499999999999999556e-01
9.642857142857143016e-01
9.642857142857143016e-01
9.423076923076922906e-01
9.056603773584905870e-01
9.508196721311474864e-01
9.830508474576271638e-01
9.230769230769231282e-01
8.923076923076923572e-01
1.000000000000000000e+00
9.622641509433962348e-01
8.727272727272726849e-01
8.599999999999999867e-01
9.677419354838709964e-01
9.636363636363636243e-01
9.259259259259259300e-01
8.888888888888888395e-01
8.813559322033898136e-01
8.805970149253731227e-01
9.499999999999999556e-01
9.538461538461538991e-01
9.538461538461538991e-01
9.545454545454545858e-01
8.750000000000000000e-01
9.705882352941176405e-01
9.508196721311474864e-01
8.852459016393442459e-01
9.433962264150943522e-01
9.491525423728813804e-01
9.491525423728813804e-01
9.473684210526315264e-01
9.655172413793103869e-01
1.000000000000000000e+00
9.200000000000000400e-01
9.649122807017543879e-01
1.000000000000000000e+00
9.361702127659574657e-01
9.259259259259259300e-01
8.793103448275861878e-01
9.200000000000000400e-01
8.805970149253731227e-01
9.324324324324324564e-01
8.906250000000000000e-01
8.840579710144927938e-01
9.076923076923076872e-01
8.923076923076923572e-01
9.538461538461538991e-01
8.730158730158730229e-01
9.076923076923076872e-01
9.814814814814815103e-01
9.545454545454545858e-01
9.687500000000000000e-01
9.655172413793103869e-01
9.137931034482759118e-01
8.367346938775510612e-01
9.130434782608695121e-01
9.444444444444444198e-01
9.830508474576271638e-01
8.750000000000000000e-01
1.000000000000000000e+00
9.272727272727272485e-01
8.815789473684210176e-01
8.888888888888888395e-01
9.516129032258064946e-01
9.692307692307692291e-01
9.193548387096773800e-01
9.137931034482759118e-01
9.402985074626866169e-01
9.629629629629629095e-01
9.838709677419354982e-01
9.836065573770491621e-01
9.692307692307692291e-01
9.661016949152542166e-01
9.491525423728813804e-01
9.473684210526315264e-01
9.682539682539682557e-01
9.636363636363636243e-01
8.965517241379310498e-01
9.193548387096773800e-01
9.814814814814815103e-01
9.375000000000000000e-01
9.122807017543859143e-01
9.047619047619047672e-01
8.923076923076923572e-01
9.622641509433962348e-01
9.310344827586206629e-01
9.696969696969697239e-01
8.965517241379310498e-01
9.836065573770491621e-01
9.344262295081967595e-01
9.137931034482759118e-01
9.152542372881355970e-01
8.730158730158730229e-01
9.661016949152542166e-01
9.473684210526315264e-01
9.333333333333333481e-01
9.523809523809523281e-01
9.200000000000000400e-01
8.947368421052631637e-01
8.923076923076923572e-01
9.423076923076922906e-01
9.499999999999999556e-01
9.365079365079365115e-01
9.375000000000000000e-01
9.677419354838709964e-01
8.906250000000000000e-01
9.552238805970149071e-01
9.636363636363636243e-01
9.714285714285714191e-01
9.649122807017543879e-01
9.836065573770491621e-01
8.909090909090908728e-01
9.830508474576271638e-01
9.516129032258064946e-01
9.344262295081967595e-01
9.047619047619047672e-01
9.649122807017543879e-01
9.200000000000000400e-01
8.301886792452830566e-01
9.375000000000000000e-01
9.499999999999999556e-01
9.538461538461538991e-01
9.841269841269840724e-01
9.344262295081967595e-01
9.393939393939394478e-01
9.027777777777777901e-01
8.103448275862068506e-01
9.076923076923076872e-01
9.552238805970149071e-01
9.242424242424241987e-01
8.983050847457627608e-01
8.888888888888888395e-01
9.803921568627450567e-01
8.955223880597015240e-01
9.107142857142856984e-01
9.387755102040816757e-01
9.615384615384615641e-01
9.322033898305084332e-01
8.947368421052631637e-01
9.795918367346938549e-01
9.803921568627450567e-01
9.558823529411765163e-01
8.888888888888888395e-01
9.444444444444444198e-01
9.508196721311474864e-01
9.107142857142856984e-01
9.692307692307692291e-01
9.499999999999999556e-01
9.454545454545454364e-01
9.655172413793103869e-01
8.636363636363636465e-01
9.661016949152542166e-01
9.687500000000000000e-01
8.923076923076923572e-01
9.322033898305084332e-01
9.661016949152542166e-01
9.137931034482759118e-01
8.909090909090908728e-01
9.090909090909090606e-01
9.666666666666666741e-01
9.107142857142856984e-01
9.870129870129870087e-01
8.888888888888888395e-01
9.696969696969697239e-01
9.259259259259259300e-01
9.014084507042253724e-01
9.166666666666666297e-01
9.531250000000000000e-01
9.615384615384615641e-01
8.548387096774193727e-01
8.846153846153845812e-01
9.852941176470588758e-01
9.253731343283582156e-01
9.629629629629629095e-01
9.636363636363636243e-01
9.677419354838709964e-01
9.333333333333333481e-01
9.687500000000000000e-01
9.830508474576271638e-01
9.333333333333333481e-01
9.661016949152542166e-01
9.531250000000000000e-01
9.000000000000000222e-01
9.000000000000000222e-01
9.137931034482759118e-01
9.375000000000000000e-01
9.692307692307692291e-01
9.200000000000000400e-01
9.464285714285713969e-01
9.122807017543859143e-01
9.384615384615384581e-01
9.344262295081967595e-01
9.411764705882352811e-01
9.000000000000000222e-01
9.824561403508771384e-01
9.516129032258064946e-01
1.000000000000000000e+00
8.923076923076923572e-01
7.704918032786884918e-01
9.333333333333333481e-01
9.230769230769231282e-01
9.107142857142856984e-01
8.703703703703703498e-01
8.805970149253731227e-01
9.074074074074074403e-01
9.827586206896551380e-01
9.298245614035087758e-01
9.661016949152542166e-01
9.104477611940298143e-01
1.000000000000000000e+00
9.843750000000000000e-01
9.090909090909090606e-01
9.062500000000000000e-01
9.636363636363636243e-01
9.285714285714286031e-01
9.433962264150943522e-01
9.836065573770491621e-01
9.649122807017543879e-01
9.393939393939394478e-01
8.823529411764705621e-01
9.444444444444444198e-01
9.310344827586206629e-01
9.200000000000000400e-01
8.727272727272726849e-01
8.906250000000000000e-01
9.090909090909090606e-01
9.193548387096773800e-01
1.000000000000000000e+00
9.333333333333333481e-01
9.473684210526315264e-01
9.558823529411765163e-01
9.062500000000000000e-01
1.000000000000000000e+00
9.253731343283582156e-01
9.508196721311474864e-01
9.166666666666666297e-01
9.666666666666666741e-01
8.688524590163934080e-01
9.710144927536231707e-01
9.710144927536231707e-01
9.672131147540983243e-01
9.499999999999999556e-01
9.152542372881355970e-01
9.137931034482759118e-01
9.107142857142856984e-01
9.710144927536231707e-01
8.831168831168830780e-01
9.692307692307692291e-01
9.821428571428570953e-01
9.322033898305084332e-01
8.813559322033898136e-01
9.310344827586206629e-01
9.433962264150943522e-01
9.230769230769231282e-01
9.354838709677418818e-01
9.850746268656715987e-01
8.695652173913043237e-01
9.855072463768116409e-01
9.354838709677418818e-01
9.275362318840579823e-01
9.824561403508771384e-01
8.727272727272726849e-01
9.402985074626866169e-01
9.629629629629629095e-01
9.384615384615384581e-01
8.947368421052631637e-01
8.769230769230769162e-01
8.596491228070175517e-01
9.218750000000000000e-01
9.285714285714286031e-01
8.387096774193548709e-01
9.384615384615384581e-01
9.491525423728813804e-01
9.107142857142856984e-01
9.516129032258064946e-01
9.701492537313433084e-01
9.180327868852459217e-01
9.473684210526315264e-01
9.833333333333332815e-01
9.399999999999999467e-01
9.642857142857143016e-01
9.841269841269840724e-01
1.000000000000000000e+00
8.666666666666666963e-01
9.830508474576271638e-01
9.531250000000000000e-01
9.423076923076922906e-01
8.965517241379310498e-01
8.750000000000000000e-01
9.245283018867924696e-01
9.508196721311474864e-01
9.148936170212765839e-01
9.230769230769231282e-01
9.516129032258064946e-01
8.620689655172413257e-01
9.655172413793103869e-01
9.090909090909090606e-01
9.473684210526315264e-01
9.666666666666666741e-01
9.295774647887323772e-01
9.682539682539682557e-01
9.677419354838709964e-01
9.516129032258064946e-01
8.918918918918918859e-01
9.821428571428570953e-01
9.677419354838709964e-01
9.615384615384615641e-01
9.333333333333333481e-01
8.727272727272726849e-01
9.516129032258064946e-01
1.000000000000000000e+00
8.852459016393442459e-01
8.813559322033898136e-01
8.840579710144927938e-01
8.867924528301887044e-01
9.310344827586206629e-01
9.859154929577464976e-01
9.655172413793103869e-01
9.056603773584905870e-01
9.016393442622950838e-01
9.833333333333332815e-01
9.615384615384615641e-01
9.411764705882352811e-01
9.833333333333332815e-01
9.200000000000000400e-01
9.491525423728813804e-01
9.344262295081967595e-01
9.499999999999999556e-01
9.636363636363636243e-01
1.000000000000000000e+00
9.016393442622950838e-01
9.166666666666666297e-01
9.516129032258064946e-01
9.538461538461538991e-01
9.019607843137255054e-01
8.867924528301887044e-01
9.354838709677418818e-01
9.571428571428571841e-01
9.333333333333333481e-01
9.508196721311474864e-01
9.000000000000000222e-01
9.803921568627450567e-01
9.402985074626866169e-01
9.464285714285713969e-01
8.870967741935483764e-01
9.384615384615384581e-01
9.833333333333332815e-01
9.565217391304348116e-01
9.393939393939394478e-01
9.655172413793103869e-01
9.687500000000000000e-01
9.354838709677418818e-01
8.709677419354838745e-01
9.365079365079365115e-01
9.433962264150943522e-01
8.793103448275861878e-01
8.955223880597015240e-01
9.444444444444444198e-01
9.420289855072463414e-01
9.846153846153846700e-01
9.672131147540983243e-01
9.843750000000000000e-01
9.333333333333333481e-01
9.636363636363636243e-01
9.375000000000000000e-01
