1.000000000000000000e+00
9.848484848484848619e-01
9.821428571428570953e-01
9.666666666666666741e-01
9.830508474576271638e-01
9.666666666666666741e-01
9.661016949152542166e-01
1.000000000000000000e+00
1.000000000000000000e+00
1.000000000000000000e+00
9.661016949152542166e-01
9.655172413793103869e-01
1.000000000000000000e+00
9.824561403508771384e-01
9.838709677419354982e-01
9.827586206896551380e-01
9.677419354838709964e-01
1.000000000000000000e+00
9.855072463768116409e-01
9.692307692307692291e-01
1.000000000000000000e+00
9.833333333333332815e-01
1.000000000000000000e+00
9.821428571428570953e-01
9.824561403508771384e-01
1.000000000000000000e+00
9.848484848484848619e-01
9.710144927536231707e-01
1.000000000000000000e+00
9.818181818181818121e-01
9.833333333333332815e-01
9.714285714285714191e-01
1.000000000000000000e+00
1.000000000000000000e+00
1.000000000000000000e+00
1.000000000000000000e+00
9.473684210526315264e-01
1.000000000000000000e+00
1.000000000000000000e+00
9.499999999999999556e-01
1.000000000000000000e+00
1.000000000000000000e+00
9.814814814814815103e-01
1.000000000000000000e+00
1.000000000000000000e+00
1.000000000000000000e+00
1.000000000000000000e+00
9.850746268656715987e-01
1.000000000000000000e+00
9.803921568627450567e-01
1.000000000000000000e+00
9.848484848484848619e-01
1.000000000000000000e+00
1.000000000000000000e+00
9.629629629629629095e-01
1.000000000000000000e+00
1.000000000000000000e+00
1.000000000000000000e+00
1.000000000000000000e+00
1.000000000000000000e+00
1.000000000000000000e+00
1.000000000000000000e+00
1.000000000000000000e+00
9.843750000000000000e-01
9.830508474576271638e-01
9.846153846153846700e-01
1.000000000000000000e+00
1.000000000000000000e+00
1.000000000000000000e+00
1.000000000000000000e+00
9.836065573770491621e-01
9.811320754716981174e-01
1.000000000000000000e+00
1.000000000000000000e+00
1.000000000000000000e+00
9.821428571428570953e-01
9.206349206349205838e-01
1.000000000000000000e+00
9.838709677419354982e-01
1.000000000000000000e+00
9.846153846153846700e-01
9.661016949152542166e-01
1.000000000000000000e+00
9.818181818181818121e-01
9.636363636363636243e-01
1.000000000000000000e+00
1.000000000000000000e+00
1.000000000000000000e+00
9.827586206896551380e-01
1.000000000000000000e+00
9.655172413793103869e-01
9.629629629629629095e-01
9.827586206896551380e-01
1.000000000000000000e+00
9.807692307692307265e-01
9.777777777777777457e-01
9.818181818181818121e-01
1.000000000000000000e+00
9.836065573770491621e-01
9.836065573770491621e-01
1.000000000000000000e+00
9.523809523809523281e-01
1.000000000000000000e+00
1.000000000000000000e+00
1.000000000000000000e+00
1.000000000000000000e+00
1.000000000000000000e+00
1.000000000000000000e+00
9.701492537313433084e-01
1.000000000000000000e+00
1.000000000000000000e+00
1.000000000000000000e+00
9.827586206896551380e-01
1.000000000000000000e+00
1.000000000000000000e+00
9.846153846153846700e-01
9.836065573770491621e-01
9.850746268656715987e-01
9.814814814814815103e-01
1.000000000000000000e+00
9.696969696969697239e-01
9.838709677419354982e-01
1.000000000000000000e+00
9.838709677419354982e-01
9.411764705882352811e-01
1.000000000000000000e+00
1.000000000000000000e+00
1.000000000000000000e+00
9.850746268656715987e-01
1.000000000000000000e+00
1.000000000000000000e+00
9.677419354838709964e-01
1.000000000000000000e+00
1.000000000000000000e+00
1.000000000000000000e+00
1.000000000000000000e+00
9.642857142857143016e-01
9.464285714285713969e-01
1.000000000000000000e+00
9.811320754716981174e-01
1.000000000000000000e+00
1.000000000000000000e+00
1.000000000000000000e+00
9.846153846153846700e-01
9.824561403508771384e-01
9.811320754716981174e-01
9.818181818181818121e-01
1.000000000000000000e+00
1.000000000000000000e+00
1.000000000000000000e+00
1.000000000000000000e+00
1.000000000000000000e+00
9.830508474576271638e-01
1.000000000000000000e+00
9.833333333333332815e-01
1.000000000000000000e+00
9.692307692307692291e-01
9.696969696969697239e-01
1.000000000000000000e+00
9.852941176470588758e-01
9.836065573770491621e-01
9.836065573770491621e-01
1.000000000000000000e+00
1.000000000000000000e+00
1.000000000000000000e+00
9.649122807017543879e-01
1.000000000000000000e+00
1.000000000000000000e+00
9.599999999999999645e-01
1.000000000000000000e+00
1.000000000000000000e+00
9.574468085106383475e-01
1.000000000000000000e+00
9.827586206896551380e-01
1.000000000000000000e+00
1.000000000000000000e+00
1.000000000000000000e+00
1.000000000000000000e+00
9.855072463768116409e-01
9.846153846153846700e-01
1.000000000000000000e+00
1.000000000000000000e+00
1.000000000000000000e+00
1.000000000000000000e+00
9.629629629629629095e-01
1.000000000000000000e+00
1.000000000000000000e+00
1.000000000000000000e+00
1.000000000000000000e+00
1.000000000000000000e+00
9.855072463768116409e-01
9.814814814814815103e-01
9.830508474576271638e-01
9.843750000000000000e-01
1.000000000000000000e+00
1.000000000000000000e+00
1.000000000000000000e+00
9.841269841269840724e-01
9.516129032258064946e-01
1.000000000000000000e+00
9.838709677419354982e-01
9.827586206896551380e-01
1.000000000000000000e+00
9.814814814814815103e-01
9.677419354838709964e-01
9.836065573770491621e-01
1.000000000000000000e+00
9.830508474576271638e-01
1.000000000000000000e+00
1.000000000000000000e+00
1.000000000000000000e+00
9.818181818181818121e-01
9.827586206896551380e-01
9.838709677419354982e-01
1.000000000000000000e+00
9.843750000000000000e-01
1.000000000000000000e+00
9.841269841269840724e-01
9.692307692307692291e-01
1.000000000000000000e+00
9.827586206896551380e-01
9.848484848484848619e-01
9.655172413793103869e-01
9.836065573770491621e-01
1.000000000000000000e+00
1.000000000000000000e+00
1.000000000000000000e+00
1.000000000000000000e+00
9.830508474576271638e-01
9.824561403508771384e-01
1.000000000000000000e+00
1.000000000000000000e+00
9.866666666666666918e-01
9.824561403508771384e-01
9.692307692307692291e-01
9.615384615384615641e-01
9.833333333333332815e-01
9.682539682539682557e-01
9.791666666666666297e-01
1.000000000000000000e+00
9.843750000000000000e-01
1.000000000000000000e+00
1.000000000000000000e+00
1.000000000000000000e+00
1.000000000000000000e+00
1.000000000000000000e+00
9.818181818181818121e-01
9.830508474576271638e-01
1.000000000000000000e+00
1.000000000000000000e+00
1.000000000000000000e+00
1.000000000000000000e+00
9.799999999999999822e-01
1.000000000000000000e+00
1.000000000000000000e+00
9.833333333333332815e-01
1.000000000000000000e+00
1.000000000000000000e+00
9.836065573770491621e-01
9.848484848484848619e-01
9.861111111111111605e-01
1.000000000000000000e+00
9.846153846153846700e-01
9.850746268656715987e-01
1.000000000000000000e+00
1.000000000000000000e+00
1.000000000000000000e+00
9.803921568627450567e-01
9.701492537313433084e-01
1.000000000000000000e+00
9.795918367346938549e-01
1.000000000000000000e+00
9.830508474576271638e-01
1.000000000000000000e+00
1.000000000000000000e+00
1.000000000000000000e+00
1.000000000000000000e+00
1.000000000000000000e+00
9.814814814814815103e-01
9.836065573770491621e-01
1.000000000000000000e+00
9.692307692307692291e-01
9.833333333333332815e-01
1.000000000000000000e+00
9.827586206896551380e-01
1.000000000000000000e+00
9.830508474576271638e-01
9.843750000000000000e-01
1.000000000000000000e+00
1.000000000000000000e+00
1.000000000000000000e+00
9.827586206896551380e-01
1.000000000000000000e+00
9.545454545454545858e-01
9.833333333333332815e-01
9.642857142857143016e-01
9.870129870129870087e-01
9.841269841269840724e-01
1.000000000000000000e+00
1.000000000000000000e+00
9.859154929577464976e-01
9.833333333333332815e-01
1.000000000000000000e+00
9.807692307692307265e-01
1.000000000000000000e+00
1.000000000000000000e+00
9.705882352941176405e-01
1.000000000000000000e+00
9.814814814814815103e-01
9.818181818181818121e-01
9.838709677419354982e-01
1.000000000000000000e+00
9.687500000000000000e-01
9.830508474576271638e-01
1.000000000000000000e+00
1.000000000000000000e+00
9.843750000000000000e-01
1.000000000000000000e+00
1.000000000000000000e+00
9.482758620689655249e-01
1.000000000000000000e+00
9.846153846153846700e-01
1.000000000000000000e+00
9.821428571428570953e-01
9.824561403508771384e-01
1.000000000000000000e+00
1.000000000000000000e+00
1.000000000000000000e+00
9.799999999999999822e-01
1.000000000000000000e+00
1.000000000000000000e+00
1.000000000000000000e+00
1.000000000000000000e+00
1.000000000000000000e+00
1.000000000000000000e+00
1.000000000000000000e+00
9.821428571428570953e-01
9.814814814814815103e-01
1.000000000000000000e+00
1.000000000000000000e+00
9.655172413793103869e-01
1.000000000000000000e+00
9.661016949152542166e-01
9.850746268656715987e-01
9.836065573770491621e-01
1.000000000000000000e+00
9.818181818181818121e-01
1.000000000000000000e+00
1.000000000000000000e+00
1.000000000000000000e+00
9.811320754716981174e-01
1.000000000000000000e+00
9.824561403508771384e-01
1.000000000000000000e+00
1.000000000000000000e+00
1.000000000000000000e+00
1.000000000000000000e+00
9.799999999999999822e-01
1.000000000000000000e+00
1.000000000000000000e+00
1.000000000000000000e+00
9.677419354838709964e-01
9.821428571428570953e-01
1.000000000000000000e+00
1.000000000000000000e+00
1.000000000000000000e+00
9.843750000000000000e-01
9.622641509433962348e-01
1.000000000000000000e+00
9.836065573770491621e-01
1.000000000000000000e+00
1.000000000000000000e+00
9.836065573770491621e-01
9.855072463768116409e-01
1.000000000000000000e+00
9.836065573770491621e-01
1.000000000000000000e+00
1.000000000000000000e+00
1.000000000000000000e+00
9.642857142857143016e-01
1.000000000000000000e+00
9.870129870129870087e-01
1.000000000000000000e+00
9.821428571428570953e-01
1.000000000000000000e+00
9.830508474576271638e-01
1.000000000000000000e+00
1.000000000000000000e+00
1.000000000000000000e+00
9.838709677419354982e-01
9.850746268656715987e-01
1.000000000000000000e+00
1.000000000000000000e+00
1.000000000000000000e+00
9.855072463768116409e-01
9.824561403508771384e-01
9.818181818181818121e-01
9.850746268656715987e-01
9.814814814814815103e-01
1.000000000000000000e+00
9.824561403508771384e-01
9.846153846153846700e-01
1.000000000000000000e+00
9.687500000000000000e-01
1.000000000000000000e+00
1.000000000000000000e+00
9.846153846153846700e-01
9.830508474576271638e-01
9.821428571428570953e-01
9.516129032258064946e-01
9.850746268656715987e-01
1.000000000000000000e+00
1.000000000000000000e+00
9.833333333333332815e-01
9.799999999999999822e-01
1.000000000000000000e+00
1.000000000000000000e+00
9.833333333333332815e-01
1.000000000000000000e+00
1.000000000000000000e+00
1.000000000000000000e+00
1.000000000000000000e+00
9.827586206896551380e-01
9.821428571428570953e-01
9.811320754716981174e-01
1.000000000000000000e+00
9.787234042553191182e-01
9.807692307692307265e-01
9.838709677419354982e-01
1.000000000000000000e+00
9.827586206896551380e-01
1.000000000000000000e+00
9.649122807017543879e-01
9.833333333333332815e-01
9.859154929577464976e-01
1.000000000000000000e+00
1.000000000000000000e+00
9.838709677419354982e-01
9.729729729729730270e-01
1.000000000000000000e+00
1.000000000000000000e+00
9.807692307692307265e-01
9.666666666666666741e-01
9.636363636363636243e-01
9.838709677419354982e-01
9.814814814814815103e-01
1.000000000000000000e+00
1.000000000000000000e+00
9.710144927536231707e-01
1.000000000000000000e+00
9.655172413793103869e-01
9.718309859154929953e-01
1.000000000000000000e+00
9.811320754716981174e-01
1.000000000000000000e+00
1.000000000000000000e+00
9.615384615384615641e-01
9.852941176470588758e-01
9.833333333333332815e-01
9.799999999999999822e-01
1.000000000000000000e+00
1.000000000000000000e+00
9.833333333333332815e-01
9.818181818181818121e-01
9.824561403508771384e-01
9.672131147540983243e-01
9.666666666666666741e-01
1.000000000000000000e+00
9.846153846153846700e-01
9.803921568627450567e-01
1.000000000000000000e+00
1.000000000000000000e+00
1.000000000000000000e+00
1.000000000000000000e+00
9.836065573770491621e-01
1.000000000000000000e+00
1.000000000000000000e+00
1.000000000000000000e+00
9.821428571428570953e-01
1.000000000000000000e+00
1.000000000000000000e+00
9.833333333333332815e-01
1.000000000000000000e+00
9.545454545454545858e-01
1.000000000000000000e+00
9.843750000000000000e-01
1.000000000000000000e+00
1.000000000000000000e+00
9.841269841269840724e-01
9.622641509433962348e-01
9.655172413793103869e-01
9.850746268656715987e-01
1.000000000000000000e+00
9.855072463768116409e-01
1.000000000000000000e+00
1.000000000000000000e+00
9.843750000000000000e-01
9.499999999999999556e-01
1.000000000000000000e+00
9.841269841269840724e-01
1.000000000000000000e+00
1.000000000000000000e+00
9.642857142857143016e-01
1.000000000000000000e+00
9.836065573770491621e-01
9.692307692307692291e-01
9.692307692307692291e-01
9.677419354838709964e-01
1.000000000000000000e+00
1.000000000000000000e+00
1.000000000000000000e+00
1.000000000000000000e+00
9.799999999999999822e-01
9.574468085106383475e-01
1.000000000000000000e+00
9.814814814814815103e-01
1.000000000000000000e+00
1.000000000000000000e+00
1.000000000000000000e+00
1.000000000000000000e+00
1.000000000000000000e+00
9.836065573770491621e-01
1.000000000000000000e+00
9.692307692307692291e-01
9.855072463768116409e-01
9.824561403508771384e-01
1.000000000000000000e+00
1.000000000000000000e+00
1.000000000000000000e+00
9.836065573770491621e-01
9.836065573770491621e-01
1.000000000000000000e+00
1.000000000000000000e+00
9.827586206896551380e-01
1.000000000000000000e+00
9.846153846153846700e-01
9.864864864864865135e-01
9.523809523809523281e-01
9.852941176470588758e-01
1.000000000000000000e+00
1.000000000000000000e+00
9.843750000000000000e-01
1.000000000000000000e+00
9.482758620689655249e-01
9.864864864864865135e-01
1.000000000000000000e+00
9.571428571428571841e-01
1.000000000000000000e+00
1.000000000000000000e+00
1.000000000000000000e+00
9.841269841269840724e-01
9.848484848484848619e-01
9.852941176470588758e-01
9.661016949152542166e-01
1.000000000000000000e+00
9.827586206896551380e-01
1.000000000000000000e+00
1.000000000000000000e+00
9.850746268656715987e-01
1.000000000000000000e+00
9.852941176470588758e-01
1.000000000000000000e+00
1.000000000000000000e+00
9.687500000000000000e-01
1.000000000000000000e+00
1.000000000000000000e+00
1.000000000000000000e+00
1.000000000000000000e+00
9.830508474576271638e-01
1.000000000000000000e+00
1.000000000000000000e+00
9.852941176470588758e-01
9.830508474576271638e-01
1.000000000000000000e+00
1.000000000000000000e+00
9.852941176470588758e-01
9.848484848484848619e-01
9.841269841269840724e-01
9.833333333333332815e-01
9.821428571428570953e-01
1.000000000000000000e+00
9.649122807017543879e-01
9.682539682539682557e-01
9.803921568627450567e-01
9.814814814814815103e-01
9.807692307692307265e-01
9.791666666666666297e-01
1.000000000000000000e+00
9.846153846153846700e-01
1.000000000000000000e+00
9.799999999999999822e-01
1.000000000000000000e+00
1.000000000000000000e+00
9.830508474576271638e-01
1.000000000000000000e+00
1.000000000000000000e+00
1.000000000000000000e+00
1.000000000000000000e+00
1.000000000000000000e+00
1.000000000000000000e+00
9.687500000000000000e-01
1.000000000000000000e+00
1.000000000000000000e+00
1.000000000000000000e+00
1.000000000000000000e+00
1.000000000000000000e+00
9.622641509433962348e-01
9.807692307692307265e-01
1.000000000000000000e+00
9.852941176470588758e-01
9.701492537313433084e-01
1.000000000000000000e+00
1.000000000000000000e+00
1.000000000000000000e+00
1.000000000000000000e+00
9.843750000000000000e-01
1.000000000000000000e+00
9.838709677419354982e-01
9.701492537313433084e-01
9.655172413793103869e-01
1.000000000000000000e+00
9.830508474576271638e-01
9.574468085106383475e-01
1.000000000000000000e+00
9.836065573770491621e-01
9.855072463768116409e-01
1.000000000000000000e+00
1.000000000000000000e+00
1.000000000000000000e+00
9.838709677419354982e-01
9.841269841269840724e-01
9.836065573770491621e-01
9.791666666666666297e-01
1.000000000000000000e+00
1.000000000000000000e+00
1.000000000000000000e+00
1.000000000000000000e+00
1.000000000000000000e+00
9.642857142857143016e-01
1.000000000000000000e+00
9.833333333333332815e-01
1.000000000000000000e+00
9.811320754716981174e-01
1.000000000000000000e+00
1.000000000000000000e+00
1.000000000000000000e+00
9.677419354838709964e-01
1.000000000000000000e+00
9.830508474576271638e-01
9.833333333333332815e-01
1.000000000000000000e+00
1.000000000000000000e+00
9.818181818181818121e-01
9.838709677419354982e-01
9.803921568627450567e-01
1.000000000000000000e+00
9.661016949152542166e-01
1.000000000000000000e+00
1.000000000000000000e+00
1.000000000000000000e+00
1.000000000000000000e+00
1.000000000000000000e+00
1.000000000000000000e+00
9.843750000000000000e-01
9.107142857142856984e-01
9.830508474576271638e-01
9.859154929577464976e-01
9.843750000000000000e-01
1.000000000000000000e+00
9.833333333333332815e-01
9.852941176470588758e-01
1.000000000000000000e+00
9.682539682539682557e-01
9.827586206896551380e-01
1.000000000000000000e+00
9.672131147540983243e-01
9.848484848484848619e-01
1.000000000000000000e+00
9.852941176470588758e-01
9.846153846153846700e-01
1.000000000000000000e+00
1.000000000000000000e+00
1.000000000000000000e+00
9.838709677419354982e-01
9.838709677419354982e-01
9.821428571428570953e-01
9.827586206896551380e-01
9.833333333333332815e-01
1.000000000000000000e+00
1.000000000000000000e+00
1.000000000000000000e+00
1.000000000000000000e+00
1.000000000000000000e+00
9.827586206896551380e-01
1.000000000000000000e+00
1.000000000000000000e+00
1.000000000000000000e+00
9.473684210526315264e-01
9.803921568627450567e-01
9.827586206896551380e-01
