7.894736842105263275e-01
9.242424242424241987e-01
8.035714285714286031e-01
8.833333333333333037e-01
8.644067796610169774e-01
8.333333333333333703e-01
9.322033898305084332e-01
8.550724637681159646e-01
9.454545454545454364e-01
8.852459016393442459e-01
7.966101694915254106e-01
9.827586206896551380e-01
7.878787878787878451e-01
9.122807017543859143e-01
8.709677419354838745e-01
9.137931034482759118e-01
8.709677419354838745e-01
8.688524590163934080e-01
8.840579710144927938e-01
8.448275862068965747e-01
