8.947368421052631637e-01
8.030303030303029832e-01
8.214285714285713969e-01
9.000000000000000222e-01
9.152542372881355970e-01
8.499999999999999778e-01
8.644067796610169774e-01
8.985507246376811530e-01
7.818181818181818565e-01
8.032786885245901676e-01
8.305084745762711940e-01
8.275862068965517127e-01
8.484848484848485084e-01
8.947368421052631637e-01
9.354838709677418818e-01
8.620689655172413257e-01
7.741935483870967527e-01
9.180327868852459217e-01
8.115942028985507761e-01
7.931034482758620996e-01
